410
415
416
417
418
419
421
424
425
427
429
431
436
437
438
439
442
443
444
449
453
534
539
543
548
549
553
554
557
558
559
562
563
565
566
569
570
575
576
577
665
667
670
671
676
677
680
685
688
689
693
698
882
2239
2957
2978
3139
3265
3270
3593
3933
4226
4469
4960
5557
5558
5566
5672
5673
5678
5682
5684
5685
5687
5689
5690
5693
5778
5796
5798
5800
5801
5802
5816
5819
5820
5914
5915
5919
5921
5922
5931
5934
5938
5939
5940
5944
6041
6042
6043
6044
6046
6047
6049
6053
6055
6056
6059
6061
6062
6064
6065
6066
6070
6071
6074
6164
6166
6169
6171
6180
6183
6185
6186
6190
6193
6302
6303
