2402
2664
3300
3301
3304
3307
3309
3310
3311
3313
3315
3317
3322
3421
3423
3429
3431
3433
3434
3435
3436
3440
3441
3444
3447
3449
3450
3451
3452
3535
3537
3538
3543
3548
3549
3550
3552
3555
3556
3557
3558
3559
3562
3563
3572
3575
3576
3578
3660
3663
3665
3669
3670
3672
3674
3681
3682
3684
3686
3687
3691
3693
3695
3696
3697
3698
3785
3786
3788
3791
3794
3798
3800
3804
3805
3806
3808
3816
3817
3819
3820
3875
3926
3929
3933
4159
4669
4957
6067
6310
6487
6721
6727
7136
7280
7643
7838
7877
8139
8297
8298
8302
8303
8307
8308
8312
8314
8315
8318
8416
8421
8422
8424
8426
8429
8434
8435
8437
8439
8443
8445
8540
8541
8544
8545
8549
8551
8552
8559
8562
8563
8567
8571
8573
8664
8665
8667
8672
8677
8682
8683
8685
8687
8692
8790
8803
8806
8814
8816
8823
8825
8916
8918
8921
8922
8924
8926
8932
8934
8935
8939
8941
8944
8945
8949
9039
9041
9044
9046
9047
9049
9051
9055
9056
9058
9063
9064
9066
9067
9068
9071
9072
9126
9168
9170
9174
9175
9176
9177
9180
9187
9188
9190
9193
9194
9297
9298
9306
9310
9311
9312
9318
9419
9423
9424
9427
9429
9430
9432
9438
9439
9440
9443
9444
9553
9560
9561
9675
9679
9683
9684
9685
9686
9687
9878
10002
10799
10800
10805
10809
10810
10920
10927
10928
10929
10931
10932
10936
10937
10939
10944
11050
11051
11052
11057
11059
11062
