587
952
963
1950
2196
2717
3059
3316
3441
4326
4713
4809
4813
4819
4829
4832
4834
4835
4839
4843
4935
4936
4937
4940
4944
4945
4946
4949
4950
4952
4954
4957
4958
4960
4963
4966
4967
4969
5051
5054
5056
5057
5060
5063
5065
5068
5070
5072
5073
5075
5079
5081
5082
5092
5093
5176
5177
5179
5183
5186
5187
5189
5192
5193
5198
5201
5202
5205
5207
5211
5213
5214
5216
5219
5220
5305
5306
5309
5312
5315
5316
5318
5322
5323
5326
5328
5332
5337
5338
5343
5344
5432
5436
5438
5439
5442
5444
5446
5447
5448
5450
5453
5454
5461
5463
5464
5466
5468
5470
5551
5552
5553
5556
5559
5562
5564
5566
5569
5571
5573
5575
5577
5579
5581
5582
5587
5591
5592
5594
5596
5676
5677
5679
5682
5688
5690
5691
5692
5696
5697
5700
5703
5704
5706
5707
5709
5710
5711
5714
5718
5803
5804
5806
5812
5819
5820
5821
5823
5824
5825
5826
5828
5829
5830
5831
5834
5835
5836
5837
5838
5938
5939
5945
5947
5953
5960
6059
6081
6170
6366
6717
10435
10686
11059
11090
11833
11835
11935
