540
586
869
1290
1297
2441
2939
3045
3046
3047
3052
3053
3054
3056
3057
3059
3060
3062
3064
3065
3067
3068
3069
3163
3165
3167
3168
3170
3173
3180
3183
3184
3185
3186
3188
3189
3190
3192
3197
3201
3288
3291
3292
3295
3300
3301
3305
3307
3308
3309
3314
3322
3323
3324
3325
3326
3415
3416
3417
3418
3419
3421
3422
3423
3425
3428
3429
3432
3437
3438
3440
3445
3446
3447
3450
3452
3537
3539
3540
3541
3542
3544
3545
3548
3551
3554
3555
3557
3558
3559
3560
3561
3562
3563
3564
3565
3567
3568
3569
3570
3574
3577
3578
3661
3663
3667
3670
3672
3673
3674
3676
3680
3685
3689
3691
3692
3693
3696
3697
3698
3700
3703
3784
3790
3792
3795
3798
3802
3803
3804
3806
3807
3808
3811
3812
3814
3815
3816
3817
3818
3820
3822
3827
3912
3918
3920
3929
3931
3934
3941
3943
3946
4043
4045
4046
4047
4049
4055
4057
4058
4060
4061
4062
4064
4066
4068
4159
5741
7757
7801
8080
8161
8328
8656
8810
8818
9307
9433
9495
9548
9552
9560
9563
9674
9677
9679
9680
9682
9685
9687
9688
9794
9796
9797
9798
9800
9801
9804
9806
9810
9812
9813
9815
9816
9817
9818
9821
9915
9917
9919
9926
9927
9929
9931
9933
9937
9938
9940
9942
9944
9945
9947
9980
10040
10043
10051
10052
10053
10054
10056
10058
10060
10061
10063
10064
10067
10071
10073
10166
10172
10173
10183
10185
10189
10190
10197
10199
10290
10300
10302
10305
10307
10317
10320
10321
10419
10433
10435
10443
10445
