1093
1610
2196
2699
2806
3678
4943
5187
5190
5195
5196
5202
5203
5206
5208
5249
5311
5316
5317
5321
5325
5330
5331
5333
5336
5442
5444
5450
5451
5454
5457
5461
5466
5544
5558
5560
5565
5567
5569
5570
5571
5574
5583
5586
5587
5589
5591
5592
5678
5683
5684
5685
5689
5694
5696
5697
5704
5705
5802
5806
5807
5809
5810
5813
5817
5818
5821
5822
5826
5827
5829
5830
5832
5835
5838
5842
5926
5927
5928
5931
5932
5933
5934
5935
5941
5943
5945
5948
5952
5953
5954
5957
5959
5961
5965
5966
5967
5969
5971
6051
6053
6056
6058
6060
6061
6062
6063
6064
6065
6069
6071
6074
6075
6078
6079
6086
6087
6093
6094
6179
6180
6182
6188
6190
6193
6983
7054
7333
7442
10288
10455
10558
10807
10828
11032
11337
11440
12192
