806
809
998
2268
2436
2706
2916
3048
3050
3056
3057
3059
3062
3064
3133
3167
3168
3169
3175
3176
3178
3179
3181
3182
3184
3187
3194
3195
3197
3199
3288
3294
3295
3297
3298
3300
3304
3308
3310
3311
3312
3315
3316
3317
3318
3319
3320
3323
3325
3410
3417
3422
3423
3425
3426
3432
3433
3436
3439
3440
3442
3444
3450
3509
3537
3538
3543
3544
3546
3551
3553
3554
3555
3557
3561
3563
3564
3567
3568
3573
3574
3576
3577
3579
3659
3663
3668
3670
3673
3675
3678
3679
3681
3685
3688
3692
3697
3698
3699
3701
3703
3784
3785
3786
3793
3794
3796
3797
3807
3810
3812
3814
3815
3816
3817
3818
3820
3823
3887
3916
3919
3927
3929
3930
3932
3933
3934
3937
3938
3939
3943
4048
4051
4053
4054
4055
4056
4057
4063
4065
4414
4446
4949
5059
5425
6556
6558
6559
6677
6683
