57
400
693
923
1989
2386
2579
3208
3424
3425
3430
3431
3433
3437
3439
3539
3544
3546
3547
3549
3551
3553
3554
3555
3557
3560
3561
3563
3565
3566
3567
3568
3573
3661
3664
3669
3671
3673
3674
3678
3686
3687
3690
3691
3694
3698
3700
3785
3788
3791
3792
3798
3802
3804
3805
3806
3808
3809
3812
3813
3818
3827
3874
3915
3917
3918
3925
3927
3928
3930
3939
3943
3944
3946
3949
3952
3953
3954
4036
4040
4043
4044
4047
4050
4051
4054
4057
4058
4060
4062
4064
4066
4068
4070
4075
4076
4164
4165
4167
4170
4174
4175
4183
4187
4189
4191
4192
4193
4194
4195
4197
4199
4200
4269
4291
4293
4294
4295
4299
4302
4304
4310
4311
4315
4318
4322
4419
4421
4422
4423
4430
4436
4438
4441
4442
4444
4553
4554
4555
4556
4558
4564
4678
4680
4684
4688
4773
5075
5630
5978
6187
6536
6784
6928
6930
6932
