693
710
806
944
2587
3205
3836
4943
5186
5187
5193
5195
5196
5199
5305
5308
5316
5320
5321
5325
5327
5328
5432
5437
5438
5439
5440
5443
5452
5454
5459
5463
5466
5554
5559
5560
5562
5563
5566
5569
5570
5571
5574
5578
5584
5590
5591
5680
5686
5687
5688
5689
5690
5692
5697
5700
5703
5704
5706
5712
5715
5802
5804
5807
5808
5822
5823
5826
5827
5828
5830
5831
5835
5839
5840
5843
5844
5928
5929
5930
5931
5935
5936
5937
5938
5941
5943
5944
5947
5948
5951
5952
5953
5954
5957
5958
5959
5963
5970
6053
6056
6057
6058
6059
6060
6061
6062
6064
6065
6066
6067
6069
6070
6075
6082
6084
6089
6090
6092
6182
6183
6186
6188
6193
6195
6393
7457
10437
11323
11432
12570
