494
648
1039
1406
2175
2176
2185
2186
2187
2191
2193
2194
2296
2297
2298
2299
2301
2307
2308
2314
2317
2426
2430
2432
2433
2435
2438
2942
3672
3675
3677
3680
3681
3685
3693
3694
3791
3794
3795
3796
3800
3801
3802
3803
3805
3806
3807
3808
3810
3811
3813
3818
3819
3826
3830
3912
3916
3923
3929
3932
3933
3935
3937
3938
3940
3942
3952
4038
4039
4042
4044
4049
4050
4051
4052
4056
4062
4064
4066
4068
4072
4073
4087
4091
5449
5544
5931
5932
5934
5938
6043
6044
6047
6048
6050
6054
6061
6063
6163
6164
6168
6170
6172
6175
6178
6179
6180
6182
6183
6184
6185
6189
6191
6196
6198
