228
817
851
953
1053
1289
1318
1539
1737
2181
2461
2755
2899
3228
3537
3539
3540
3550
3551
3552
3558
3560
3564
3566
3567
3568
3570
3571
3663
3664
3665
3666
3667
3670
3673
3674
3677
3680
3686
3688
3689
3693
3695
3696
3699
3785
3789
3791
3794
3799
3800
3804
3807
3814
3816
3819
3823
3824
3825
3828
3909
3911
3913
3914
3916
3918
3919
3921
3922
3923
3926
3930
3931
3933
3936
3937
3938
3939
3940
3941
3942
3947
3953
4035
4038
4040
4043
4044
4045
4047
4048
4049
4051
4054
4058
4062
4063
4064
4065
4069
4073
4164
4169
4171
4175
4186
4189
4190
4192
4193
4196
4292
4293
4297
4298
4303
4305
4306
4313
4315
4317
4318
4320
4421
4424
4427
4437
4440
4790
4996
5087
5258
5512
6701
6838
7291
7757
7926
7929
7931
7934
7936
7937
7938
7943
8042
8043
8044
8047
8049
8050
8053
8056
8057
8059
8060
8062
8063
8064
8067
8166
8170
8171
8173
8174
8175
8178
8180
8181
8187
8188
8189
8191
8196
8197
8216
8250
8290
8295
8298
8299
8302
8304
8309
8310
8312
8313
8316
8416
8418
8420
8422
8424
8426
8427
8428
8430
8431
8434
8437
8438
8441
8443
8444
8547
8549
8551
8559
8561
8563
8565
8572
8666
8669
8672
8673
8675
8677
8679
8680
8681
8682
8684
8685
8688
8689
8690
8712
8794
8797
8799
8800
8806
8809
8810
8812
8819
8921
8924
8926
8927
8928
8929
8930
8931
8932
8933
8934
8935
8936
8938
8939
8940
9047
9051
9055
9058
9060
9062
9064
9066
9178
9179
9180
9181
9184
9186
