1082
1234
2212
2319
2458
2809
2835
3585
4931
5074
5078
5081
5189
5192
5311
5312
5314
5317
5320
5322
5323
5324
5327
5330
5331
5334
5335
5436
5437
5439
5441
5449
5450
5451
5457
5460
5557
5558
5565
5566
5567
5569
5570
5575
5577
5580
5582
5583
5584
5585
5591
5593
5678
5681
5682
5691
5693
5694
5695
5696
5697
5702
5705
5710
5712
5714
5718
5807
5812
5815
5817
5819
5821
5822
5823
5825
5826
5828
5831
5834
5835
5836
5837
5839
5842
5926
5937
5939
5940
5941
5943
5944
5945
5946
5948
5951
5952
5955
5956
5957
5958
5959
5963
5964
5969
6053
6055
6056
6058
6059
6060
6064
6065
6070
6071
6072
6075
6079
6080
6084
6085
6090
6094
6111
6180
6182
6183
6185
6188
6193
6194
7826
8291
8451
8533
10451
11184
11201
12196
12581
