1215
2192
2811
2864
3691
5081
5188
5189
5192
5194
5196
5198
5199
5202
5203
5206
5207
5216
5308
5319
5321
5322
5330
5433
5437
5451
5456
5458
5459
5464
5556
5560
5562
5565
5569
5570
5578
5579
5585
5586
5588
5590
5591
5678
5682
5686
5687
5688
5690
5692
5693
5694
5695
5697
5698
5702
5703
5704
5705
5706
5708
5710
5714
5773
5808
5809
5810
5812
5815
5816
5823
5824
5825
5826
5828
5831
5832
5844
5845
5930
5931
5932
5933
5935
5937
5938
5939
5941
5943
5944
5946
5948
5949
5952
5953
5954
5955
5959
5961
5968
5970
5997
6051
6059
6061
6062
6066
6071
6072
6073
6074
6075
6079
6081
6082
6086
6090
6188
6189
6190
6192
6193
6351
7469
7637
8311
10204
10583
11074
11441
11454
11572
12306
12459
