180
347
740
1059
1109
1514
1543
1544
1547
1550
1553
1554
1555
1557
1558
1559
1562
1564
1567
1569
1572
1575
1659
1662
1663
1669
1670
1672
1673
1674
1676
1680
1682
1688
1689
1693
1698
1702
1733
1784
1785
1787
1800
1806
1807
1813
1814
1816
1817
1820
1826
1866
1911
1913
1917
1918
1922
1924
1930
1936
1938
1939
1943
1944
1949
1950
2624
3304
3324
3544
3546
3550
3551
3553
3554
3555
3558
3561
3564
3565
3566
3569
3571
3665
3667
3669
3670
3671
3674
3676
3682
3685
3690
3696
3698
3700
3787
3789
3797
3800
3809
3812
3814
3816
3821
3822
3825
3826
3827
3828
3910
3911
3913
3915
3922
3923
3931
3934
3935
3941
3948
3950
3953
4037
4038
4039
4040
4041
4043
4044
4047
4048
4049
4052
4055
4058
4060
4062
4063
4067
4074
4100
4165
4166
4172
4173
4174
4175
4178
4182
4185
4188
4191
4194
4195
4196
4263
4275
4280
4291
4294
4295
4297
4301
4302
4303
4314
4420
4434
4466
4720
4739
4743
4831
4926
5103
5239
5496
5503
5638
5682
5750
6065
6298
6303
6304
6306
6308
6310
6313
6387
6398
6411
6413
6416
6419
6422
6424
6429
6436
6437
6438
6440
6447
6452
6497
6535
6536
6537
6538
6540
6541
6543
6544
6545
6546
6550
6551
6554
6556
6558
6560
6562
6563
6564
6566
6567
6574
6578
6597
6661
6667
6668
6673
6676
6679
6680
6682
6685
6687
6689
6692
6695
6699
6701
6788
6793
6796
6797
6798
6800
6805
6808
6810
6812
6815
6821
6928
6929
6930
6933
7224
7269
7596
8050
8056
8057
8059
8173
8182
8184
8190
8192
8222
8293
8294
8296
8303
8304
8305
8306
8307
8311
8313
8314
8321
8380
8415
8417
8420
8421
8423
8425
8426
8428
8431
8435
8436
8442
8444
8445
8448
8538
8539
8542
8544
8545
8547
8553
8554
8555
8556
8557
8561
8562
8564
8565
8569
8570
8576
8662
8663
8664
8665
8668
8674
8676
8680
8682
8683
8684
8687
8690
8692
8697
8701
8795
8797
8799
8803
8809
8811
8812
8813
8814
8819
8820
8850
8916
8925
8927
8929
8931
8932
8934
8935
8936
8939
8941
8942
8944
8945
8948
8949
8950
8952
9038
9043
9046
9047
9053
9054
9056
9061
9063
9064
9065
9068
9147
9162
9168
9170
9171
9174
9184
9185
9187
9189
9190
9193
9194
9197
9198
9199
9288
9291
9293
9294
9301
9302
9306
9310
9312
9313
9314
9315
9316
9317
9412
9415
9416
9417
9420
9429
9430
9440
9443
9445
9447
9542
9545
9547
9548
9549
9550
9554
9563
9565
9566
9567
9570
9665
9680
9681
9682
9683
9684
9687
9691
9696
9796
9798
9800
9802
9807
9809
9810
9811
9813
9815
9816
9817
10027
10154
10904
10965
11003
11172
11173
11174
11180
11183
11186
11188
11190
11193
11194
11195
11249
11253
11289
11294
11296
11298
11299
11301
11305
11307
11311
11312
11314
11315
11319
11320
11419
11423
11426
11428
11430
11432
11434
11439
11440
11443
11445
11549
11559
