95
101
418
677
1011
1028
1438
2075
2298
2401
2465
3542
3546
3547
3550
3551
3555
3556
3557
3564
3568
3569
3666
3670
3674
3678
3680
3684
3687
3688
3690
3691
3692
3693
3696
3792
3793
3795
3798
3803
3806
3808
3809
3813
3814
3819
3822
3823
3824
3825
3827
3909
3912
3913
3916
3917
3920
3921
3923
3924
3925
3929
3932
3933
3934
3935
3939
3941
3947
3950
3952
4040
4046
4047
4050
4054
4056
4062
4065
4069
4071
4167
4170
4173
4174
4177
4181
4182
4184
4185
4193
4304
4313
5123
6089
6228
6258
7772
10046
10047
10054
10056
10057
10058
10059
10060
10062
10064
10068
10164
10165
10171
10174
10175
10176
10178
10180
10182
10186
10188
10190
10191
10192
10193
10194
10195
10199
10200
10201
10285
10287
10288
10291
10292
10295
10297
10301
10304
10305
10307
10309
10310
10315
10316
10321
10323
10324
10327
10411
10414
10415
10417
10418
10422
10423
10425
10427
10429
10432
10434
10436
10437
10442
10445
10446
10447
10496
10543
10545
10547
10548
10550
10551
10554
10559
10560
10561
