1152
1511
1535
1567
1879
1979
2119
2707
3423
3546
3547
3559
3561
3562
3668
3672
3673
3674
3675
3676
3681
3683
3684
3685
3688
3693
3788
3789
3790
3795
3797
3803
3805
3806
3812
3813
3816
3817
3820
3821
3822
3825
3826
3828
3916
3918
3926
3928
3929
3931
3932
3935
3937
3941
3945
3946
3949
3952
3953
4040
4041
4042
4043
4044
4046
4049
4051
4052
4055
4061
4063
4064
4067
4171
4172
4174
4182
4183
4185
4188
4189
4191
4632
5400
5832
6109
6460
6594
6650
7298
7441
7709
7772
8059
8931
8932
8941
9048
9049
9051
9055
9058
9061
9062
9063
9065
9166
9168
9169
9170
9171
9172
9173
9174
9177
9183
9184
9186
9190
9193
9194
9289
9291
9293
9295
9297
9298
9300
9302
9304
9305
9307
9308
9311
9312
9313
9319
9323
9416
9417
9418
9422
9423
9427
9431
9432
9433
9436
9438
9440
9445
9447
9448
9539
9550
9551
9552
9553
9555
9557
9558
9562
9565
9567
9575
9664
9665
9670
9672
9678
9680
9682
9683
9684
9685
9686
9688
9689
9691
9695
9696
9697
9789
9798
9799
9801
9802
9803
9804
9807
9808
9815
9816
9819
9821
9875
9915
9921
9922
9924
9928
9930
9931
9933
9934
9938
9939
11047
11051
11052
11053
11054
11055
11056
11058
11059
11060
11063
11172
11175
11179
11181
11183
11189
11190
