265
306
567
1594
1878
1966
2240
2607
2663
3143
3605
3678
3679
3681
3684
3689
3790
3792
3800
3806
3808
3809
3811
3813
3814
3817
3818
3819
3820
3914
3915
3926
3927
3929
3933
3940
3944
3949
3950
3951
3952
4035
4036
4038
4044
4046
4052
4053
4057
4058
4062
4063
4064
4065
4066
4067
4068
4072
4075
4076
4078
4079
4096
4162
4163
4165
4166
4168
4169
4170
4171
4173
4175
4178
4182
4184
4187
4190
4192
4194
4195
4198
4199
4201
4203
4285
4286
4288
4289
4295
4297
4300
4301
4304
4305
4307
4311
4315
4318
4319
4320
4323
4408
4411
4416
4417
4425
4430
4435
4436
4442
4444
4447
4450
4453
4534
4535
4539
4542
4544
4548
4549
4552
4557
4558
4562
4564
4565
4567
4568
4569
4572
4573
4575
4660
4664
4665
4666
4667
4671
4672
4673
4676
4677
4679
4680
4683
4684
4685
4696
4699
4703
4786
4787
4789
4790
4793
4801
4806
4807
4808
4809
4811
4813
4815
4816
4821
4824
4826
4913
4918
4920
4921
4922
4925
4926
4927
4928
4933
4935
4937
4940
4942
4946
4947
5047
5049
5053
5056
5059
5061
5062
5065
5067
5171
5175
5178
5179
5181
5182
5190
5298
5301
5308
5309
5312
5316
5422
5424
5432
5433
5438
6377
6544
6858
7325
7481
8335
8552
8619
9489
9548
9651
9755
9926
10231
10247
10278
10297
10299
10301
10310
10312
10313
10319
10417
10420
10423
10424
10426
10427
10432
10440
10441
10442
10542
10547
10550
10551
10552
10557
10558
10563
10568
10569
10572
10573
10651
10663
10668
10671
10675
10677
10678
10680
10684
10689
10690
10698
10699
10790
10795
10802
10805
10807
10813
10819
10820
10821
10923
10925
10928
10932
10935
10939
