116
289
428
431
432
435
437
438
552
907
1084
1229
1296
1405
1617
1761
2086
2326
2859
3122
3797
3798
3800
3806
3807
3810
3812
3816
3820
3860
3914
3919
3920
3923
3924
3925
3926
3927
3928
3930
3936
3937
3938
3940
3943
3944
3948
3950
4036
4037
4039
4040
4041
4047
4052
4054
4056
4060
4062
4063
4065
4071
4072
4073
4161
4164
4168
4171
4173
4175
4176
4178
4179
4181
4182
4183
4184
4185
4186
4189
4193
4194
4196
4286
4289
4294
4301
4303
4304
4308
4310
4312
4314
4315
4322
4323
4327
4410
4415
4416
4419
4420
4425
4427
4428
4429
4440
4442
4443
4444
4447
4448
4450
4451
4535
4539
4541
4543
4546
4547
4548
4550
4551
4554
4557
4558
4563
4564
4565
4566
4569
4570
4571
4574
4575
4576
4661
4663
4664
4665
4666
4667
4670
4673
4674
4676
4678
4679
4681
4683
4685
4688
4689
4692
4694
4697
4699
4700
4702
4770
4787
4788
4791
4792
4796
4799
4800
4801
4802
4804
4805
4808
4809
4815
4817
4818
4819
4821
4918
4919
4925
4928
4929
4931
4934
4935
5238
5622
5671
6004
7014
7213
7291
7606
7690
7782
7837
8425
8427
8428
8430
8433
8439
8440
8543
8550
8552
8560
8561
8562
8565
8567
8570
8668
8669
8670
8671
8672
8674
8680
8682
8684
8685
8686
8687
8693
8694
8695
8779
8794
8796
8797
8806
8809
8810
8812
8813
8816
8817
8867
8918
8919
8920
8926
8927
8929
8930
8934
8939
8940
8945
8947
9010
9040
9043
9045
9048
9049
9051
9053
9061
9064
9065
9066
9067
9068
9069
9072
9091
9165
9167
9168
9169
9170
9176
9177
9182
9183
9192
9193
9194
9195
9197
9293
9300
9303
9305
9308
9309
9310
9312
9314
9315
9316
9419
9420
9421
9424
9428
9432
9437
9438
9440
9442
9443
9545
9556
9557
9563
9564
9565
9566
9666
9669
9678
9679
9683
9684
9689
9691
9796
9799
9801
9803
9806
9811
9815
