398
1210
1250
1557
1658
2221
2311
2683
2971
3144
3405
3793
3794
3799
3804
3805
3813
3814
3815
3816
3818
3913
3914
3916
3919
3920
3921
3922
3927
3931
3932
3934
3941
3942
3945
3951
4047
4050
4056
4057
4058
4059
4061
4064
4065
4066
4074
4079
4159
4174
4176
4177
4182
4189
4191
4192
4193
4195
4197
4198
4200
4203
4286
4292
4297
4299
4301
4310
4313
4318
4336
4410
4412
4413
4415
4425
4432
4436
4437
4438
4449
4450
4452
4453
4535
4536
4541
4543
4546
4548
4550
4551
4552
4553
4556
4558
4559
4565
4566
4569
4570
4573
4576
4660
4665
4666
4667
4670
4672
4676
4677
4678
4679
4681
4682
4683
4685
4687
4688
4693
4696
4701
4786
4787
4788
4790
4798
4801
4803
4805
4806
4809
4811
4815
4816
4820
4821
4822
4823
4863
4920
4923
4926
4927
4930
4931
4932
4934
4938
5051
5053
5054
5058
