351
1038
1549
1880
2290
2425
2432
2544
2547
2548
2550
2553
2558
2559
2564
2565
2567
2675
2676
2677
2678
2680
2687
2689
3349
3460
3506
3623
3935
3936
3944
3954
4031
4042
4045
4046
4048
4052
4053
4055
4056
4057
4060
4061
4062
4063
4064
4070
4071
4072
4159
4160
4161
4166
4168
4171
4172
4174
4178
4179
4186
4189
4190
4192
4286
4290
4291
4294
4297
4299
4300
4302
4306
4313
4315
4318
4322
4323
4326
4356
4413
4416
4418
4419
4421
4428
4431
4432
4433
4435
4436
4437
4438
4441
4442
4444
4537
4538
4543
4545
4547
4549
4550
4552
4554
4555
4556
4559
4560
4566
4567
4570
4572
4664
4665
4666
4668
4675
4676
4679
4680
4682
4686
4687
4689
4690
4691
4692
4693
4695
4788
4793
4795
4796
4798
4800
4803
4806
4809
4813
5094
5395
6182
6185
6191
6192
6196
6292
6294
6296
6297
6300
6306
6307
6308
6310
6312
6314
6318
6321
6322
6323
6324
6326
6421
6422
6424
6426
6427
