410
413
418
419
422
425
426
427
432
433
434
436
439
444
446
542
545
546
552
555
557
559
564
944
982
1427
1677
1678
1686
1709
1728
1790
1801
1805
1806
1807
1811
1813
1814
1911
1913
1917
1920
1930
1933
1934
1935
1941
1942
1943
1946
1947
1950
2037
2039
2040
2044
2045
2047
2048
2053
2054
2056
2057
2058
2063
2070
2072
2074
2075
2076
2077
2173
2174
2176
2177
2180
2181
2182
2184
2186
2187
2226
2248
2295
2296
2297
2300
2301
2339
2579
2748
2751
2815
2923
3114
3156
3311
3446
3478
3915
3916
3923
3924
3925
3927
3930
3931
3932
3935
3936
3937
3938
3940
3941
3945
3954
4043
4046
4047
4048
4051
4054
4055
4056
4061
4067
4068
4069
4074
4076
4160
4161
4166
4169
4170
4171
4176
4177
4178
4180
4184
4185
4186
4187
4188
4189
4191
4199
4201
4203
4204
4284
4287
4291
4293
4294
4297
4298
4299
4302
4303
4304
4308
4309
4311
4313
4318
4323
4324
4326
4327
4328
4413
4425
4427
4429
4430
4432
4439
4441
4443
4450
4451
4453
4541
4542
4543
4547
4549
4550
4551
4552
4553
4555
4560
4563
4564
4566
4573
4662
4665
4668
4671
4672
4673
4674
4675
4676
4677
4678
4682
4685
4686
4687
4691
4692
4696
4699
4786
4791
4794
4795
4796
4799
4800
4804
4805
4808
4811
4813
4814
4817
4821
4856
4908
4919
4920
4926
4927
4928
4930
4987
5277
5338
5383
5398
5459
5556
5954
6145
6428
6438
6439
6539
6541
6543
6553
6554
6555
6556
6557
6558
6560
6565
6566
6567
6573
6645
6663
6671
6674
6675
6677
6678
6679
6680
6681
6683
6685
6687
6688
6689
6691
6692
6701
6787
6788
6793
6798
6799
6800
6804
6807
6808
6813
6816
6817
6819
6820
6822
6826
6827
6913
6915
6918
6920
6921
6924
6926
6928
6930
6932
6933
6934
6937
6938
6939
6943
6944
6946
6947
6948
6950
6951
7039
7040
7050
7051
7053
7054
7060
7062
7066
7070
7073
7145
7181
7182
7185
7272
7543
7557
7563
7757
8250
8458
8578
8639
8798
8799
8804
8806
8807
8883
8921
8922
8924
8925
8926
8928
8930
8931
8934
8935
8939
8942
8944
8945
8946
9044
9045
9046
9049
9050
9051
9057
9059
9060
9063
9065
9068
9069
9071
9165
9171
9172
9175
9178
9182
9183
9184
9187
9188
9190
9196
9197
9212
9287
9291
9292
9293
9295
9296
9297
9298
9302
9303
9304
9305
9310
9312
9314
9319
9320
9325
9349
9358
9414
9416
9423
9427
9429
9433
9437
9438
9441
9445
9447
9449
9536
9537
9540
9543
9552
9554
9555
9559
9562
9565
9567
9569
9585
9663
9665
9668
9670
9671
9673
9674
9676
9677
9678
9679
9686
9688
9698
9701
9702
9775
9788
9790
9793
9797
9799
9800
9802
9803
9813
9815
9817
9819
9820
9850
9914
9916
9923
9927
9928
9931
9932
9935
9944
9947
9948
9949
10040
10041
10043
10044
10049
10051
10054
10057
10058
10067
10094
10158
10295
10582
11205
11295
11303
11305
11307
11312
11317
11415
11418
11421
11422
11424
11425
11426
11429
11433
11435
11439
11442
11445
11449
11527
11539
11540
11541
11544
11545
11549
11554
11555
11558
11562
11566
11567
11568
11574
11665
11666
11667
11668
11670
11671
11674
11678
11680
11683
11684
11686
11689
11693
11694
11695
