412
413
415
416
417
419
420
423
426
429
434
436
437
444
448
453
499
535
536
537
538
539
541
544
547
549
554
555
560
561
562
564
565
566
568
569
571
573
575
659
660
664
665
666
667
669
670
671
672
675
678
680
683
685
687
688
689
690
693
697
701
788
790
791
794
797
801
805
806
809
810
812
814
815
821
824
913
921
924
925
928
931
934
935
937
938
941
946
971
1047
1050
1057
1275
1477
1607
1934
2311
2364
2554
5533
5740
5840
5931
5932
5933
5937
6044
6045
6048
6050
6055
6056
6057
6059
6063
6067
6069
6168
6169
6171
6174
6175
6177
6179
6180
6183
6184
6192
6197
6221
6291
6295
6296
6298
6303
6309
6310
6315
6316
6317
6319
6320
6420
6421
6422
6425
6428
6437
