63
144
334
427
432
549
601
672
779
2010
2094
2359
2381
3376
3497
4137
4171
4174
4184
4185
4190
4192
4292
4293
4294
4296
4299
4301
4302
4306
4308
4310
4321
4322
4417
4418
4424
4426
4427
4428
4431
4433
4436
4437
4438
4442
4443
4448
4449
4450
4537
4540
4542
4543
4544
4547
4548
4550
4551
4552
4553
4554
4558
4559
4560
4562
4563
4566
4572
4662
4665
4666
4669
4671
4672
4673
4676
4678
4686
4687
4689
4692
4700
4789
4790
4796
4797
4798
4799
4800
4801
4802
4803
4804
4805
4806
4809
4810
4813
4815
4818
4819
4824
4911
4913
4915
4916
4919
4923
4927
4929
4930
4933
4936
4950
4951
5047
5050
5052
5071
5073
5074
5165
5179
5180
5181
5184
5185
5186
5188
5190
5192
5196
5197
5290
5291
5292
5293
5295
5296
5298
5299
5301
5302
5305
5306
5312
5322
5416
5425
5427
5428
5429
5432
5436
5440
5443
5546
5552
5556
5557
5558
5559
5561
6308
8094
8344
9945
9951
10173
10177
10179
10185
10188
10191
10195
10203
10289
10294
10295
10296
10301
10302
10303
10307
10308
10313
10315
10317
10318
10322
10414
10417
10418
10420
10424
10425
10429
10432
10433
10436
10437
10438
10441
10442
10443
10444
10447
10461
10476
10533
10550
10551
10552
11423
11425
11427
11430
11431
11437
11439
11543
11545
11547
11552
11555
11556
11559
11561
11562
11564
11566
11668
11671
11673
11674
11678
11679
11680
11682
