447
820
1317
1558
1700
2285
3197
3717
3835
4950
5236
5439
6305
6307
6313
6314
6316
6319
6326
6328
6332
6335
6341
6426
6427
6428
6430
6433
6434
6437
6438
6442
6443
6444
6445
6446
6447
6449
6450
6452
6453
6458
6460
6463
6464
6465
6553
6559
6561
6563
6565
6567
6570
6571
6572
6575
6576
6577
6579
6581
6587
6588
6589
6590
6677
6678
6679
6680
6681
6682
6688
6689
6693
6695
6698
6701
6702
6705
6707
6710
6715
6716
6764
6804
6807
6817
6822
7385
7715
8688
9319
9509
11192
11837
12061
12063
