335
405
487
555
557
558
651
676
678
680
681
683
684
685
1111
1264
1679
2069
2128
2210
2276
2913
3578
3924
3995
4046
4047
4048
4049
4054
4063
4066
4170
4171
4172
4173
4175
4177
4178
4182
4183
4186
4188
4189
4191
4192
4193
4194
4195
4197
4291
4293
4294
4296
4297
4298
4301
4304
4309
4310
4312
4319
4321
4323
4324
4326
4409
4410
4420
4424
4426
4427
4428
4430
4431
4434
4440
4444
4445
4446
4449
4450
4451
4452
4530
4535
4536
4538
4540
4543
4544
4545
4548
4549
4552
4553
4554
4555
4557
4558
4560
4564
4565
4568
4571
4573
4574
4575
4576
4577
4578
4660
4664
4666
4667
4669
4671
4672
4674
4675
4676
4678
4680
4686
4689
4690
4699
4701
4702
4703
4787
4788
4791
4797
4798
4799
4801
4804
4805
4807
4808
4810
4811
4816
4820
4821
4823
4829
4910
4916
4919
4922
4927
4929
4931
4933
4936
4938
4940
4942
4943
4947
4952
5041
5042
5044
5050
5052
5053
5055
5057
5059
5061
5065
5071
5074
5161
5163
5167
5182
5183
5191
5192
5193
5194
5197
5198
5199
5201
5290
5292
5295
5300
5301
5308
5312
5313
5319
5324
5412
5414
5420
5422
5424
5425
5428
5429
5432
5440
5442
5444
5445
5446
5447
5450
5546
5548
5553
5555
5559
5561
5565
5566
5567
5568
5570
5571
5572
5668
5670
5675
5679
5683
5684
5688
5689
5693
5696
5799
5802
5804
5806
5807
5811
5943
6016
6728
7076
7208
7688
8086
8122
8403
8405
9174
9175
9179
9184
9186
9187
9190
9200
9294
9303
9309
9314
9316
9422
9423
9425
9429
9431
9432
9439
9440
9443
9544
9547
9552
9554
9555
9561
9562
9564
9565
9628
9667
9668
9669
9670
9675
9676
9677
9678
9681
9682
9684
9686
9690
9691
9693
9717
9790
9792
9793
9794
9795
9799
9801
9803
9808
9809
9810
9811
9813
9815
9816
9817
9820
9917
9921
9923
9928
9929
9930
9932
9935
9938
9940
9941
9942
9943
9944
9946
9947
10049
10058
10059
10065
10068
10069
10179
10181
10182
10186
10187
