949
955
1188
1451
1593
6305
6308
6311
6316
6317
6319
6321
6323
6326
6327
6329
6334
6338
6339
6426
6428
6434
6435
6440
6442
6443
6445
6446
6447
6449
6450
6455
6456
6457
6460
6461
6462
6464
6465
6469
6555
6563
6564
6568
6569
6570
6572
6573
6575
6578
6579
6584
6585
6587
6589
6592
6593
6595
6677
6680
6681
6684
6685
6687
6688
6692
6693
6699
6704
6706
6707
6710
6712
6715
6716
6808
6811
6816
6817
6819
6820
6826
6837
7528
7839
8559
8578
8837
9208
9696
11320
11798
11837
12061
