107
703
828
912
1055
1114
1295
1469
1711
2536
2718
2752
2777
2862
2941
3285
3312
3528
3960
4041
4044
4045
4046
4051
4053
4059
4060
4061
4072
4166
4167
4168
4172
4176
4177
4178
4179
4180
4183
4184
4185
4187
4190
4192
4193
4197
4199
4289
4293
4310
4415
4417
4420
4421
4422
4423
4425
4430
4431
4432
4434
4438
4448
4451
4536
4540
4543
4545
4546
4547
4550
4554
4556
4560
4565
4569
4571
4577
4607
4659
4661
4666
4668
4670
4677
4679
4681
4683
4685
4686
4690
4697
4700
4701
4712
4785
4787
4790
4792
4799
4800
4801
4803
4805
4806
4809
4810
4811
4814
4815
4818
4821
4822
4913
4914
4915
4917
4918
4921
4923
4925
4929
4932
4935
4936
4938
4942
4943
4949
4951
5039
5041
5042
5049
5050
5051
5053
5057
5068
5075
5077
5160
5162
5164
5166
5173
5174
5175
5176
5177
5181
5182
5183
5184
5187
5190
5191
5192
5193
5196
5197
5289
5293
5294
5297
5298
5299
5300
5302
5304
5306
5308
5316
5321
5323
5324
5325
5327
5412
5414
5417
5422
5423
5424
5428
5434
5439
5440
5446
5449
5450
5451
5452
5537
5543
5544
5545
5551
5552
5556
5557
5558
5559
5560
5564
5565
5566
5570
5571
5575
5576
5663
5665
5666
5671
5672
5675
5680
5681
5686
5688
5689
5692
5694
5695
5697
5791
5792
5793
5794
5797
5799
5800
5806
5808
5809
5810
5811
5812
5813
5815
5817
5820
6105
6160
6161
6272
6308
6407
6647
6649
7119
7349
8248
8928
9272
9358
10304
10320
10481
10549
10553
10558
10560
10561
10562
10564
10665
10667
10671
10672
10673
10680
10684
10687
10691
10695
10793
10798
10803
10804
10805
10806
10808
10809
10811
10817
10818
10819
10820
10822
10916
10919
10925
10930
10931
10932
10934
10935
10938
10939
10946
10947
10949
11041
11044
11049
11051
11052
11055
11063
11066
11069
11070
11174
11179
11187
