690
1943
3320
3438
3581
4678
4950
6310
6314
6318
6319
6320
6325
6329
6330
6331
6334
6339
6340
6341
6429
6433
6435
6439
6441
6442
6444
6445
6448
6449
6455
6456
6458
6459
6460
6462
6465
6468
6469
6551
6555
6557
6560
6564
6567
6568
6569
6570
6571
6572
6573
6576
6577
6579
6581
6590
6592
6593
6594
6677
6679
6682
6685
6695
6696
6698
6699
6709
6710
6711
6712
6714
6715
6808
6812
6814
6815
6816
6817
6818
6819
6822
6823
6824
6942
7590
8341
8438
8558
11951
12193
