168
540
547
918
1503
1550
1551
1553
1554
1557
1600
1671
1677
1678
1681
1682
1684
1685
1689
1764
1793
1797
1798
1802
1803
1805
1810
1811
1919
1923
1924
1925
1933
1934
1936
1937
2191
2276
2437
2444
2509
3290
3346
3602
3935
3936
4043
4050
4052
4054
4058
4059
4068
4100
4163
4164
4166
4170
4171
4173
4181
4195
4196
4198
4200
4212
4290
4291
4292
4293
4298
4304
4306
4308
4309
4311
4312
4318
4323
4327
4411
4412
4413
4414
4419
4422
4423
4425
4427
4429
4430
4433
4434
4435
4436
4445
4450
4451
4535
4536
4539
4545
4547
4549
4552
4554
4557
4558
4559
4561
4566
4570
4576
4664
4665
4666
4667
4673
4675
4676
4679
4683
4686
4689
4692
4695
4701
4702
4784
4786
4787
4788
4789
4796
4797
4799
4801
4802
4805
4806
4813
4815
4817
4819
4820
4821
4823
4824
4826
4828
4913
4914
4916
4917
4918
4920
4923
4924
4925
4926
4927
4928
4929
4932
4935
4936
4942
4944
4945
4951
5035
5036
5038
5042
5043
5048
5051
5052
5054
5060
5062
5063
5066
5067
5070
5073
5161
5167
5171
5172
5178
5179
5180
5181
5182
5183
5184
5187
5190
5194
5195
5197
5198
5199
5201
5287
5289
5292
5293
5295
5296
5299
5300
5301
5302
5305
5313
5314
5315
5316
5318
5320
5321
5323
5353
5411
5416
5419
5420
5421
5423
5424
5430
5431
5434
5437
5441
5442
5443
5444
5445
5450
5509
5542
5543
5548
5549
5550
5553
5554
5559
5560
5561
5562
5566
5569
5571
5637
5665
5666
5668
5672
5673
5674
5675
5677
5685
5686
5690
5692
5695
5697
5699
5703
5792
5793
5798
5799
5805
5808
5809
5811
5813
5814
5817
