1581
1946
3229
3546
3581
4200
5642
6267
6308
6310
6312
6313
6316
6317
6320
6324
6325
6327
6329
6331
6332
6336
6339
6432
6437
6440
6441
6442
6443
6444
6445
6448
6449
6451
6456
6458
6459
6461
6462
6464
6465
6471
6558
6559
6560
6563
6567
6587
6588
6589
6591
6593
6594
6595
6679
6680
6682
6684
6686
6688
6693
6695
6697
6698
6699
6701
6702
6703
6705
6707
6708
6712
6714
6715
6716
6717
6807
6808
6810
6812
6816
6818
6822
6823
6834
7238
7816
8437
8705
9065
9083
9207
11192
11688
11935
11939
