286
869
1317
1534
1566
2681
2799
2802
2803
2805
2809
2810
2812
2814
2816
2926
2927
2929
2930
2934
2939
2941
3049
3051
3052
3061
3063
3828
4217
4294
4297
4301
4302
4310
4311
4314
4318
4413
4414
4416
4418
4419
4421
4424
4425
4426
4429
4430
4431
4433
4435
4440
4441
4443
4446
4447
4541
4542
4544
4545
4546
4547
4549
4552
4558
4559
4561
4567
4568
4569
4574
4662
4663
4666
4670
4672
4673
4676
4677
4679
4680
4682
4687
4692
4694
4698
4700
4702
4771
4786
4787
4790
4791
4793
4795
4798
4802
4804
4805
4806
4809
4815
4816
4818
4819
4822
4824
4825
4910
4913
4914
4918
4919
4920
4924
4925
4927
4930
4933
4934
4936
4937
4938
4939
4940
4949
4950
4951
5039
5041
5042
5053
5059
5062
5068
5070
5071
5072
5112
5163
5166
5167
5170
5179
5180
5188
5192
5293
5298
5299
5301
5302
5307
5310
5312
5313
5316
5330
5421
5422
5426
5427
5431
5432
5436
5437
5440
5444
5501
5722
6052
6310
6313
6356
6362
6412
6415
6417
6419
6426
6429
6431
6432
6434
6435
6437
6438
6440
6442
6443
6445
6449
6452
6538
6546
6547
6551
6554
6555
6559
6562
6564
6571
6572
6670
6676
6682
6685
6686
6687
