401
954
1316
1581
1806
1935
2773
2955
3566
3717
4434
4689
4945
5289
6308
6310
6316
6319
6320
6325
6328
6329
6332
6333
6337
6428
6431
6432
6436
6439
6440
6441
6444
6445
6449
6453
6456
6459
6463
6467
6469
6470
6553
6555
6557
6559
6564
6565
6570
6572
6576
6583
6584
6587
6592
6594
6680
6684
6685
6689
6692
6694
6697
6700
6701
6702
6704
6706
6709
6710
6711
6714
6811
6812
6813
6818
6819
6820
6822
6824
6835
6937
6943
7980
8335
8446
8935
8957
9028
9472
9709
10359
11192
11960
