445
1077
1199
1217
1218
1378
1460
1688
3325
5225
5565
5815
6434
6436
6446
6454
6462
6464
6552
6556
6558
6559
6561
6564
6565
6566
6567
6569
6571
6574
6575
6577
6585
6590
6591
6592
6677
6679
6680
6685
6687
6692
6693
6694
6697
6700
6705
6710
6711
6717
6720
6721
6802
6807
6811
6815
6816
6818
6819
6820
6821
6823
6825
6826
6827
6832
6836
6838
6846
6928
6929
6931
6934
6935
6939
6942
6943
6944
6945
6946
6947
6948
6949
6950
6951
6952
6954
6955
6956
6957
6958
6960
7006
7054
7063
7065
7072
7074
7075
7078
7083
7088
7089
7811
8708
8852
9178
9328
9558
9690
9958
12339
12434
12565
