556
918
1037
1221
1303
1659
1723
1801
1803
1806
1893
1918
1919
1926
1928
1931
1932
1933
1935
1939
1941
1942
1943
1944
2044
2045
2048
2049
2050
2052
2054
2055
2063
2064
2066
2067
2183
2303
2935
3616
3944
4194
4301
4302
4303
4305
4311
4348
4420
4421
4423
4425
4431
4432
4438
4439
4440
4442
4543
4545
4547
4548
4551
4553
4554
4556
4557
4558
4560
4564
4565
4566
4571
4581
4671
4674
4677
4679
4680
4685
4687
4688
4689
4692
4695
4792
4800
4801
4802
4805
4807
4808
4812
4815
4819
4820
4821
4914
4917
4919
4921
4923
4926
4927
4928
4929
4930
4931
4932
4933
4934
4935
4937
4939
4941
4942
4943
4944
4945
4946
4947
4950
5034
5035
5036
5038
5039
5040
5041
5042
5043
5045
5046
5049
5053
5055
5059
5062
5064
5065
5070
5073
5074
5076
5077
5078
5161
5163
5165
5166
5168
5170
5171
5173
5174
5176
5178
5179
5180
5187
5188
5190
5191
5192
5194
5198
5203
5218
5271
5286
5288
5291
5293
5295
5299
5302
5305
5307
5308
5310
5311
5312
5313
5315
5320
5321
5327
5329
5417
5419
5421
5423
5426
5427
5428
5431
5433
5434
5435
5436
5440
5442
5443
5445
5446
5447
5450
5509
5536
5539
5541
5542
5544
5548
5549
5551
5552
5554
5555
5556
5558
5559
5564
5565
5566
5571
5575
5576
5578
5579
5665
5666
5671
5672
5673
5675
5683
5684
5687
5691
5695
5703
5785
5787
5788
5790
5792
5796
5798
5800
5810
5811
5813
5815
5817
5818
5912
5913
5917
5918
5920
5921
5922
5923
5928
5931
5933
5934
5936
5937
5938
5939
5942
5949
5969
6042
6045
6050
6052
6055
6063
6065
6067
6071
