1310
1441
3690
4177
4189
4921
6441
6445
6446
6448
6449
6450
6453
6455
6456
6460
6466
6555
6559
6562
6564
6565
6566
6567
6572
6580
6585
6591
6679
6680
6682
6686
6687
6689
6690
6692
6694
6696
6697
6699
6700
6706
6709
6710
6711
6714
6716
6720
6802
6807
6810
6812
6815
6819
6820
6822
6825
6826
6830
6832
6833
6837
6838
6841
6845
6930
6931
6933
6935
6936
6938
6939
6943
6944
6945
6947
6948
6949
6951
6952
6954
6958
6960
6963
6964
6966
7054
7064
7071
7072
7073
7075
7080
7084
7086
7087
7088
7090
7944
8065
8834
8935
9344
9586
10407
11311
11339
11571
11684
12057
12061
12212
