537
887
1901
2132
2445
2585
2590
2657
2876
3612
4259
4425
4429
4431
4434
4437
4543
4544
4555
4560
4563
4566
4567
4568
4569
4672
4675
4678
4679
4681
4682
4683
4684
4688
4691
4795
4796
4797
4798
4803
4806
4810
4815
4825
4915
4917
4924
4928
4930
4935
4939
4940
4941
4942
4943
4947
4949
5034
5042
5048
5050
5052
5053
5055
5056
5060
5062
5063
5064
5065
5070
5073
5075
5077
5160
5167
5168
5173
5177
5178
5182
5183
5184
5185
5186
5188
5189
5192
5195
5196
5199
5202
5203
5210
5285
5288
5289
5290
5292
5295
5297
5301
5304
5305
5308
5312
5315
5316
5317
5319
5320
5321
5326
5327
5410
5412
5413
5419
5421
5424
5426
5429
5432
5433
5434
5438
5439
5441
5442
5443
5446
5448
5450
5451
5452
5454
5538
5539
5544
5547
5548
5549
5554
5559
5564
5570
5571
5576
5578
5662
5668
5671
5675
5679
5684
5686
5688
5689
5692
5696
5698
5700
5701
5702
5703
5788
5795
5798
5801
5802
5805
5806
5808
5809
5811
5815
5816
5817
5821
5822
5913
5914
5918
5919
5921
5925
5926
5928
5931
5937
5939
5943
5946
6049
6053
6054
6059
6060
6061
6065
6069
6555
7306
7430
7431
7553
7555
7559
