437
452
944
1713
3149
3816
3939
4574
6431
6432
6439
6445
6447
6450
6451
6458
6463
6466
6558
6561
6562
6563
6568
6569
6573
6574
6575
6580
6586
6587
6588
6589
6590
6591
6677
6680
6681
6683
6687
6691
6693
6695
6701
6702
6706
6707
6708
6717
6801
6805
6806
6807
6812
6813
6814
6815
6819
6820
6822
6824
6825
6826
6827
6828
6829
6837
6839
6840
6842
6844
6927
6931
6934
6937
6938
6939
6942
6947
6949
6950
6952
6957
6959
6960
6964
6965
6966
7055
7058
7061
7066
7068
7069
7074
7075
7076
7078
7079
7080
7087
7090
7287
7925
7938
7942
8584
8814
9302
9585
9693
10061
11569
11572
11696
11868
12072
12076
12086
12334
12585
