262
321
434
435
436
439
440
441
442
539
540
543
544
546
550
556
557
558
561
565
569
570
572
575
614
659
666
667
669
670
675
677
679
680
683
687
691
694
701
702
703
704
784
787
792
796
799
801
803
805
806
807
812
815
816
821
824
827
913
915
916
917
921
922
924
925
926
929
931
933
934
936
942
946
947
948
1012
1049
1051
1053
1054
1055
1059
1180
1240
1998
2166
2167
2169
2171
2173
2175
2177
2179
2185
2188
2287
2288
2289
2292
2296
2297
2298
2300
2301
2309
2311
2314
2316
2319
2321
2324
2414
2415
2416
2421
2422
2423
2428
2430
2433
2434
2440
2443
2445
2447
2448
2449
2456
2535
2536
2538
2539
2540
2541
2544
2545
2546
2548
2549
2553
2558
2561
2562
2564
2566
2567
2568
2575
2662
2664
2666
2667
2668
2670
2671
2673
2679
2680
2681
2682
2684
2686
2687
2695
2697
2700
2731
2770
2792
2793
2796
2797
2801
2804
2805
2806
2808
2812
2815
2816
2820
2821
2901
2920
2929
2933
2934
2936
3082
3183
3308
3363
3573
3588
3897
3971
4555
4678
4707
4794
4796
4800
4801
4804
4805
4806
4813
4815
4818
4850
4872
4923
4927
4929
4931
4932
4936
4938
4941
4942
4943
4946
4950
5035
5037
5039
5040
5046
5047
5048
5050
5053
5055
5058
5062
5067
5075
5160
5162
5167
5168
5175
5176
5178
5180
5181
5182
5184
5185
5187
5191
5194
5197
5198
5199
5201
5203
5284
5286
5288
5293
5296
5300
5301
5304
5305
5308
5309
5310
5312
5313
5315
5316
5317
5319
5322
5323
5326
5328
5361
5412
5413
5415
5417
5420
5422
5429
5432
5434
5436
5437
5438
5440
5444
5445
5446
5447
5450
5534
5537
5539
5542
5543
5549
5550
5552
5554
5557
5559
5561
5562
5564
5565
5566
5567
5571
5572
5576
5577
5659
5663
5664
5671
5673
5680
5681
5687
5688
5689
5690
5691
5692
5694
5696
5698
5699
5702
5703
5786
5787
5788
5789
5790
5791
5798
5800
5803
5805
5807
5810
5811
5819
5821
5822
5824
5826
5827
5919
5921
5922
5930
5931
5933
5937
5939
5940
5943
6054
6059
6186
6200
6267
6423
6527
6871
6983
7011
7048
7052
7053
7055
7060
7062
7063
7159
7162
7163
7166
7167
7170
7171
7172
7176
7178
7180
7183
7187
7189
7191
7193
7195
7201
7228
7253
7287
7289
7294
7295
7296
7297
7298
7299
7301
7304
7306
7310
7312
7313
7315
7316
7319
7321
7322
7323
7416
7423
7424
7426
7427
7430
7433
7435
7436
7438
7440
7442
7443
7444
7555
7558
7577
7843
7882
7900
8184
8247
8739
8980
9102
9659
10053
10060
10062
10168
10175
10180
10184
10185
10187
10189
10190
10195
10198
10287
10288
10289
10290
10293
10295
10298
10301
10304
10305
10307
10310
10316
10318
10319
10324
10325
10326
10327
10414
10415
10417
10419
10420
10423
10426
10430
10431
10434
10437
10438
10439
10440
10442
10444
10450
10542
10545
10547
10548
10549
10552
10554
10555
10556
10568
10571
10767
10973
11037
11135
11141
11427
11551
11607
11651
11766
11792
11797
11801
11804
11806
11809
11811
11815
11816
11916
11918
11923
11927
11929
11930
11933
11935
11944
11949
11950
11964
12042
12050
12051
12052
12054
12055
12057
12058
12059
12062
12123
12164
12165
12167
12168
12169
12171
12174
12178
12179
12186
12187
12188
12190
12191
12195
12196
