29
166
803
804
809
812
925
927
931
933
990
1186
1765
2091
2174
2251
2924
4240
4264
4546
4548
4640
4671
4672
4678
4679
4686
4687
4688
4690
4691
4794
4795
4798
4799
4800
4802
4806
4815
4817
4820
4823
4912
4913
4915
4923
4927
4930
4931
4934
4936
4937
4938
4940
4941
4942
4944
4948
4950
4952
5037
5038
5039
5040
5041
5045
5046
5059
5061
5062
5063
5067
5070
5074
5075
5094
5164
5168
5170
5171
5172
5176
5180
5181
5182
5187
5190
5194
5199
5285
5288
5290
5294
5295
5297
5298
5305
5307
5315
5319
5321
5322
5416
5419
5420
5422
5428
5430
5431
5436
5437
5438
5439
5442
5445
5447
5449
5451
5534
5535
5539
5542
5544
5545
5546
5550
5552
5555
5556
5558
5561
5564
5570
5571
5572
5574
5577
5579
5661
5663
5667
5668
5674
5677
5678
5679
5682
5684
5685
5686
5687
5688
5689
5691
5692
5695
5699
5779
5789
5798
5799
5800
5805
5806
5808
5810
5812
5815
5816
5817
5818
5820
5823
5826
5914
5917
5918
5920
5921
5923
5925
5927
5929
5930
5933
5934
5935
5936
5937
5939
5942
6047
6049
6053
6055
6056
6060
6064
6065
7019
7163
7228
7235
7613
7969
8080
8593
8618
8941
9427
9928
9934
9936
9937
9938
9943
9965
10043
10047
10051
10054
10055
10056
10058
10066
10067
10069
10165
10166
10169
10171
10173
10174
10176
10178
10180
10181
10183
10185
10191
10192
10194
10265
10267
10294
10296
10297
10298
10299
10305
10307
10308
10309
10310
10312
10314
10315
10316
10318
10396
10424
10428
10431
10432
10435
10437
10438
10440
