266
421
426
427
432
434
479
1228
1348
1718
2387
3084
3163
3186
3291
3459
3508
4040
4306
4309
4312
4422
4423
4424
4426
4431
4437
4438
4443
4458
4540
4544
4549
4550
4553
4558
4560
4561
4565
4566
4568
4610
4670
4674
4675
4680
4682
4685
4690
4691
4695
4696
4698
4790
4792
4796
4800
4802
4803
4804
4808
4809
4811
4813
4814
4815
4817
4822
4824
4826
4908
4914
4918
4920
4923
4924
4927
4928
4929
4932
4936
4940
4942
4946
4947
4949
4953
5037
5038
5039
5040
5044
5047
5049
5050
5054
5056
5057
5063
5066
5070
5075
5076
5077
5078
5121
5159
5164
5166
5170
5171
5174
5175
5176
5182
5183
5185
5186
5188
5200
5202
5204
5285
5286
5289
5295
5296
5298
5302
5305
5309
5310
5314
5315
5318
5320
5321
5324
5325
5326
5328
5412
5421
5424
5426
5433
5440
5449
5451
5534
5535
5536
5537
5543
5544
5545
5547
5549
5553
5557
5562
5564
5565
5566
5567
5574
5576
5577
5579
5660
5662
5664
5669
5671
5676
5679
5682
5683
5684
5686
5687
5688
5689
5690
5694
5696
5698
5700
5701
5704
5784
5785
5786
5788
5789
5791
5795
5798
5800
5802
5805
5809
5812
5814
5815
5817
5820
5822
5825
5828
5921
5922
5923
5924
5926
5927
5928
5929
5931
5932
5940
5941
5946
6042
6047
6052
6054
6056
6058
6059
6061
6064
6071
6568
6650
6880
7437
7454
7467
7912
8175
8547
8786
9059
9431
10240
10451
10547
10578
10807
10812
10813
10817
10915
10919
10920
10926
10931
10935
10947
11014
11038
11042
11043
11045
11047
11048
11049
11051
11052
11056
11062
11067
11071
11164
11166
11167
11170
11183
11184
11185
11187
11188
11189
11190
11193
11196
11197
11199
11308
11309
11316
