248
704
1659
1696
1941
1965
4193
4459
6573
6704
6710
6806
6808
6812
6818
6820
6821
6823
6827
6831
6833
6838
6840
6842
6926
6927
6929
6930
6932
6937
6940
6942
6943
6944
6946
6950
6952
6953
6954
6957
6964
6966
6968
6969
7052
7055
7059
7063
7064
7066
7069
7072
7074
7075
7076
7077
7078
7081
7082
7085
7086
7087
7093
7096
7177
7179
7182
7186
7189
7191
7192
7196
7198
7199
7200
7202
7204
7205
7208
7212
7213
7219
8317
8681
10333
11707
11832
11963
12566
