552
553
557
564
1134
4350
4621
4923
4924
4926
4928
4932
4934
4935
4937
4940
4946
4947
4948
5035
5040
5041
5044
5045
5046
5047
5048
5049
5051
5052
5058
5059
5062
5064
5065
5068
5072
5073
5160
5162
5168
5169
5172
5173
5174
5176
5177
5178
5180
5183
5184
5187
5188
5189
5191
5195
5197
5199
5212
5288
5293
5294
5298
5299
5300
5305
5306
5308
5309
5311
5312
5313
5315
5317
5318
5321
5323
5326
5327
5410
5411
5419
5420
5422
5423
5424
5425
5428
5431
5434
5437
5442
5444
5445
5447
5450
5451
5538
5544
5547
5549
5552
5554
5555
5556
5558
5560
5561
5562
5565
5572
5573
5574
5575
5577
5659
5660
5662
5663
5668
5669
5672
5673
5674
5676
5679
5680
5683
5689
5690
5692
5695
5700
5701
5789
5792
5794
5796
5797
5799
5803
5804
5806
5808
5809
5815
5816
5817
5818
5819
5821
5921
5925
5927
5929
5930
6204
6359
6607
6808
7205
7815
8170
8895
10136
10424
10425
10426
10429
10433
10434
10436
10441
10539
10540
10542
10548
10549
10553
10556
10559
10561
10563
10564
10569
10665
10666
10669
10673
10674
10675
10680
10682
10685
10687
10690
10695
10697
10824
11326
11337
11680
11683
11684
11685
11687
11794
11799
11800
11803
11807
11818
11819
11912
11929
11931
11932
11933
