568
584
699
1541
1712
2213
3816
4200
4203
4572
5189
5193
6696
6713
6716
6807
6812
6814
6818
6822
6823
6828
6829
6830
6833
6839
6929
6930
6931
6933
6934
6937
6938
6939
6940
6941
6942
6944
6945
6950
6951
6953
6955
6958
6959
6961
6962
6963
6964
6968
6969
6970
7055
7058
7059
7061
7064
7065
7067
7068
7075
7078
7080
7082
7083
7085
7086
7091
7094
7180
7181
7186
7192
7193
7194
7195
7196
7198
7199
7200
7201
7202
7205
7206
7208
7211
7217
7310
7330
8212
9203
9820
11165
11439
11962
