456
523
700
924
2508
2893
3000
4489
4551
4809
4812
4862
4917
4918
4920
4925
4928
4929
4932
4934
4937
4945
4947
4949
4950
5035
5038
5039
5040
5042
5043
5045
5048
5049
5051
5052
5053
5054
5057
5059
5062
5067
5071
5072
5076
5077
5160
5163
5167
5168
5170
5171
5172
5177
5178
5179
5180
5184
5185
5190
5191
5201
5287
5288
5290
5291
5292
5294
5295
5298
5299
5301
5303
5304
5305
5308
5309
5310
5312
5313
5314
5318
5319
5328
5409
5413
5417
5419
5423
5427
5431
5434
5441
5443
5447
5450
5451
5453
5534
5544
5546
5550
5551
5552
5555
5556
5560
5563
5565
5566
5567
5570
5572
5574
5576
5577
5579
5660
5662
5663
5664
5667
5668
5673
5674
5675
5678
5679
5680
5683
5685
5686
5687
5688
5690
5693
5694
5699
5700
5702
5787
5789
5791
5793
5799
5800
5803
5804
5806
5811
5813
5814
5815
5816
5818
5819
5821
5826
5917
5921
5926
5930
5931
5934
6755
6848
7281
7674
7892
8007
8023
8055
8842
8985
9483
9818
9969
10796
10797
10803
10805
10808
10814
10815
10816
10817
10819
10916
10918
10919
10922
10924
10926
10927
10929
10932
10933
10936
10937
10938
10939
10941
10942
10943
10944
10947
10952
11035
11040
11041
11042
11043
11044
11046
11047
11049
11052
11054
11059
11060
11061
11063
11064
11066
11067
11069
11071
11072
11073
11075
11077
11166
11170
11175
11176
11177
11178
11180
11183
11191
11196
