412
713
1333
1337
1816
1947
1954
2317
2585
4117
5564
6579
6805
6810
6812
6815
6823
6824
6828
6830
6831
6832
6836
6837
6840
6844
6928
6931
6932
6936
6939
6940
6945
6950
6952
6953
6957
6958
6959
6961
6964
6969
7051
7052
7053
7054
7058
7060
7061
7062
7063
7064
7066
7067
7068
7069
7071
7073
7074
7076
7077
7081
7083
7084
7085
7087
7177
7178
7181
7183
7184
7188
7189
7190
7193
7194
7196
7200
7201
7202
7205
7207
7211
7213
7214
7215
7218
7219
7320
8087
10452
11445
11710
11831
12193
12567
