397
536
1059
1177
1196
1210
1549
1670
2118
2247
2466
2616
2730
3056
3057
3058
3170
3172
3173
3182
3187
3188
3190
3192
3194
3257
3293
3298
3299
3300
3308
3310
3312
3315
3318
3423
3424
3430
3431
3434
3438
3807
3963
4899
4918
4919
4927
4930
4931
4932
4939
4940
4941
4944
4946
5039
5041
5042
5043
5045
5046
5048
5050
5051
5053
5054
5055
5057
5060
5061
5062
5063
5064
5065
5066
5069
5070
5074
5161
5168
5169
5171
5172
5174
5175
5179
5180
5182
5183
5188
5194
5199
5200
5203
5271
5289
5292
5297
5299
5301
5304
5305
5308
5310
5312
5314
5318
5319
5321
5327
5367
5412
5414
5416
5418
5420
5422
5423
5429
5430
5434
5435
5436
5437
5439
5441
5445
5446
5447
5449
5536
5539
5541
5542
5546
5547
5552
5553
5555
5556
5558
5560
5561
5563
5565
5567
5568
5573
5574
5575
5578
5618
5665
5668
5671
5673
5674
5675
5677
5680
5682
5684
5689
5690
5693
5696
5698
5699
5701
5786
5794
5795
5797
5798
5802
5807
5809
5810
5812
5813
5815
5816
5822
6202
6542
6545
6549
6552
6556
6557
6560
6565
6566
6567
6569
6571
6663
6664
6665
6667
6668
6675
6680
6681
6683
6686
6691
6694
6696
6697
6699
6700
6701
6706
6790
6791
6793
6795
6797
6801
6803
6805
6806
6807
6808
6810
6813
6820
6823
6825
6916
6919
6921
6922
6923
6924
6926
6935
6936
6937
6939
6940
6941
6942
6948
