697
910
1954
2062
2437
3290
4473
5061
5154
5573
6682
6693
6809
6811
6812
6815
6817
6819
6821
6823
6824
6826
6827
6829
6833
6843
6926
6932
6935
6936
6939
6943
6946
6948
6950
6951
6952
6953
6954
6959
6960
6961
6963
6966
6969
6971
7052
7055
7059
7062
7063
7067
7069
7071
7072
7075
7078
7079
7080
7081
7083
7090
7091
7180
7182
7183
7185
7186
7187
7188
7189
7190
7191
7194
7195
7202
7205
7206
7207
7208
7213
7214
7215
7217
7218
7932
8312
8454
8681
9315
10072
10074
10193
11322
11447
11955
12308
12469
