406
832
2179
2259
3005
3083
3834
4197
4431
4680
6698
6713
6806
6807
6808
6813
6821
6822
6823
6827
6829
6833
6841
6931
6932
6942
6945
6947
6948
6952
6955
6957
6959
6960
6961
6962
6963
6964
6969
6970
6971
7051
7055
7060
7061
7062
7063
7066
7067
7068
7069
7071
7072
7075
7077
7079
7080
7081
7083
7094
7096
7177
7179
7181
7182
7185
7186
7191
7195
7197
7201
7203
7205
7208
7212
7215
7218
8462
8580
8937
10180
11814
11838
11842
11940
11941
12090
12194
