76
282
1388
1694
1874
3805
4931
4933
4939
5051
5052
5056
5060
5064
5066
5170
5171
5172
5175
5177
5179
5181
5182
5183
5186
5196
5291
5295
5297
5299
5304
5307
5311
5312
5313
5317
5318
5319
5321
5322
5415
5416
5422
5425
5426
5427
5428
5429
5432
5433
5435
5439
5440
5443
5538
5539
5540
5541
5544
5548
5549
5550
5552
5554
5557
5562
5564
5565
5568
5573
5574
5575
5661
5663
5669
5671
5674
5675
5676
5678
5679
5686
5687
5690
5695
5701
5789
5790
5791
5792
5793
5794
5797
5798
5800
5805
5809
5810
5814
5818
5819
5821
5825
5909
5911
5912
5914
5915
5924
5926
5931
5933
5934
5935
5937
5939
5940
5945
5946
5948
5949
5952
5954
6036
6042
6048
6049
6051
6057
6058
6059
6062
6063
6065
6067
6068
6070
6075
6076
6077
6164
6168
6173
6180
6183
6184
6186
6189
6274
7418
7670
7680
7690
7806
7808
7809
