876
944
1062
1175
1178
1179
1180
1183
1184
1187
1843
3218
3354
4428
4459
5046
5047
5052
5057
5058
5060
5066
5173
5175
5178
5190
5191
5192
5196
5274
5292
5293
5298
5299
5300
5301
5302
5304
5306
5308
5311
5313
5314
5316
5319
5423
5427
5430
5434
5436
5437
5439
5440
5443
5444
5539
5542
5543
5544
5545
5546
5547
5553
5555
5556
5562
5571
5663
5664
5665
5669
5672
5674
5678
5686
5693
5695
5785
5787
5788
5790
5795
5796
5802
5804
5805
5806
5807
5808
5809
5810
5811
5812
5813
5821
5822
5823
5826
5827
5828
5913
5916
5918
5919
5920
5925
5926
5927
5928
5932
5934
5936
5938
5939
5940
5941
5942
5944
5946
5947
5949
5953
6039
6043
6044
6045
6047
6048
6050
6052
6055
6056
6059
6061
6068
6070
6072
6166
6169
6171
6172
6173
6177
6181
6185
6187
6188
6189
6191
6231
6850
7558
8195
8938
9872
9939
10173
10174
10175
10176
10182
10186
10187
10188
10293
10297
10305
10309
10312
10320
10419
10420
10422
10424
10426
10434
10437
10438
10439
10442
10543
10544
10546
10547
10548
10560
10564
10567
10570
10679
10680
10683
10685
10686
10687
