415
416
423
428
429
430
433
434
439
440
444
446
448
450
545
546
550
552
553
558
559
566
567
568
569
571
573
577
578
663
665
666
668
670
673
674
675
676
679
687
689
690
691
692
694
695
696
703
788
791
796
799
801
804
806
807
808
815
818
822
917
921
925
927
934
935
938
939
1107
1542
2190
2439
3106
4169
4173
4177
4178
4189
4190
4295
4297
4303
4305
4306
4310
4312
4319
4320
4416
4417
4419
4422
4424
4427
4429
4430
4433
4437
4439
4442
4445
4447
4548
4551
4554
4555
4561
4567
4574
4666
4667
4676
4677
4680
4681
4684
4690
4692
4693
4790
4792
4797
4800
4802
4805
4806
4813
4817
4820
4822
4918
4919
4925
4930
4931
4934
4936
4937
4940
4943
4990
5045
5047
5049
5050
5051
5054
5058
5062
5065
5067
5104
5178
5179
5184
5302
5307
5311
5312
5428
5429
5437
5653
5699
6331
6334
7049
7059
8207
8741
9662
9984
10235
11249
11304
11306
11313
11314
11317
11318
11413
11414
11418
11426
11431
11432
11434
11443
11444
11445
11447
11449
11539
11541
11543
11546
11547
11548
11552
11553
11554
11555
11557
11558
11559
11560
11561
11562
11563
11565
11567
11568
11569
11570
11571
11573
11574
11615
11672
11673
11681
11684
11688
11689
11804
11805
11809
