573
575
577
578
678
679
680
682
687
689
691
693
695
696
697
698
700
701
704
705
708
712
713
714
719
801
803
804
810
811
813
814
815
818
819
820
821
827
829
830
834
837
839
842
845
928
932
933
936
937
938
939
940
941
944
945
948
949
951
953
954
955
956
961
968
969
970
1058
1059
1061
1066
1068
1070
1071
1076
1077
1078
1079
1080
1081
1083
1084
1085
1087
1326
2563
3563
5198
5458
6319
6389
6569
6822
7193
10441
11687
11836
12200
12570
