318
436
510
689
1022
1212
1237
1295
1395
1603
1638
1772
1896
2048
2051
2053
2054
2065
2068
2170
2171
2175
2178
2181
2182
2186
2188
2190
2193
2195
2300
2302
2304
2310
2312
2315
2316
2317
2423
2429
2430
2435
2440
2441
2498
2832
2891
3417
3565
3696
3955
4673
4732
4754
4878
4909
4928
4929
4930
4933
4934
4938
4939
4943
5041
5042
5044
5047
5049
5053
5055
5056
5058
5066
5068
5071
5169
5172
5173
5174
5175
5177
5178
5181
5183
5186
5187
5199
5294
5296
5297
5302
5305
5308
5309
5310
5316
5322
5324
5415
5417
5420
5425
5429
5431
5433
5434
5436
5437
5440
5448
5541
5543
5544
5546
5547
5548
5549
5550
5552
5553
5557
5562
5566
5570
5572
5573
5575
5580
5662
5664
5665
5675
5676
5677
5678
5682
5685
5686
5688
5694
5697
5698
5700
5701
5702
5787
5795
5798
5799
5800
5804
5805
5806
5813
5814
5818
5820
5822
5823
5827
5911
5913
5915
5916
5920
5921
5922
5924
5925
5927
5933
5935
5936
5939
5940
5947
5952
5953
5954
6034
6042
6043
6045
6046
6047
6048
6051
6054
6057
6061
6064
6065
6073
6074
6076
6077
6162
6163
6165
6166
6169
6170
6171
6173
6176
6180
6181
6185
6188
6189
6190
