115
191
295
416
419
420
424
426
427
428
433
434
435
436
437
438
443
549
550
727
1108
1575
1924
2230
2971
3296
3689
3820
4354
5176
5182
5186
5299
5303
5304
5306
5311
5314
5424
5543
5547
5550
5551
5554
5555
5561
5566
5567
5665
5668
5672
5673
5675
5677
5678
5680
5681
5684
5685
5687
5690
5695
5699
5754
5787
5791
5800
5803
5804
5807
5809
5811
5813
5814
5815
5819
5821
5822
5827
5910
5912
5915
5917
5920
5922
5924
5925
5926
5927
5937
5938
5939
5940
5942
5945
5949
5950
5951
6036
6039
6041
6042
6043
6045
6046
6052
6053
6054
6057
6058
6061
6062
6063
6064
6065
6067
6069
6072
6075
6167
6168
6170
6171
6173
6174
6177
6178
6179
6465
6740
7136
10400
10667
11041
11044
11046
11047
11054
11055
11056
11057
11058
11061
11063
11064
11066
11069
11074
11160
11162
11163
11164
11166
11167
11168
11172
11178
11184
11186
11191
11193
11195
11286
11297
11299
11300
11305
11306
11308
11313
11314
11316
11317
11320
11323
11324
11431
11434
11436
11437
