85
264
367
990
1024
2153
2457
2473
2667
2763
2921
2922
3138
3543
3544
3545
3548
3549
3554
3557
3560
3564
3565
3568
3569
3581
3670
3674
3675
3676
3681
3684
3687
3688
3690
3692
3693
4228
4339
4555
4629
4800
4806
5072
5261
5659
5670
5671
5677
5683
5687
5689
5791
5793
5795
5800
5801
5806
5807
5808
5809
5818
5819
5823
5874
5911
5913
5914
5916
5917
5918
5923
5928
5929
5930
5931
5935
5936
5940
5941
5947
5948
6036
6042
6047
6049
6050
6054
6055
6056
6057
6061
6062
6065
6072
6510
6811
6814
6914
6916
6918
6922
6923
6925
6929
6930
6934
6936
6941
6943
6946
6947
6950
6963
7036
7037
7043
7045
7046
7053
7055
7056
7058
7059
7063
7068
7073
7075
7171
7175
7176
7179
7180
7181
7185
7186
7191
