205
583
855
1849
2891
3522
4406
4776
5799
5800
5803
5805
5808
5809
5811
5812
5913
5915
5916
5918
5921
5926
5930
5934
5937
5938
5939
5940
5946
5951
6035
6039
6045
6047
6050
6051
6054
6055
6058
6060
6062
6063
6065
6066
6067
6076
6118
6166
6169
6171
6173
6177
6178
6179
6180
6183
6184
6185
6187
6191
6192
6193
6195
6202
6289
6292
6294
6297
6298
6300
6309
6311
6314
6316
6317
6320
6321
6341
6925
7560
7789
8055
8304
8305
8307
8309
