194
417
420
421
422
423
425
426
433
436
440
441
442
444
445
446
449
450
451
537
538
539
541
550
551
554
558
561
562
566
568
570
572
573
664
668
669
670
671
672
673
674
676
677
678
681
682
683
684
685
687
689
690
691
693
694
698
796
798
801
803
805
807
927
929
930
932
2279
2465
2634
5672
5674
5675
5678
5681
5682
5683
5684
5798
5803
5811
5812
5814
5815
5819
5821
5823
5913
5916
5917
5920
5921
5922
5925
5927
5929
5931
5932
5934
5935
5936
5937
5941
5944
5945
5946
5947
5949
5950
5952
6030
6043
6045
6047
6051
6053
6054
6056
6059
6061
6062
6064
6066
6067
6069
6073
6075
6076
6160
6161
6163
6167
6170
6174
6178
6183
6185
6191
6199
6200
6203
6287
6291
6295
6296
6297
6299
6301
6303
6304
6306
6308
6311
6313
6314
6319
6322
6421
6426
6427
6835
8063
8744
8949
9528
9935
11181
11182
11184
11292
11297
11300
11306
11307
11310
11311
11312
11313
11315
11318
11319
11414
11426
11427
11429
11430
11431
11435
11436
11437
11441
11443
11446
11546
11547
11551
11553
11555
11557
11558
11559
11561
11562
11565
11566
11567
11568
11571
11572
11573
11574
11672
11675
11676
11677
11682
11683
11686
11688
11689
11695
11697
11803
11811
11812
