256
1670
1898
2067
2175
2178
2179
2181
2296
2297
2306
2308
2309
2310
2312
2314
2316
2317
2350
2425
2429
2432
2435
2438
2441
2442
2443
2546
2548
2550
2554
2556
2557
2561
2563
2564
2569
2671
2672
2673
2674
2677
2678
2680
2684
2685
2686
2687
2689
2798
2800
2804
2807
2808
2813
3275
3744
3953
4385
4386
5676
5677
5679
5681
5682
5683
5684
5685
5686
5799
5801
5806
5807
5811
5813
5815
5816
5817
5916
5918
5920
5923
5924
5926
5928
5929
5930
5931
5934
5936
5938
5940
5942
5943
5944
5945
5946
5949
5950
5951
5952
6037
6039
6041
6042
6045
6050
6055
6057
6064
6065
6068
6073
6076
6077
6166
6169
6171
6176
6177
6178
6179
6181
6183
6185
6186
6187
6188
6189
6192
6193
6194
6197
6198
6200
6202
6290
6292
6293
6294
6298
6299
6300
6302
6308
6309
6314
6323
6324
