297
934
935
936
1049
1052
1053
1055
1057
5525
5922
5923
5924
5925
5926
5927
5929
5930
5931
5932
5938
5940
5941
5944
6037
6038
6043
6048
6053
6054
6055
6056
6057
6062
6064
6066
6073
6074
6076
6159
6167
6171
6173
6174
6176
6178
6179
6180
6183
6184
6185
6187
6188
6190
6191
6192
6195
6200
6296
6297
6301
6306
6307
6308
7025
9825
10006
10737
10927
10928
10931
10936
10938
10944
10946
10947
10948
11044
11047
11048
11050
11051
11054
11056
11059
11060
11064
11066
11067
11070
11072
11169
11174
11175
11177
11178
11182
11186
11187
11188
11191
12094
12174
12182
12183
12185
12188
12189
12191
12295
12297
12299
12300
12303
12304
12307
12313
12315
12317
12318
12426
12431
12434
12439
12441
