575
578
580
583
584
591
680
682
683
685
686
689
690
691
693
694
695
697
702
703
708
710
711
714
716
719
803
804
805
806
809
812
820
822
824
827
828
829
830
834
835
836
838
839
841
842
844
926
927
932
934
941
944
947
948
949
950
951
953
955
956
958
961
964
966
969
970
1063
1070
1071
1073
1075
1076
1078
1081
1084
1086
1089
1381
1936
3065
5204
5318
5327
5570
5686
5828
6062
6084
6376
6459
6464
6686
7311
10441
11681
11838
12088
12178
