162
390
425
428
430
431
432
433
434
441
442
445
541
544
548
549
550
551
555
556
560
565
566
567
572
573
576
662
664
665
667
668
669
672
674
676
679
681
682
683
685
690
691
696
699
700
701
796
798
801
802
804
807
808
811
813
814
815
816
1099
1230
1597
1608
2919
3174
3304
3683
4079
4194
4431
5059
5061
5063
5171
5172
5177
5181
5183
5184
5187
5192
5193
5194
5293
5297
5299
5300
5305
5306
5307
5308
5311
5315
5416
5424
5430
5431
5433
5435
5438
5445
5539
5542
5543
5546
5547
5552
5556
5557
5558
5561
5562
5563
5568
5570
5573
5574
5664
5666
5669
5670
5672
5673
5675
5677
5679
5681
5686
5687
5688
5690
5691
5694
5695
5700
5791
5793
5795
5798
5799
5800
5803
5808
5810
5817
5819
5821
5923
5924
5927
5929
5932
5935
6919
6921
6923
6924
6925
6927
6929
6931
6932
6934
6939
6941
6942
6943
7042
7047
7051
7059
7060
7061
7064
7065
7067
7179
7184
7837
8185
8784
8973
11649
11672
11679
11680
11684
11685
11688
11692
11694
11790
11797
11798
11800
11802
11806
11808
11811
11815
11817
11820
11821
11822
11826
11828
11911
11920
11921
11924
11925
11927
11934
11935
11938
11939
11942
11943
11944
11945
11948
11950
12037
12038
12039
12041
12043
12048
12054
12058
12059
12060
12061
12063
12065
12066
12067
12069
12072
12169
12171
