1305
1306
1425
1426
1427
1429
1432
1438
2446
2534
4991
5041
5070
5418
5915
5919
5922
5924
5928
5929
5936
5938
5939
5946
5950
6036
6038
6040
6042
6045
6046
6047
6049
6055
6060
6061
6062
6063
6068
6069
6070
6072
6073
6076
6078
6160
6163
6165
6167
6168
6171
6176
6177
6179
6180
6181
6182
6184
6186
6189
6191
6192
6194
6195
6200
6201
6202
6289
6291
6293
6294
6296
6299
6304
6305
6308
6309
6311
6313
6314
6315
7923
8709
9262
9424
10544
10549
10550
10551
10553
10554
10557
10558
10566
10567
10569
10667
10669
10670
10673
10675
10676
10677
10678
10681
10683
10686
10690
10693
10697
10698
10793
10794
10795
10797
10798
10800
10811
10813
10815
10816
10820
10925
10926
10928
