1066
1206
1308
1330
2167
2309
3196
3197
3283
5072
5955
6072
6195
7317
7437
7442
7459
7461
7462
7464
7469
7555
7557
7558
7559
7560
7562
7566
7568
7569
7570
7572
7573
7577
7578
7581
7583
7584
7585
7586
7587
7590
7592
7678
7680
7682
7683
7684
7686
7688
7689
7690
7691
7694
7696
7700
7702
7705
7706
7707
7708
7710
7711
7715
7805
7808
7810
7811
7813
7814
7818
7819
7820
7821
7823
7828
7831
7832
7835
7838
7840
7843
7930
7934
7937
7941
7943
7945
7946
7950
7951
7959
7961
7962
8084
8330
10818
