1265
1431
1469
3452
3511
4558
5461
6003
7323
7431
7432
7434
7435
7436
7438
7442
7443
7444
7451
7452
7459
7463
7555
7558
7560
7563
7564
7568
7569
7571
7572
7573
7577
7581
7588
7589
7591
7592
7679
7680
7681
7683
7684
7688
7690
7691
7701
7702
7705
7706
7707
7714
7715
7801
7804
7805
7807
7813
7814
7816
7817
7820
7821
7823
7825
7826
7827
7828
7832
7833
7834
7835
7836
7837
7839
7840
7843
7932
7941
7943
7944
7945
7946
7950
7951
7956
7960
7961
7964
8075
8081
8662
10690
10836
12207
12573
