1315
2206
2308
2333
2443
2821
2929
3311
3460
3463
3755
4999
5132
5824
5951
5961
6448
7432
7436
7438
7442
7444
7447
7448
7450
7455
7457
7463
7469
7555
7556
7557
7559
7564
7569
7572
7573
7574
7575
7577
7580
7582
7583
7589
7590
7591
7592
7678
7680
7681
7683
7684
7687
7688
7689
7690
7691
7693
7694
7695
7696
7697
7701
7702
7703
7704
7705
7706
7707
7709
7711
7712
7713
7714
7716
7717
7802
7805
7809
7810
7814
7816
7819
7823
7825
7827
7840
7842
7844
7933
7934
7935
7936
7937
7940
7950
7951
7952
7954
7956
7959
10055
10306
11071
11095
12068
