961
1032
2335
2624
4957
6048
6051
6056
6057
6058
6060
6163
6165
6169
6170
6171
6174
6177
6178
6182
6183
6184
6185
6186
6187
6188
6190
6191
6194
6195
6196
6198
6199
6286
6288
6290
6291
6293
6294
6295
6296
6299
6300
6304
6306
6311
6313
6314
6317
6319
6321
6324
6325
6326
6327
6329
6412
6415
6418
6423
6425
6427
6431
6436
6437
6442
6443
6445
6449
6545
6548
6549
6552
6554
6555
6558
6559
6565
6567
6673
6681
6682
6686
6687
6689
7083
7161
7877
8016
8283
8555
8558
8680
8682
8803
8805
8806
8808
8809
8810
8927
8931
8935
9056
9058
9121
9180
9183
