827
1074
2309
2818
2935
2939
3204
4486
4614
5324
5829
6152
7436
7437
7442
7452
7455
7457
7460
7461
7463
7556
7558
7564
7566
7571
7572
7573
7577
7578
7580
7581
7582
7583
7584
7588
7589
7594
7595
7680
7683
7687
7688
7690
7693
7694
7696
7698
7699
7700
7701
7703
7706
7707
7708
7715
7717
7719
7720
7802
7807
7808
7810
7817
7818
7820
7821
7822
7823
7824
7827
7828
7829
7830
7832
7833
7834
7835
7839
7843
7934
7935
7936
7940
7941
7943
7947
7949
7951
7953
7955
7956
7957
7962
7965
8340
10186
10190
10829
10859
11066
11184
12370
12439
