862
1654
1980
2182
2395
3296
3354
3601
4051
4057
4065
4066
4170
4171
4172
4174
4175
4179
4181
4182
4185
4186
4187
4294
4295
4296
4298
4300
4301
4303
4306
4311
4312
4314
4315
4346
4424
4425
4431
4432
4435
4437
4438
4627
4826
4875
5723
6183
6187
6189
6190
6191
6192
6193
6194
6198
6286
6288
6289
6291
6292
6296
6297
6300
6303
6304
6305
6308
6310
6311
6313
6316
6317
6318
6320
6322
6323
6326
6423
6426
6427
6613
6905
7297
7299
7302
7303
7304
7305
7307
7311
7313
7315
7316
7317
7320
7321
7322
7323
7412
7419
7420
7422
7424
7426
7427
7434
7436
7439
7442
7443
7444
7446
7447
7540
7543
7546
7547
7549
7550
7551
7553
7554
7555
7556
7564
7568
7570
7571
7573
