661
1381
1708
2313
2327
2814
3207
3692
6075
6221
6372
7653
7681
7687
7688
7690
7691
7692
7693
7694
7702
7704
7705
7707
7711
7718
7805
7808
7812
7815
7816
7819
7822
7823
7824
7826
7833
7836
7838
7841
7928
7930
7934
7939
7941
7942
7943
7945
7952
7953
7954
7955
7956
7958
7964
7965
7966
7967
8052
8054
8056
8058
8060
8061
8062
8065
8067
8068
8071
8073
8076
8078
8079
8080
8081
8082
8083
8085
8086
8089
8091
8094
8180
8181
8182
8185
8189
8191
8194
8195
8197
8198
8199
8202
8203
8205
8207
8210
8212
8216
8219
8310
8312
8315
8319
8322
8323
8325
8327
8328
8330
8331
8332
8334
8336
8337
8342
8344
8434
8438
8442
8444
8445
8446
8447
8460
8462
8463
8569
8685
8714
8823
8825
8831
8941
10839
10869
11283
12452
