556
560
561
674
679
680
681
682
683
684
685
686
689
698
792
793
796
798
799
801
802
803
805
806
808
809
811
816
818
819
821
823
864
919
925
926
930
932
934
937
938
939
941
942
943
1213
1407
1838
2314
4373
5257
5891
6167
6169
6175
6179
6180
6183
6184
6185
6187
6189
6192
6193
6195
6197
6198
6199
6202
6203
6287
6289
6290
6295
6297
6298
6300
6301
6302
6303
6305
6307
6308
6309
6316
6322
6327
6417
6420
6421
6423
6426
6437
6441
6443
7011
8142
9584
10675
11416
11419
11421
11422
11423
11425
11428
11431
11432
11436
11437
11438
11439
11442
11443
11457
11541
11544
11545
11547
11550
11552
11553
11554
11556
11557
11558
11561
11562
11564
11567
11568
11573
11574
11576
11661
11662
11663
11666
11668
11669
11670
11674
11676
11679
11683
11684
11686
11688
11689
11692
11699
11791
11794
11795
11796
11797
11798
11802
11804
11806
11807
11808
11810
11812
11813
11814
11815
11820
11823
