145
666
1179
1181
1186
1299
1300
1302
1304
1308
1311
1312
1414
1602
1682
1999
2850
6171
6178
6179
6180
6186
6187
6188
6189
6192
6193
6197
6198
6202
6288
6292
6293
6294
6295
6296
6297
6300
6304
6306
6308
6313
6316
6317
6318
6319
6417
6418
6419
6429
6430
6442
6810
7146
8524
8591
11165
11166
11167
11169
11171
11173
11175
11178
11179
11184
11185
11187
11189
11194
11195
11291
11295
11296
11297
11301
11302
11306
11308
11309
11310
11313
11314
11317
11319
12426
12427
12429
12430
12436
12438
12544
12546
12550
12552
12554
12559
12560
12568
