774
1407
1717
1826
2334
2341
2567
2582
2825
3304
5500
6427
7579
7588
7679
7681
7683
7687
7693
7694
7695
7698
7701
7702
7705
7706
7708
7803
7806
7807
7809
7810
7812
7817
7818
7819
7823
7824
7825
7826
7829
7830
7831
7832
7833
7836
7837
7842
7928
7929
7931
7932
7939
7941
7943
7945
7947
7948
7952
7956
7957
7960
7961
7962
7964
7966
7969
8054
8058
8063
8065
8067
8068
8069
8070
8074
8077
8078
8080
8082
8083
8086
8090
8177
8180
8182
8185
8186
8188
8190
8195
8198
8200
8204
8206
8207
8216
8219
8304
8309
8311
8312
8314
8316
8317
8321
8322
8323
8324
8326
8331
8332
8338
8344
8428
8433
8438
8440
8441
8442
8446
8447
8448
8451
8454
8459
8461
8462
8464
8465
8467
8561
8583
8689
8699
8705
8817
9073
10114
10704
10775
10809
10828
