1387
1460
1490
1555
1556
1682
1686
1687
2842
3411
5050
6164
6166
6170
6172
6173
6174
6182
6185
6186
6187
6189
6190
6192
6194
6197
6199
6200
6285
6286
6289
6291
6292
6301
6303
6304
6307
6308
6309
6310
6311
6313
6314
6316
6318
6321
6322
6324
6326
6328
6412
6413
6414
6417
6418
6419
6420
6422
6425
6426
6427
6432
6433
6435
6436
6437
6438
6439
6442
6445
6447
6449
6548
6549
6551
6552
6553
6554
6555
6562
6564
6565
6569
8667
8672
8862
9067
9242
10674
10676
10681
10684
10687
10795
10797
10799
10801
10802
10803
10804
10807
10808
10809
10814
10816
10817
10820
10915
10918
10925
10930
10936
10937
10938
10939
10940
10943
11045
11047
11057
11062
11063
11070
