573
574
580
581
586
590
591
671
677
678
679
687
689
691
692
696
700
701
703
704
705
708
709
715
718
719
720
805
807
810
813
814
815
820
821
824
826
827
831
833
834
838
839
840
842
844
846
926
927
935
936
938
939
943
944
947
948
951
953
954
956
958
960
968
970
997
1053
1058
1059
1061
1063
1071
1073
1074
1083
1085
1087
1091
1195
1198
1203
3043
3078
5938
5988
6077
6308
7208
7327
9089
10906
11453
11686
12060
12067
12216
