434
438
441
442
448
466
537
542
545
548
553
554
556
557
560
564
568
570
571
575
663
667
670
671
676
677
678
685
687
690
694
695
698
699
700
702
791
1113
1667
1679
1681
1682
1686
1689
1694
1695
1776
1794
1795
1796
1797
1799
1805
1806
1809
1810
1812
1815
1816
1818
1820
1821
1823
1826
1911
1913
1922
1923
1926
1927
1929
1931
1933
1939
1940
1942
1946
1947
1948
1956
2132
2829
2960
3908
5127
5375
5817
6005
7183
7272
7488
7559
8420
9268
9895
11166
11169
11170
11171
11174
11176
11180
11181
11183
11186
11189
11190
11192
11196
11288
11289
11294
11302
11303
11305
11306
11314
11317
11318
11416
11439
11617
12174
12175
12176
12178
12187
12288
12291
12292
12293
12299
12300
12303
12304
12307
12309
12310
12312
12313
12314
12317
12318
12322
12325
12412
12414
12418
12420
12421
12423
12424
12427
12433
12435
12437
12444
12446
12448
12449
12452
12459
12536
12537
12538
12539
12540
12542
12544
12546
12547
12549
12550
12551
12552
12553
12555
12556
12560
12563
12565
12568
12569
12570
12571
12576
