567
2487
2992
3372
6138
6189
6301
6304
6308
6310
6312
6319
6321
6322
6325
6412
6415
6418
6421
6422
6423
6426
6428
6431
6433
6435
6438
6444
6445
6446
6453
6454
6521
6534
6535
6543
6548
6552
6553
6558
6559
6560
6563
6564
6571
6572
6578
6665
6670
6671
6675
6678
6680
6681
6683
6684
6690
6691
6699
6700
6790
6793
6795
6796
6798
6799
6800
6802
6803
6805
6807
6811
6814
6818
6822
6923
6924
6925
6928
6934
6935
6936
6938
6970
7441
8936
9026
9555
9557
9558
9680
9805
9806
9807
9809
9810
