1215
1339
1563
1695
2447
2574
2684
2814
2836
3568
5058
5722
6209
6834
6985
7563
7679
7689
7692
7695
7696
7698
7699
7700
7702
7705
7708
7710
7713
7715
7718
7807
7808
7812
7815
7817
7818
7819
7820
7821
7822
7825
7826
7828
7829
7830
7837
7840
7842
7927
7931
7932
7935
7937
7938
7940
7941
7943
7950
7955
7956
7957
7958
7962
7966
7970
8053
8056
8058
8065
8068
8070
8071
8072
8074
8077
8078
8079
8080
8082
8083
8084
8088
8089
8090
8091
8095
8177
8180
8181
8184
8188
8195
8197
8201
8204
8208
8209
8212
8216
8218
8219
8308
8312
8314
8315
8317
8326
8327
8333
8337
8344
8429
8432
8437
8439
8440
8441
8443
8445
8447
8448
8449
8451
8452
8454
8456
8457
8463
8464
8467
8468
8577
8679
8813
8833
9084
9317
11208
