57
541
598
800
803
806
807
808
809
814
815
818
875
919
920
922
923
924
927
931
932
933
934
936
938
940
942
946
948
1040
1041
1051
1052
1053
1056
1059
1064
1067
1068
1069
1071
1072
1159
1171
1182
1186
1187
1188
1189
1192
1194
1273
1380
1737
3453
3650
4576
5684
5744
6209
6293
6295
6296
6299
6302
6305
6306
6307
6309
6313
6314
6315
6317
6319
6323
6410
6411
6416
6421
6423
6426
6427
6429
6430
6431
6432
6434
6437
6438
6439
6442
6443
6444
6446
6447
6448
6449
6450
6451
6454
6467
6538
6539
6542
6548
6551
6552
6553
6555
6556
6559
6572
6573
6575
6663
6664
6666
6667
6668
6671
6672
6679
6687
6688
6691
6693
6694
6695
6699
6795
6796
6799
6800
6801
6802
6803
6804
6810
6813
7092
7460
8018
8056
8116
8426
8714
8822
8917
9029
10370
10438
10555
11671
11676
11677
11679
11682
11684
11687
11688
11691
11789
11791
11793
11796
11798
11802
11803
11804
11807
11808
11812
11813
11818
11822
11911
11913
11917
11919
11927
11930
11932
11933
11934
11939
11940
11943
11949
11950
12037
12042
12043
12046
12049
12050
12061
12063
12064
12066
12068
12072
12169
12173
12176
12179
12186
12187
