1600
1707
2437
2588
2714
2815
2929
3579
3702
3942
3958
4062
4131
4435
5734
6071
6360
6711
7424
7936
7937
7941
7942
7945
7950
7954
7965
8056
8057
8059
8060
8061
8066
8069
8073
8076
8081
8083
8086
8090
8091
8178
8180
8182
8183
8185
8187
8190
8195
8198
8199
8200
8203
8204
8210
8212
8214
8215
8216
8217
8218
8220
8252
8302
8303
8305
8308
8310
8311
8312
8314
8315
8317
8320
8326
8328
8330
8333
8336
8338
8343
8427
8429
8430
8432
8433
8436
8437
8439
8440
8443
8444
8446
8451
8453
8454
8456
8458
8460
8461
8464
8466
8470
8471
8552
8556
8557
8558
8561
8562
8563
8565
8568
8570
8571
8572
8573
8574
8577
8581
8583
8585
8587
8589
8676
8677
8684
8685
8686
8688
8689
8691
8692
8696
8701
8703
8707
8710
8715
8718
8774
8802
8806
8808
8809
8810
8816
8817
8818
8819
8820
8822
8823
8832
8836
8842
8845
8934
8939
8940
8945
8946
8947
8949
8952
8953
8954
8956
8959
8961
8964
8967
9053
9056
9060
9062
9068
9070
9073
9074
9075
9077
9079
9080
9084
9089
9092
9093
9181
9183
9187
9190
9192
9194
9196
9201
9202
9203
9208
9209
9211
9214
9215
9217
9218
9219
9306
9307
9309
9317
9321
9323
9326
9328
9333
9337
9338
9341
9342
9431
9435
9440
9445
9446
9451
9453
9455
9457
9458
9463
9571
9824
