60
71
487
2050
2140
2928
3721
3750
3991
4051
4430
4432
4433
4553
4562
4563
4565
4672
4673
4676
4677
4678
4679
4683
4686
4687
4689
4758
4803
4805
4806
4807
4808
4811
4812
4819
4886
4920
4921
4922
4923
4926
4927
4928
4929
4931
4933
5012
5086
5303
5320
5534
5962
6310
6312
6313
6314
6315
6316
6319
6410
6411
6417
6418
6420
6427
6428
6432
6433
6436
6446
6447
6448
6450
6453
6536
6537
6540
6547
6548
6549
6551
6554
6555
6562
6567
6571
6572
6576
6577
6663
6664
6666
6668
6674
6676
6677
6680
6682
6683
6685
6687
6688
6690
6692
6946
7291
7430
7431
7432
7434
7435
7538
7543
7544
7550
7552
7554
7556
7557
7560
7561
7564
7572
7573
7661
7665
7667
7668
7669
7675
7678
7681
7682
7683
7684
7686
7692
7696
7697
7698
7700
7788
7789
7797
7798
7799
7800
7803
7805
7806
7811
7814
7816
7820
7822
7920
7924
7925
7926
