169
1439
1808
1963
2451
2573
2693
2696
3695
4559
5413
5764
6107
6322
6337
6688
6817
7811
7931
7932
7937
7941
7943
7947
7949
7951
7952
7953
7962
7963
7965
7966
7967
8054
8056
8058
8059
8060
8061
8062
8065
8066
8067
8069
8070
8072
8073
8074
8076
8079
8080
8082
8085
8086
8092
8094
8181
8182
8186
8190
8191
8203
8204
8205
8215
8218
8220
8303
8304
8306
8307
8308
8309
8313
8314
8318
8319
8322
8324
8326
8329
8331
8332
8334
8337
8338
8343
8344
8345
8429
8434
8435
8437
8439
8445
8446
8447
8450
8458
8460
8463
8465
8467
8471
8551
8556
8559
8561
8563
8565
8568
8572
8575
8576
8579
8580
8584
8585
8587
8588
8593
8594
8676
8679
8680
8682
8684
8685
8686
8689
8690
8691
8693
8694
8696
8699
8700
8703
8706
8708
8709
8710
8717
8718
8802
8804
8806
8807
8811
8812
8815
8818
8819
8822
8824
8825
8826
8830
8831
8834
8836
8838
8839
8844
8845
8928
8929
8933
8934
8937
8938
8940
8941
8942
8947
8950
8955
8957
8958
9053
9055
9057
9060
9063
9065
9066
9067
9071
9072
9073
9079
9088
9092
9183
9184
9188
9189
9191
9194
9196
9198
9199
9205
9210
9212
9219
9307
9311
9314
9316
9319
9321
9323
9326
9328
9333
9336
9337
9436
9437
9441
9446
9447
9448
9450
9451
9455
9456
9458
9462
9468
9704
10192
10920
11320
11412
11881
12002
12572
