397
572
2345
2401
2579
2695
2952
2953
2985
3064
3564
4167
5042
6428
7740
7941
7942
7943
7946
7949
7954
7955
7957
7961
7963
8053
8054
8056
8060
8062
8063
8067
8070
8071
8072
8073
8074
8077
8079
8082
8084
8086
8088
8089
8091
8178
8179
8181
8182
8184
8188
8189
8190
8195
8197
8198
8199
8200
8203
8204
8206
8208
8211
8215
8216
8219
8303
8306
8310
8312
8321
8323
8324
8326
8329
8330
8332
8333
8334
8336
8337
8338
8343
8429
8430
8436
8438
8439
8446
8447
8448
8450
8451
8452
8453
8454
8455
8456
8457
8461
8463
8465
8466
8553
8554
8556
8562
8565
8566
8569
8571
8572
8573
8574
8575
8576
8579
8580
8587
8588
8589
8593
8594
8677
8683
8685
8693
8694
8695
8696
8700
8702
8703
8706
8710
8715
8717
8718
8719
8803
8805
8806
8807
8808
8811
8815
8817
8818
8819
8821
8823
8825
8827
8829
8830
8835
8836
8838
8840
8842
8844
8931
8932
8933
8934
8936
8938
8939
8940
8941
8942
8943
8946
8950
8952
8957
8958
8959
8962
8965
9055
9056
9057
9059
9064
9065
9066
9067
9068
9069
9070
9071
9072
9081
9086
9088
9089
9092
9178
9182
9183
9184
9186
9187
9188
9189
9195
9198
9200
9201
9203
9205
9206
9207
9209
9214
9215
9310
9317
9319
9328
9334
9335
9337
9430
9435
9439
9443
9446
9447
9451
9455
9463
9568
9579
9580
9591
9701
9907
10927
11267
11317
11328
