604
679
908
1806
1927
1931
1934
1935
3448
3644
4687
4959
4986
5142
6290
6292
6293
6294
6299
6300
6303
6309
6310
6311
6312
6313
6315
6321
6322
6323
6324
6326
6409
6411
6415
6417
6418
6420
6424
6425
6427
6428
6432
6438
6439
6440
6446
6450
6453
6539
6541
6543
6544
6547
6550
6551
6554
6560
6563
6565
6566
6570
6571
6574
6578
6595
6660
6661
6662
6665
6667
6670
6671
6677
6678
6683
6686
6687
6692
6693
6694
6698
6700
6793
6794
6797
6798
6800
6802
6805
6806
6808
6809
6812
6813
6815
6817
6819
6820
6821
6825
9066
10924
10932
10933
10934
10935
10936
10939
11041
11042
11045
11047
11050
11057
11059
11065
11067
11070
11170
11174
11175
11177
11181
11182
11185
11192
11195
11206
11295
11296
11299
11306
11307
