336
749
1145
2193
2477
2711
3638
5955
6332
6555
6708
6951
7591
7694
7932
7933
7942
7946
7948
7949
7950
7954
7957
7960
7965
8053
8056
8059
8063
8067
8069
8071
8072
8074
8076
8078
8083
8090
8093
8094
8177
8178
8180
8182
8188
8190
8192
8203
8204
8206
8207
8216
8217
8218
8302
8306
8308
8309
8310
8312
8317
8321
8322
8323
8326
8328
8331
8338
8339
8340
8343
8429
8430
8433
8434
8435
8436
8437
8438
8442
8443
8444
8445
8449
8450
8452
8454
8458
8461
8462
8466
8467
8469
8553
8555
8558
8561
8564
8569
8572
8573
8575
8577
8581
8582
8584
8589
8592
8596
8677
8680
8682
8683
8684
8685
8690
8693
8698
8699
8700
8702
8703
8707
8708
8711
8713
8715
8716
8717
8718
8803
8804
8805
8808
8809
8812
8815
8817
8818
8820
8830
8833
8837
8838
8840
8842
8843
8844
8845
8927
8928
8931
8940
8942
8945
8946
8949
8951
8953
8956
8957
8958
8961
8963
9054
9056
9060
9061
9065
9067
9068
9070
9071
9072
9074
9075
9076
9077
9078
9079
9082
9089
9090
9091
9184
9186
9187
9191
9192
9194
9195
9196
9197
9207
9208
9209
9210
9211
9219
9307
9309
9310
9314
9315
9317
9320
9321
9327
9329
9330
9331
9334
9336
9337
9395
9430
9435
9436
9443
9444
9446
9447
9448
9450
9453
9457
9458
9461
9462
9463
9466
9569
9589
9695
9698
9831
10153
10695
10831
