369
438
439
452
568
1198
2199
2578
2812
2940
2948
3093
3135
3226
3731
3808
4337
4444
4577
5447
5667
6208
6939
6951
7071
8130
8217
8438
8439
8440
8443
8445
8446
8448
8449
8453
8465
8559
8560
8562
8569
8570
8571
8573
8574
8581
8584
8586
8588
8593
8690
8691
8694
8695
8697
8698
8699
8701
8703
8706
8709
8716
8719
8804
8805
8807
8808
8809
8813
8817
8818
8819
8821
8827
8831
8834
8835
8836
8840
8841
8842
8935
8937
8941
8942
8945
8947
8949
8950
8954
8957
8958
8959
8961
8962
8964
8970
9051
9054
9055
9058
9061
9064
9065
9069
9070
9071
9073
9074
9076
9078
9080
9081
9083
9084
9087
9090
9091
9093
9094
9180
9181
9183
9184
9187
9189
9190
9192
9193
9196
9197
9200
9201
9202
9203
9212
9213
9214
9217
9218
9221
9305
9312
9314
9317
9318
9321
9322
9323
9325
9327
9328
9330
9331
9333
9334
9336
9337
9338
9340
9342
9426
9431
9433
9435
9437
9445
9446
9449
9453
9454
9455
9458
9459
9466
9469
9470
9471
9552
9553
9555
9561
9562
9563
9564
9567
9568
9571
9575
9578
9580
9581
9582
9583
9584
9585
9587
9588
9590
9690
9694
9695
9696
9697
9698
9699
9701
9705
9707
9709
9713
9716
9718
9719
9720
9805
9807
9809
9811
9813
9815
9818
9819
9821
9825
9827
9833
9836
9838
9841
9842
9843
9933
9934
9938
9939
9940
9946
9948
9949
9950
9959
9960
10072
10084
