30
442
611
1844
1945
1977
1984
2059
2094
2155
2199
2238
3325
3582
3612
3825
4433
5276
5905
6435
6486
7194
8080
8285
8338
8434
8435
8436
8437
8443
8446
8450
8452
8453
8456
8459
8557
8558
8559
8563
8566
8574
8578
8579
8582
8583
8584
8587
8588
8682
8687
8692
8695
8698
8699
8704
8706
8707
8709
8713
8716
8718
8719
8803
8806
8807
8808
8809
8810
8820
8821
8822
8826
8827
8830
8832
8834
8835
8836
8839
8841
8845
8934
8935
8938
8941
8942
8945
8950
8954
8957
8960
8963
8964
8966
8967
8968
9051
9052
9060
9064
9065
9066
9067
9076
9083
9087
9089
9090
9093
9095
9176
9179
9180
9182
9188
9191
9193
9194
9195
9196
9201
9206
9210
9212
9213
9216
9217
9218
9221
9302
9304
9305
9306
9308
9309
9311
9314
9318
9321
9325
9330
9331
9332
9334
9339
9340
9429
9432
9433
9434
9437
9438
9439
9440
9441
9442
9443
9445
9447
9448
9455
9459
9460
9461
9462
9464
9465
9471
9551
9554
9555
9556
9559
9560
9563
9565
9566
9569
9572
9576
9579
9581
9582
9584
9585
9589
9592
9593
9594
9677
9679
9681
9682
9687
9688
9691
9692
9693
9697
9698
9703
9705
9706
9707
9709
9714
9716
9717
9718
9720
9803
9806
9808
9809
9811
9813
9816
9818
9819
9821
9822
9824
9827
9830
9831
9838
9841
9842
9932
9943
9944
9945
9946
9947
9949
9951
10056
10083
10194
