572
573
576
585
587
589
677
678
679
685
689
690
694
695
696
699
705
710
712
716
718
720
805
807
808
809
810
812
815
816
817
819
820
821
827
830
831
832
843
926
927
932
934
936
937
940
941
942
945
946
947
951
952
954
955
962
966
968
1057
1059
1061
1062
1066
1067
1070
1071
1072
1073
1079
1081
1084
1087
1092
1208
2433
2806
5655
6074
6077
6302
6442
7201
7203
7318
8118
8865
8973
10939
10949
11195
11326
11426
11815
12328
