378
489
575
679
795
799
800
801
807
808
813
817
818
916
921
926
927
932
938
939
942
1037
1041
1044
1047
1049
1050
1051
1054
1059
1060
1062
1063
1064
1066
1067
1070
1071
1072
1074
1161
1164
1165
1168
1173
1176
1177
1178
1180
1182
1183
1184
1185
1187
1189
1190
1191
1194
1197
1198
1200
1201
1202
1286
1287
1290
1292
1293
1297
1298
1301
1303
1309
1310
1311
1325
1326
1415
1419
1420
1422
1423
1424
1425
1428
1440
1443
1445
1447
1448
1450
1523
1544
1546
1548
1550
1552
1559
1560
1561
2417
2521
2641
3258
3658
3941
3985
4346
4395
4518
4844
5555
5831
5904
6081
6164
6311
6313
6314
6316
6415
6417
6419
6420
6424
6430
6431
6432
6433
6436
6437
6439
6441
6442
6443
6445
6446
6447
6449
6535
6543
6545
6546
6549
6552
6553
6554
6555
6557
6558
6559
6562
6564
6569
6576
6577
6662
6663
6665
6666
6667
6670
6675
6676
6677
6678
6680
6681
6684
6685
6689
6690
6693
6694
6700
6701
6703
6704
6786
6787
6790
6791
6792
6794
6796
6799
6802
6803
6805
6808
6814
6818
6820
6822
6824
6825
6828
6829
6910
6912
6914
6922
6923
6926
6927
6928
6930
6931
6935
6937
6943
6944
7037
7041
7050
7053
7056
7057
7063
7070
7076
7168
7171
7172
7173
7174
7175
7176
7180
7181
7182
7186
7189
7822
7833
8102
8134
8971
9269
9322
10009
10603
10701
10849
10853
11323
11336
11804
11808
11809
11922
11927
11931
11936
11937
11938
11939
11940
11941
11942
12041
12042
12044
12047
12054
12056
12059
12060
12061
12062
12066
12067
12068
12072
12166
12168
12169
12173
12174
12176
12177
12189
12190
12196
12199
12288
12289
12291
12292
12294
12298
12300
12301
12303
12315
12316
12317
12321
12322
12416
12417
12421
12424
12426
12429
12431
12436
12441
12445
12446
12545
12548
12555
12557
12558
12560
12563
12568
