963
991
1688
1825
1879
1996
2541
3064
3191
3341
3452
3955
4441
5406
5663
5936
7597
8435
8438
8443
8444
8445
8447
8448
8449
8450
8453
8454
8456
8459
8460
8461
8558
8561
8563
8566
8568
8569
8571
8572
8578
8581
8584
8588
8590
8663
8678
8684
8687
8689
8690
8691
8692
8694
8695
8697
8699
8702
8703
8710
8713
8802
8807
8808
8814
8815
8816
8817
8819
8821
8825
8827
8829
8830
8835
8836
8837
8839
8841
8842
8845
8935
8937
8941
8942
8947
8950
8951
8952
8955
8959
8962
8964
8965
8966
8967
8970
9053
9054
9059
9062
9064
9065
9080
9083
9084
9090
9092
9093
9095
9181
9182
9187
9191
9197
9199
9203
9206
9208
9212
9218
9221
9303
9305
9309
9310
9312
9313
9320
9321
9323
9324
9327
9329
9330
9331
9333
9335
9337
9339
9342
9344
9346
9428
9430
9431
9432
9433
9435
9442
9444
9445
9446
9448
9451
9453
9455
9456
9458
9460
9462
9464
9465
9469
9470
9551
9553
9558
9561
9562
9564
9565
9566
9567
9570
9571
9573
9575
9576
9579
9582
9585
9587
9590
9592
9593
9679
9681
9683
9686
9689
9690
9694
9701
9702
9703
9704
9705
9709
9710
9713
9716
9718
9803
9805
9808
9811
9816
9817
9819
9820
9821
9823
9826
9827
9829
9843
9932
9936
9937
9938
9939
9940
9949
9951
9958
9961
9963
10056
10068
10088
10867
11710
