1173
1696
1866
2812
3094
3368
3450
3572
3579
3697
3812
3842
3942
4452
4702
6155
6329
6507
6605
6698
7502
7730
7900
8434
8439
8443
8444
8445
8450
8451
8453
8456
8459
8462
8464
8465
8558
8563
8565
8569
8573
8574
8578
8580
8581
8582
8583
8584
8587
8591
8679
8681
8684
8686
8689
8690
8693
8694
8697
8699
8701
8703
8709
8710
8713
8716
8720
8805
8806
8809
8811
8815
8819
8822
8823
8826
8828
8831
8832
8834
8838
8840
8841
8844
8931
8933
8936
8939
8941
8943
8945
8947
8951
8952
8953
8955
8956
8960
8962
8964
8966
8967
8969
8970
9035
9052
9053
9057
9058
9059
9062
9064
9065
9069
9073
9076
9079
9083
9084
9085
9086
9087
9088
9089
9090
9093
9176
9181
9186
9190
9191
9196
9197
9199
9200
9202
9203
9205
9208
9211
9212
9213
9215
9216
9217
9302
9305
9309
9312
9316
9320
9322
9323
9324
9325
9329
9330
9333
9334
9335
9342
9343
9345
9426
9428
9433
9434
9435
9436
9437
9441
9442
9444
9445
9447
9448
9451
9454
9455
9461
9462
9464
9465
9468
9470
9555
9557
9558
9566
9571
9572
9576
9578
9581
9583
9587
9588
9590
9593
9680
9688
9690
9691
9692
9695
9699
9701
9703
9704
9708
9713
9714
9716
9719
9803
9804
9805
9807
9808
9811
9816
9817
9821
9822
9823
9824
9826
9827
9829
9834
9836
9837
9838
9840
9841
9928
9931
9934
9944
9946
9949
9950
9951
9955
9956
9957
10069
11691
11693
