50
455
1830
1836
2054
2544
2941
3325
3579
3814
4095
4214
4496
4704
5466
6693
6945
8107
8204
8302
8331
8434
8435
8437
8443
8444
8445
8449
8453
8459
8460
8465
8556
8559
8562
8567
8569
8571
8572
8575
8580
8583
8584
8590
8592
8593
8684
8686
8689
8691
8695
8697
8698
8699
8703
8704
8705
8706
8708
8709
8710
8712
8713
8715
8716
8717
8807
8816
8818
8821
8824
8825
8829
8831
8832
8834
8838
8841
8929
8933
8934
8935
8936
8938
8939
8940
8943
8944
8947
8948
8951
8953
8954
8961
8962
8963
8966
8968
9052
9058
9060
9064
9066
9070
9072
9074
9075
9081
9082
9088
9093
9095
9180
9182
9186
9187
9190
9191
9192
9194
9195
9199
9200
9203
9208
9209
9210
9212
9213
9215
9217
9220
9302
9304
9306
9308
9309
9310
9316
9319
9320
9322
9323
9324
9325
9326
9328
9329
9331
9332
9333
9334
9335
9336
9338
9342
9427
9430
9432
9433
9435
9436
9440
9442
9444
9449
9450
9455
9457
9460
9462
9464
9465
9467
9469
9470
9557
9559
9562
9563
9566
9567
9568
9573
9579
9582
9583
9584
9585
9587
9590
9596
9676
9677
9680
9681
9682
9684
9685
9686
9688
9689
9690
9694
9695
9698
9699
9701
9702
9703
9710
9715
9719
9804
9805
9806
9809
9811
9812
9813
9815
9816
9819
9822
9825
9826
9827
9831
9834
9835
9840
9841
9843
9845
9931
9934
9935
9939
9940
9941
9945
9948
9951
9953
9958
9959
10081
