398
3088
3094
3309
4134
4224
4433
5701
5821
7195
7386
8084
8318
8434
8436
8437
8441
8443
8444
8445
8446
8447
8450
8451
8453
8456
8457
8556
8559
8566
8571
8573
8574
8576
8580
8583
8585
8589
8590
8592
8681
8683
8684
8690
8692
8693
8697
8698
8699
8702
8703
8709
8710
8715
8717
8718
8719
8797
8809
8810
8811
8815
8817
8820
8821
8823
8825
8829
8833
8834
8835
8837
8839
8842
8843
8844
8927
8928
8935
8936
8937
8939
8940
8941
8942
8943
8946
8947
8950
8955
8957
8958
8963
8964
8966
8967
8968
8970
9051
9052
9053
9057
9059
9063
9064
9065
9066
9067
9073
9075
9079
9087
9093
9094
9182
9184
9186
9187
9190
9192
9195
9196
9199
9201
9205
9206
9209
9210
9211
9212
9213
9214
9215
9216
9217
9218
9220
9306
9308
9314
9315
9317
9319
9320
9323
9325
9327
9328
9331
9334
9335
9427
9429
9433
9440
9442
9444
9446
9447
9453
9454
9455
9456
9460
9461
9464
9467
9469
9552
9558
9561
9564
9566
9569
9570
9573
9578
9581
9583
9587
9588
9590
9677
9681
9686
9689
9692
9694
9696
9697
9698
9699
9701
9702
9703
9705
9706
9708
9710
9711
9713
9716
9719
9803
9809
9811
9812
9816
9817
9819
9822
9823
9826
9828
9831
9833
9835
9836
9837
9838
9841
9842
9934
9936
9939
9944
9946
9950
9952
9953
9956
9964
9965
10059
10159
10902
11057
11070
