191
734
2497
2676
2796
3914
3999
4034
4064
4649
4931
5049
5052
5058
5063
5066
5169
5170
5180
5183
5184
5192
5194
5296
5298
5301
5306
5310
5313
5314
5319
5351
5421
5424
5429
5437
5441
5442
5543
5544
5545
5547
5548
5550
5553
5554
5556
5557
5562
5565
5569
5671
5673
5674
5675
5677
5682
5683
5687
5689
5691
5713
5798
5800
5803
5806
6010
6471
6540
6542
6555
6563
6567
6568
6569
6571
6573
6662
6664
6665
6668
6669
6671
6672
6677
6679
6681
6682
6683
6685
6687
6691
6692
6693
6694
6696
6789
6790
6793
6795
6798
6804
6805
6806
6809
6810
6815
6821
6822
6914
6916
6918
6929
6934
6935
6938
6939
6940
6943
6944
6949
7395
7595
7678
7680
7681
7684
7688
7790
7793
7794
7796
7799
7801
7802
7805
7810
7811
7812
7815
7817
7819
7822
7911
7914
7915
7921
7922
7924
7925
7926
7927
7928
7933
7939
7952
8042
8044
8048
8050
8052
8055
8057
8059
8064
8068
8072
8074
8165
8169
8170
8172
8180
8182
8186
8187
8190
8191
8192
8193
8194
8195
8196
8198
8199
8200
8293
8295
8299
8301
8302
8304
8305
8307
8309
8311
8317
8318
8423
8427
8429
8431
8434
8435
8436
8437
8438
8439
8441
8442
