498
696
2072
3317
3460
3578
4693
5080
6594
6826
6837
6929
7439
8797
9183
9187
9189
9195
9197
9198
9199
9203
9206
9207
9313
9315
9318
9319
9320
9321
9324
9327
9330
9331
9335
9337
9339
9361
9431
9433
9438
9439
9445
9446
9447
9452
9456
9457
9462
9465
9466
9559
9561
9563
9564
9566
9567
9569
9570
9575
9576
9578
9579
9580
9582
9583
9585
9586
9588
9591
9592
9682
9686
9687
9688
9689
9691
9693
9696
9697
9698
9705
9706
9707
9709
9713
9716
9718
9807
9812
9813
9814
9815
9816
9820
9822
9824
9825
9827
9829
9830
9831
9835
9838
9841
9845
9926
9929
9930
9940
9942
9943
9944
9945
9946
9956
9961
9964
9965
9966
9968
9969
9970
10055
10057
10060
10062
10063
10064
10065
10066
10068
10073
10075
10077
10080
10083
10085
10086
10090
10094
10181
10183
10187
10190
10192
10197
10198
10199
10200
10203
10207
10209
10217
10314
11324
11813
11944
