558
569
2196
2197
3083
3443
3461
3683
3790
4445
4946
5450
6433
6690
6692
6693
6805
6946
8108
8144
9180
9189
9190
9201
9203
9206
9211
9214
9309
9311
9312
9320
9321
9328
9330
9332
9335
9336
9338
9433
9434
9438
9439
9440
9444
9445
9446
9447
9448
9454
9455
9456
9457
9461
9467
9557
9559
9561
9565
9567
9575
9577
9581
9584
9585
9586
9681
9682
9683
9686
9687
9693
9694
9696
9698
9700
9702
9705
9707
9709
9710
9712
9715
9803
9804
9809
9814
9815
9816
9817
9822
9824
9828
9833
9838
9839
9841
9842
9843
9844
9926
9927
9928
9931
9932
9934
9935
9937
9938
9940
9941
9942
9943
9946
9947
9951
9953
9959
9960
9964
9967
9968
9969
10051
10052
10053
10054
10057
10059
10060
10062
10064
10065
10066
10067
10071
10072
10075
10077
10078
10080
10083
10085
10087
10088
10094
10095
10179
10181
10186
10191
10193
10197
10201
10203
10204
10205
10206
10207
10212
10311
10318
