1070
2182
2302
2304
2309
2312
2425
2428
2429
2430
2432
3371
4840
6674
6676
6680
6685
6686
6687
6693
6696
6789
6792
6795
6796
6800
6807
6808
6814
6815
6816
6821
6822
6825
6826
6910
6914
6916
6917
6924
6928
6929
6931
6934
6935
6938
6939
6940
6941
6942
6945
6946
6947
6949
7034
7037
7038
7040
7041
7042
7044
7045
7046
7047
7048
7052
7055
7057
7062
7063
7064
7065
7066
7068
7072
7073
7077
7102
7165
7168
7169
7171
7172
7175
7177
7179
7180
7181
7183
7184
7185
7191
7193
7195
7196
7199
7200
7294
7296
7299
9117
10307
10748
10956
11305
11306
11308
11390
11416
11420
11421
11422
11425
11428
11429
11430
11431
11432
11435
11436
11447
11540
11542
11543
11546
11548
11549
11550
11552
11555
11557
11558
11565
11566
11568
11571
11572
11669
11681
11683
11684
11689
11690
11691
11692
11693
11694
