560
1110
2143
3081
3434
3590
4199
4715
5199
5320
5449
6709
6953
8357
9080
9081
9184
9185
9189
9193
9195
9197
9199
9203
9204
9209
9211
9307
9308
9313
9315
9317
9318
9319
9320
9321
9323
9324
9326
9327
9328
9331
9332
9334
9335
9342
9432
9438
9441
9442
9446
9447
9451
9461
9466
9566
9569
9571
9572
9574
9575
9576
9577
9578
9580
9582
9586
9592
9680
9681
9682
9686
9687
9689
9694
9696
9706
9708
9710
9712
9715
9716
9801
9803
9804
9808
9811
9814
9815
9816
9817
9818
9819
9821
9822
9823
9824
9825
9826
9831
9832
9838
9845
9926
9931
9933
9934
9936
9937
9942
9943
9944
9947
9950
9951
9952
9953
9961
9963
9968
10053
10056
10057
10059
10060
10061
10063
10067
10071
10072
10073
10075
10076
10078
10081
10083
10085
10086
10087
10089
10091
10093
10095
10179
10182
10186
10188
10189
10194
10200
10201
10209
10210
10213
10214
10222
10304
11432
11701
