871
1306
1310
1314
1316
1418
1420
1422
1426
1430
1434
1436
1437
1439
1440
1442
1446
1499
1540
1543
1552
1555
1557
1558
1562
1563
1564
1565
1570
1572
1672
1677
1679
1680
1681
1684
1688
1689
1691
1692
1694
2619
6794
6795
6796
6801
6804
6805
6806
6815
6819
6822
6864
6910
6911
6913
6914
6915
6918
6919
6923
6924
6925
6926
6928
6929
6933
6934
6936
6940
6944
6948
6950
6951
7038
7043
7044
7046
7049
7050
7051
7052
7054
7055
7057
7059
7061
7066
7074
7075
7076
7163
7165
7166
7171
7174
7175
7176
7179
7180
7181
7182
7183
7187
7188
7189
7191
7198
7236
9330
9357
9781
10832
11782
12173
12175
12177
12179
12182
12183
12185
12188
12192
12194
12289
12290
12291
12292
12296
12297
12298
12299
12300
12301
12315
12317
12318
12322
12412
12413
12414
12416
12419
12425
12427
12428
12430
12431
12434
12435
12438
12441
12443
12445
12446
12447
12452
12540
12542
12546
12548
12550
12552
12556
12559
12561
12574
