414
569
933
1949
2582
3197
4555
4842
5332
5465
5902
6156
6705
6804
6841
8373
8838
8941
8948
9196
9204
9206
9214
9307
9319
9320
9326
9329
9330
9331
9333
9334
9336
9431
9433
9435
9439
9442
9445
9448
9453
9456
9457
9460
9465
9553
9557
9560
9561
9564
9566
9568
9569
9577
9578
9579
9580
9581
9587
9588
9589
9591
9679
9685
9689
9691
9694
9696
9697
9698
9699
9700
9703
9704
9707
9709
9713
9716
9717
9814
9817
9818
9819
9821
9822
9825
9827
9828
9829
9832
9834
9838
9845
9928
9930
9931
9936
9937
9938
9939
9940
9942
9945
9946
9948
9952
9954
9955
9958
9959
9963
9964
9965
9966
9967
9969
10054
10056
10057
10059
10062
10066
10068
10075
10078
10079
10082
10084
10085
10088
10178
10182
10185
10186
10187
10189
10194
10197
10198
10200
10201
10202
10205
10206
10207
10208
10212
10216
10313
10316
10429
10463
11072
11086
11215
11309
