1351
1671
2332
2344
2578
2809
2954
3323
3557
4100
4206
4305
4327
4447
6708
7089
7326
8694
9185
9186
9189
9190
9196
9204
9314
9316
9318
9325
9331
9333
9335
9337
9431
9435
9436
9439
9440
9441
9444
9445
9448
9452
9458
9460
9462
9465
9467
9559
9561
9563
9564
9569
9572
9573
9575
9576
9584
9586
9588
9589
9590
9591
9593
9679
9685
9686
9689
9693
9694
9696
9697
9698
9699
9703
9704
9705
9706
9710
9714
9716
9803
9810
9817
9818
9820
9822
9825
9826
9827
9828
9829
9832
9839
9840
9841
9844
9928
9931
9932
9938
9939
9940
9941
9944
9946
9947
9949
9950
9952
9955
9956
9957
9965
9966
9970
10057
10060
10063
10066
10067
10068
10069
10071
10079
10080
10081
10083
10084
10085
10086
10087
10088
10092
10093
10178
10181
10183
10186
10188
10189
10190
10191
10192
10195
10196
10198
10199
10200
10201
10202
10203
10206
10207
10209
10211
10212
10214
10215
10216
10329
10330
10339
11458
