149
667
668
675
679
681
683
684
685
687
690
695
697
699
752
786
787
788
792
795
796
798
800
802
809
810
812
815
816
817
818
819
820
821
823
825
826
827
911
914
917
919
921
924
925
926
927
930
931
932
933
935
936
937
939
940
944
946
949
1044
1046
1049
1050
1054
1056
1059
1112
1917
1918
1919
1921
1924
1925
1927
1931
1933
1935
1937
1942
1946
2042
2043
2048
2053
2055
2060
2067
2069
2073
2174
2181
2183
2188
3410
3674
4510
5393
5653
5783
5797
5812
8958
8966
9203
9548
10382
11251
11296
11298
11299
11305
11306
11310
11312
11313
11318
11319
11321
11322
11413
11415
11419
11420
11423
11425
11426
11427
11428
11430
11432
11433
11436
11437
11438
11440
11441
11442
11448
11450
11540
11542
11543
11545
11548
11550
11552
11553
11559
11560
11562
11564
11566
11568
11657
12426
12427
12428
12438
12537
12539
12549
12551
12552
12553
12556
12557
12558
12559
12571
12574
