584
878
936
2562
2681
2693
2698
3689
4462
5448
5698
5836
6570
6586
7059
7303
8615
9121
9932
9938
9944
9947
9950
9954
9957
9960
9962
10056
10060
10063
10064
10067
10069
10070
10072
10074
10075
10078
10085
10087
10088
10091
10092
10093
10094
10178
10179
10184
10185
10187
10191
10192
10195
10197
10201
10202
10203
10206
10210
10215
10217
10220
10303
10311
10313
10314
10315
10316
10317
10319
10321
10322
10324
10327
10328
10329
10330
10331
10332
10333
10335
10345
10435
10438
10439
10442
10444
10447
10450
10451
10452
10453
10456
10459
10460
10463
10464
10582
11821
