8
130
168
484
2665
2953
3440
3550
3555
3556
3558
3562
3563
3669
3672
3673
3678
3679
3681
3682
3684
3686
3689
3691
3794
3797
3799
3801
3803
3804
3805
3806
3810
3816
3817
3922
3923
3924
3934
3938
3942
4052
4058
4059
4061
4062
4064
4901
5314
5793
6248
6547
6550
6552
6553
6554
6558
6560
6561
6564
6568
6600
6667
6668
6677
6679
6680
6687
6689
6693
6695
6696
6699
6788
6794
6801
6805
6806
6807
6809
6812
6813
6814
6824
6825
6826
6909
6915
6917
6923
6929
6930
6933
6934
6936
6938
6940
6943
6947
6949
6950
6951
6952
6953
6954
7044
7045
7046
7047
7050
7051
7052
7055
7058
7060
7061
7065
7068
7070
7071
7072
7073
7077
7079
7153
7160
7162
7164
7169
7170
7171
7173
7174
7175
7176
7177
7178
7186
7188
7190
7193
7194
7195
7197
7198
7200
7293
7296
7297
7299
7300
7301
7302
7304
7306
7307
7308
7309
7310
7311
7312
7313
7314
