2430
2587
2701
2729
3593
3703
3806
4463
4589
4684
4842
4943
5454
5594
7703
9043
9817
9933
9936
9937
9938
9939
9943
9944
9947
9948
9956
9959
9962
10053
10056
10061
10063
10066
10067
10069
10071
10072
10074
10075
10076
10078
10082
10084
10088
10089
10090
10092
10182
10183
10188
10189
10190
10192
10193
10194
10196
10199
10200
10201
10205
10208
10210
10212
10215
10217
10220
10302
10305
10312
10313
10314
10319
10321
10325
10328
10329
10330
10333
10337
10339
10340
10342
10344
10345
10431
10435
10438
10439
10440
10442
10444
10445
10446
10452
10453
10454
10456
10457
10458
10459
10460
10461
10462
10463
11954
12090
