1578
2075
2439
2455
3191
3531
3584
3962
4044
4046
4327
5089
5559
6575
7056
7321
9602
9827
9933
9935
9936
9938
9939
9946
9949
9955
9956
9957
9963
9966
10060
10061
10062
10063
10064
10065
10066
10067
10069
10073
10074
10080
10081
10082
10083
10087
10092
10094
10178
10180
10181
10183
10185
10187
10188
10189
10193
10197
10199
10201
10203
10204
10206
10207
10210
10213
10214
10215
10217
10301
10306
10307
10312
10313
10314
10317
10319
10321
10327
10329
10332
10333
10334
10343
10431
10440
10445
10446
10451
10452
10453
10454
10456
10457
10459
10460
10467
10580
11710
