66
771
806
2450
3148
4676
5181
5308
6482
6548
6553
6554
6556
6557
6558
6561
6562
6670
6675
6676
6677
6679
6682
6683
6687
6688
6696
6789
6790
6793
6794
6795
6797
6800
6801
6802
6803
6804
6807
6810
6812
6816
6821
6823
6908
6912
6913
6915
6919
6920
6922
6925
6927
6928
6930
6937
6939
6940
6942
6943
6944
6945
6946
6949
6951
6953
6954
7034
7035
7036
7042
7043
7047
7048
7051
7054
7055
7060
7061
7063
7064
7065
7066
7068
7069
7078
7079
7160
7168
7169
7172
7173
7175
7177
7179
7184
7185
7186
7188
7191
7195
7196
7291
7292
7293
7296
7299
7303
7307
7308
7312
7313
8548
9019
10304
10305
10428
10431
10433
