585
2440
2696
3460
3699
3939
3947
4574
4589
5059
5201
5337
5457
6754
7182
7221
9802
9932
9937
9938
9939
9946
9949
9950
9952
9953
9955
9956
9957
9958
9962
9963
10058
10061
10063
10068
10069
10070
10072
10073
10074
10082
10083
10084
10085
10087
10088
10089
10092
10093
10094
10178
10181
10187
10190
10191
10197
10199
10201
10204
10206
10209
10210
10213
10214
10218
10219
10220
10301
10306
10308
10311
10314
10322
10323
10324
10326
10329
10330
10335
10336
10337
10430
10431
10435
10436
10438
10439
10440
10449
10450
10451
10453
10456
10457
10458
10460
10461
10462
10463
10466
11278
11435
11710
12054
