93
383
411
421
422
429
431
432
433
434
439
443
448
449
480
540
545
547
548
549
550
553
558
561
565
567
568
572
574
670
671
674
679
680
685
686
693
729
895
953
1148
1295
1312
1317
1410
1455
1924
1926
1928
1930
1931
1933
1934
1935
1936
1937
1938
1939
1946
1947
1948
2035
2036
2037
2043
2045
2054
2058
2059
2061
2066
2067
2068
2071
2073
2077
2162
2167
2168
2169
2170
2171
2175
2176
2178
2181
2182
2185
2187
2188
2189
2195
2198
2201
2287
2288
2291
2292
2293
2296
2297
2298
2300
2303
2304
2305
2318
2323
2326
2412
2414
2415
2418
2422
2423
2427
2429
2431
2432
2433
2434
2437
2438
2445
2447
2745
2799
2895
2933
3082
3324
3333
3349
3482
3521
3608
3722
3743
3874
3875
3975
4050
4057
4061
4062
4063
4064
4164
4167
4170
4172
4174
4176
4178
4179
4180
4184
4186
4190
4191
4244
4291
4295
4296
4297
4298
4305
4306
4309
4312
4315
4316
4318
4319
4320
4322
4324
4325
4326
4410
4412
4414
4420
4423
4424
4426
4427
4428
4429
4433
4438
4441
4442
4443
4446
4447
4449
4450
4451
4452
4534
4535
4537
4538
4540
4544
4546
4547
4550
4555
4556
4558
4561
4562
4563
4567
4568
4569
4570
4571
4572
4575
4579
4661
4663
4667
4668
4671
4672
4676
4677
4678
4693
4701
4784
4788
4790
4792
4796
4797
4801
4802
4805
4806
4807
4809
4810
4814
4816
4817
4821
4823
4824
4826
4827
4888
4911
4913
4920
4928
4930
4932
4936
4937
4938
4944
4945
4946
4948
4950
5041
5044
5046
5051
5052
5053
5054
5055
5058
5061
5065
5067
5075
5163
5168
5172
5173
5176
5177
5180
5185
5190
5194
5250
5296
5298
5300
5304
5306
5312
5320
5397
5416
5417
5420
5428
5431
5432
5435
5437
5439
5440
5442
5445
5446
5547
5548
5549
5554
5562
5564
5565
5857
6391
6415
6495
6645
6655
6790
6794
6795
6796
6804
6805
6806
6810
6814
6821
6823
6913
6916
6917
6918
6920
6922
6925
6928
6933
6934
6936
6940
6942
6944
6949
6951
7035
7036
7043
7044
7053
7056
7057
7058
7059
7060
7061
7065
7066
7069
7070
7072
7149
7161
7166
7172
7173
7177
7179
7180
7181
7182
7184
7186
7187
7188
7191
7193
7194
7196
7217
7295
7564
7907
8172
8254
8529
8619
8725
8862
9096
9133
9151
9297
9298
9306
9308
9310
9314
9425
9427
9437
9438
9439
9440
9523
9543
9544
9547
9552
9557
9558
9559
9560
9667
9669
9670
9673
9674
9677
9680
9684
9687
9690
9698
9789
9791
9793
9796
9798
9803
9808
9811
9813
9817
9819
9824
9911
9913
9914
9916
9918
9921
9923
9928
9931
9934
9936
9937
9938
9939
9941
9944
9948
9953
10039
10040
10047
10052
10053
10055
10060
10061
10065
10072
10073
10075
10163
10164
10166
10168
10169
10172
10173
10174
10175
10176
10179
10181
10183
10184
10185
10190
10195
10196
10199
10290
10293
10294
10295
10296
10298
10300
10307
10311
10312
10316
10319
10383
10432
10435
10586
10625
10933
11114
11326
11421
11425
11429
11432
11437
11438
11471
11480
11485
11539
11540
11552
11553
11554
11561
11562
11564
11571
11572
11661
11672
11679
11680
11681
11682
11686
11690
11692
11694
11699
11787
11792
11794
11801
11805
11809
11811
11812
11816
11817
11818
11824
11825
11921
11923
11925
11929
11934
11935
11937
11938
11940
11942
