707
946
2696
2822
3699
5186
5200
5473
5581
6279
6689
6970
7422
7703
9834
9936
9940
9941
9942
9944
9945
9949
9951
9956
9966
9968
10053
10055
10058
10062
10064
10069
10070
10071
10075
10079
10081
10082
10083
10085
10088
10090
10178
10179
10191
10195
10196
10199
10201
10205
10207
10208
10210
10213
10221
10304
10306
10308
10311
10312
10314
10315
10316
10317
10318
10319
10320
10321
10322
10329
10330
10331
10333
10335
10336
10339
10340
10344
10421
10430
10431
10434
10435
10440
10441
10445
10447
10448
10451
10452
10455
10456
10457
10459
10460
10462
10466
10467
10570
