64
201
401
422
423
424
426
434
537
540
541
550
553
558
559
561
562
563
565
567
575
660
669
670
671
677
681
683
687
689
690
695
696
700
701
791
793
795
802
804
805
809
812
819
823
832
917
918
928
930
931
932
933
934
936
940
942
943
1063
1193
1207
1363
1552
1861
1964
2018
2053
2057
2062
2167
2168
2169
2171
2179
2182
2183
2184
2185
2186
2187
2188
2192
2197
2200
2285
2290
2293
2295
2298
2299
2301
2302
2303
2304
2305
2306
2307
2308
2309
2310
2311
2312
2316
2317
2318
2320
2321
2326
2406
2412
2415
2422
2423
2426
2428
2429
2431
2433
2434
2435
2437
2442
2443
2444
2447
2448
2453
2482
2539
2543
2545
2546
2547
2550
2552
2553
2554
2555
2556
2558
2560
2563
2567
2569
2571
2573
2665
2666
2668
2673
2674
2676
2677
2681
2683
2684
2686
2688
2690
2693
2694
2695
2697
2698
2699
2793
2794
2797
2800
2802
2804
2810
2811
2812
2817
2818
2819
2820
2895
3273
3356
3465
3527
3574
3915
4424
4431
4433
4434
4437
4438
4552
4555
4556
4565
4566
4628
4668
4677
4678
4683
4685
4687
4695
4792
4799
4801
4806
4810
4812
4816
4819
4822
4918
4925
4927
4928
4933
4934
4935
4937
4938
4939
4941
4942
4945
4948
4953
4987
5035
5038
5040
5041
5042
5045
5046
5047
5054
5059
5060
5061
5062
5077
5160
5164
5165
5168
5169
5170
5172
5174
5177
5179
5181
5182
5183
5184
5185
5192
5194
5195
5196
5200
5284
5287
5291
5292
5293
5294
5296
5300
5301
5302
5304
5305
5312
5315
5316
5324
5326
5353
5411
5417
5418
5423
5426
5429
5430
5431
5433
5436
5437
5438
5442
5446
5448
5449
5451
5500
5534
5538
5545
5546
5548
5549
5550
5556
5563
5571
5576
5577
5626
5667
5670
5672
5673
5674
5675
5676
5679
5680
5681
5682
5683
5684
5685
5686
5687
5688
5693
5694
5695
5696
5806
5807
5809
5810
5813
5816
5820
5824
5922
5924
5925
5927
6342
6524
6642
6683
6753
6928
6931
6933
7041
7042
7044
7046
7049
7050
7052
7058
7059
7062
7064
7066
7070
7161
7163
7166
7174
7177
7178
7179
7180
7182
7185
7186
7188
7189
7193
7194
7198
7199
7201
7225
7241
7242
7290
7293
7297
7298
7299
7300
7302
7303
7307
7308
7311
7312
7314
7315
7318
7320
7321
7323
7327
7415
7418
7419
7423
7429
7430
7431
7436
7441
7708
7883
7983
8650
8851
8867
8934
8954
8986
9050
9250
9716
9837
9930
9934
9938
9940
9950
10045
10047
10051
10056
10060
10062
10063
10064
10067
10072
10105
10162
10166
10169
10171
10173
10176
10177
10179
10180
10181
10182
10185
10188
10189
10192
10194
10197
10200
10201
10285
10292
10293
10295
10297
10304
10305
10306
10309
10310
10312
10313
10317
10319
10320
10323
10324
10325
10327
10419
10420
10421
10422
10423
10424
10428
10429
10431
10433
10434
10436
10437
10438
10439
10442
10446
10448
10474
10546
10550
10551
10559
10561
10563
10564
10567
10569
10908
10953
10986
11085
11133
11222
11325
11651
11657
11671
11672
11676
11681
11685
11686
11687
11691
11751
11787
11789
11792
11793
11797
11798
11800
11802
11806
11809
11811
11813
11817
11819
11821
11824
11870
11914
11917
11918
11919
11920
11921
11922
11924
11930
11931
11936
11942
11945
11952
11983
12036
12039
12040
12043
12050
12057
12058
12062
12063
12065
12066
12069
12071
12074
12096
12165
12169
12172
12175
12176
12179
12182
12186
12189
12190
12193
12195
