203
577
1136
1383
2337
2348
2743
3273
3601
3925
3932
3933
3939
3940
3942
4043
4050
4051
4065
4070
4168
4171
4174
4184
4185
4187
4190
4191
4192
4296
4297
4298
4299
4309
4313
4421
4422
4423
4424
4426
4431
4433
4436
4464
4553
4555
4557
4558
4560
4561
4675
4677
4678
4681
4683
4807
4958
6811
6918
6919
6920
6923
6924
6929
6930
6935
6936
6938
6943
6944
6945
7039
7043
7044
7046
7047
7051
7054
7055
7059
7061
7062
7066
7067
7162
7164
7167
7169
7171
7174
7176
7179
7180
7181
7182
7188
7190
7191
7192
7194
7200
7201
7288
7290
7295
7298
7301
7302
7308
7310
7311
7312
7315
7320
7322
7324
7325
7327
7397
7412
7413
7426
7430
7431
7433
7436
7438
7441
7443
7444
7445
7446
7545
7546
7548
7549
7555
7566
7567
