684
953
1077
2437
2443
2826
3201
3946
5192
5339
5589
6081
6939
7578
7951
8195
9490
10078
10185
10188
10193
10195
10199
10201
10205
10206
10207
10209
10216
10311
10317
10320
10323
10324
10325
10328
10329
10332
10333
10335
10340
10341
10342
10427
10428
10429
10430
10432
10435
10438
10440
10441
10443
10445
10446
10451
10453
10455
10457
10459
10461
10465
10553
10555
10559
10560
10561
10567
10568
10569
10570
10574
10577
10579
10580
10581
10584
10586
10590
10591
10593
10595
10681
10687
10688
10690
10692
10696
10698
10700
10702
10703
10708
10710
10712
10715
10829
11324
11952
12311
