435
812
1066
2442
2577
3700
3826
3933
5806
6212
7080
7318
7936
8066
8155
8199
8203
10186
10189
10190
10192
10198
10199
10200
10201
10209
10211
10212
10307
10311
10317
10318
10323
10324
10329
10330
10331
10332
10336
10337
10338
10343
10345
10428
10429
10436
10439
10443
10444
10446
10447
10451
10452
10453
10455
10456
10459
10460
10462
10468
10551
10552
10557
10558
10559
10563
10566
10574
10575
10577
10578
10579
10584
10587
10591
10664
10682
10684
10686
10687
10689
10692
10695
10701
10704
10707
10710
10714
11699
12056
12057
12311
12447
