433
601
738
872
1076
2807
2839
2946
2953
4702
4817
5088
5089
5182
5686
6943
6958
7201
7936
9863
10191
10192
10193
10200
10207
10211
10212
10215
10304
10307
10308
10310
10311
10312
10313
10315
10317
10319
10321
10323
10324
10326
10327
10330
10334
10337
10338
10340
10341
10343
10428
10432
10434
10438
10441
10443
10444
10445
10446
10448
10451
10453
10456
10457
10458
10462
10464
10467
10559
10562
10563
10564
10565
10567
10570
10571
10573
10574
10577
10578
10582
10589
10591
10592
10681
10685
10686
10687
10688
10689
10693
10694
10695
10696
10700
10703
10704
10705
10706
10707
10708
10715
10825
10826
11690
