273
634
1297
1301
1302
1310
1311
1313
1315
1316
1318
1419
1420
1429
1431
1433
1434
1441
1442
1446
1547
1551
1553
1555
1557
1559
1562
1564
1567
1568
1571
1574
1661
1662
1665
1666
1667
1669
1670
1674
1675
1676
1684
1687
1689
1691
1697
1698
1700
1701
1787
1790
1793
1794
1795
1798
1804
1805
1807
1815
1822
1823
1824
1826
1914
1919
1920
1922
1924
1926
1928
1933
1936
2051
2052
2057
2058
2060
2317
2333
2975
3097
3336
3440
4539
5950
6811
6813
6844
6915
6919
6922
6923
6928
6931
6933
6935
6936
6941
7049
7052
7055
7056
7057
7059
7061
7062
7066
7068
7069
7070
7071
7074
7161
7163
7167
7168
7171
7174
7178
7180
7181
7184
7185
7187
7188
7192
7198
7199
7200
7204
7284
7287
7289
7290
7292
7293
7294
7295
7298
7300
7304
7305
7308
7311
7312
7313
7314
7317
7320
7327
7328
7397
7419
7420
7421
7422
7423
7425
7427
7429
7436
7439
7444
7445
7446
7448
7545
7546
7547
7549
7550
7552
7554
7555
7556
7561
7568
7569
7570
9355
12304
12306
12308
12310
12311
12313
12422
12428
12433
12439
12441
12443
12542
12543
12546
12547
12552
12554
12555
12558
12559
12567
12568
12569
12570
