291
1074
1252
2322
2324
2593
2686
2818
2944
3057
4068
4697
4816
5236
6069
6829
7340
7962
10186
10190
10199
10207
10212
10216
10306
10307
10308
10311
10315
10319
10323
10324
10325
10327
10330
10331
10334
10337
10342
10345
10426
10431
10434
10437
10438
10439
10443
10445
10446
10447
10454
10455
10456
10458
10461
10462
10463
10465
10551
10556
10559
10563
10564
10565
10571
10573
10574
10577
10578
10579
10582
10584
10585
10586
10587
10592
10594
10684
10688
10689
10694
10695
10700
10701
10703
10704
10707
10708
10710
10711
10713
10714
10715
12311
12444
