342
544
549
550
553
558
561
562
564
565
566
567
568
569
570
572
660
661
662
663
669
671
673
675
677
679
680
683
686
692
697
699
700
701
702
785
786
790
791
792
796
798
800
802
806
812
813
814
815
816
817
824
827
909
910
911
914
915
919
921
922
924
927
928
932
936
943
944
952
1036
1040
1041
1042
1044
1045
1046
1049
1050
1052
1054
1057
1058
1060
1063
1065
1067
1074
1075
1172
1177
1178
1180
1182
1186
1187
1190
1233
1313
1534
1929
2737
3052
3055
3059
3180
3181
4133
4250
5497
7093
8133
8168
8294
8548
8733
10085
10801
10802
10804
10811
10813
10814
10816
10819
10820
10915
10922
10925
10926
10929
10931
10932
10934
10936
10937
10939
10940
10942
10948
10949
11038
11039
11042
11043
11044
11045
11048
11051
11057
11059
11060
11061
11062
11063
11065
11066
11069
11070
11072
11073
11164
11165
11168
11175
11177
11183
11185
11191
11193
11198
