673
674
680
685
689
690
692
788
793
794
795
800
804
805
807
808
810
811
813
815
817
818
822
823
824
825
912
914
915
918
920
923
925
926
929
932
933
935
938
942
943
946
948
1044
1045
1047
1049
1052
1054
1056
1057
1058
1062
1063
1064
1065
2034
2174
2175
2177
2179
2184
2187
2303
3442
5291
5688
6281
6958
7003
7047
7053
7054
7055
7056
7059
7060
7061
7062
7064
7065
7160
7161
7169
7170
7171
7172
7174
7175
7177
7179
7181
7182
7183
7184
7185
7188
7190
7191
7193
7194
7195
7198
7200
7202
7284
7286
7289
7293
7295
7297
7298
7300
7304
7305
7306
7307
7308
7312
7315
7316
7317
7319
7320
7322
7422
7424
7425
7428
7859
8106
8202
8531
8542
9339
10660
10975
11342
11668
11926
11927
11936
11943
12044
12045
12047
12048
12050
12055
12059
12061
12063
12068
12069
12073
12163
12165
12170
12171
12173
12175
12176
12187
12188
12189
12190
12197
12200
12295
12296
12298
12299
12301
12302
12306
12308
12310
12311
