2349
3987
4748
7169
7173
7176
7177
7179
7183
7184
7185
7187
7189
7197
7286
7288
7289
7291
7298
7299
7301
7302
7303
7306
7308
7309
7313
7314
7317
7321
7324
7326
7327
7413
7414
7416
7417
7418
7421
7423
7424
7425
7426
7428
7429
7431
7432
7436
7439
7441
7442
7443
7447
7448
7539
7541
7542
7544
7547
7550
7554
7555
7560
7561
7562
7568
7570
7573
7577
7676
7677
7678
7679
7680
7681
7685
7689
7694
7695
7798
7799
7800
7801
7802
7803
7806
7811
7813
7916
8012
9015
10694
10807
