952
2942
4199
4565
4819
4835
5326
5847
5963
6843
7327
7459
8329
8701
10462
10559
10561
10562
10564
10565
10567
10568
10578
10580
10581
10585
10586
10587
10591
10592
10594
10677
10681
10684
10685
10689
10690
10691
10692
10698
10699
10700
10702
10704
10705
10706
10707
10708
10712
10715
10801
10802
10804
10805
10809
10811
10814
10819
10822
10827
10828
10832
10833
10835
10836
10839
10840
10844
10931
10933
10941
10944
10946
10947
10949
10950
10951
10953
10954
10955
10956
10957
10961
10964
11843
11959
