818
1189
1322
2823
2838
3057
3312
4182
4187
4194
4207
4456
4559
4682
4947
5169
5184
7439
7565
9817
10460
10553
10555
10560
10561
10564
10568
10571
10572
10574
10575
10576
10583
10584
10585
10587
10589
10590
10594
10678
10682
10690
10692
10693
10694
10698
10699
10700
10703
10711
10712
10720
10802
10805
10809
10811
10812
10814
10820
10821
10823
10824
10826
10827
10830
10831
10833
10834
10837
10838
10839
10841
10931
10933
10934
10938
10940
10941
10942
10944
10946
10952
10954
10957
10958
10963
11073
12193
