438
1201
1323
1791
2762
3185
3452
3460
4057
4188
4934
5569
5702
5943
6743
7586
7592
9426
9671
10326
10557
10559
10563
10568
10569
10575
10577
10580
10589
10590
10591
10592
10593
10678
10680
10686
10689
10690
10691
10692
10693
10694
10697
10699
10701
10704
10706
10708
10711
10712
10713
10719
10720
10801
10802
10804
10807
10808
10809
10812
10813
10815
10819
10820
10823
10825
10826
10827
10830
10832
10833
10835
10839
10840
10841
10842
10931
10932
10933
10934
10937
10941
10944
10948
10949
10951
10953
10954
10959
10961
10967
11075
11087
11699
11807
12082
12282
12342
