921
926
927
930
932
936
938
941
943
946
1038
1039
1043
1048
1049
1050
1051
1055
1059
1064
1070
1073
1074
1075
1076
1163
1165
1166
1167
1171
1172
1175
1176
1181
1185
1186
1187
1189
1193
1299
1300
1302
1308
1316
1493
1610
1615
2426
2431
2433
2434
2551
2554
2557
2994
3506
4208
5292
5834
6051
6244
6264
6770
7297
7298
7299
7301
7302
7307
7308
7313
7315
7410
7412
7415
7417
7418
7420
7427
7429
7430
7433
7434
7437
7439
7446
7447
7450
7540
7543
7545
7546
7547
7551
7552
7554
7557
7562
7563
7565
7568
7569
7570
7575
7825
8163
8387
9907
10528
10654
10865
11651
11713
12293
12294
12297
12301
12303
12309
12314
12316
12320
12322
12324
12416
12425
12429
12430
12432
12433
12436
12442
12443
12444
12447
12448
12540
12543
12550
12551
12556
12558
12559
12560
12562
12568
12572
