20
621
732
828
1350
1547
1548
1549
1550
1553
1556
1558
1559
1560
1564
1565
1567
1569
1667
1674
1676
1685
1687
1688
1689
1692
1787
1788
1792
1793
1795
1797
1799
1803
1805
1807
1813
1817
1819
1912
1917
1918
1926
1928
1929
1932
1933
1934
1937
1938
1939
1941
1943
1944
1946
1951
2037
2040
2042
2044
2046
2047
2048
2050
2051
2054
2060
2061
2062
2064
2065
2067
2071
2072
2170
2172
2174
2176
2179
2181
2185
2186
2187
2193
2297
2300
2302
2308
2309
2422
2477
2943
3528
3926
4280
5956
6462
6650
6985
7165
7170
7171
7172
7174
7176
7180
7181
7187
7188
7189
7192
7193
7197
7198
7288
7289
7294
7298
7304
7307
7309
7310
7311
7312
7315
7317
7324
7327
7410
7421
7422
7423
7424
7425
7427
7428
7433
7435
7437
7439
7443
7444
7450
7451
7452
7535
7536
7538
7544
7546
7547
7548
7549
7551
7554
7555
7561
7562
7563
7568
7571
7577
7578
7670
7672
7673
7674
7676
7678
7679
7680
7681
7684
7685
7689
7694
7695
7699
7797
7800
7806
7808
7812
7813
7816
7819
7925
