1178
1318
1352
1361
1746
1929
2084
2228
2970
4172
4176
4177
4178
4179
4180
4183
4185
4187
4302
4303
4305
4308
4311
4313
4314
4321
4420
4422
4423
4424
4425
4426
4427
4428
4433
4435
4436
4438
4439
4444
4543
4545
4552
4554
4557
4560
4562
4564
4566
4570
4669
4672
4674
4675
4677
4679
4685
4686
4690
4692
4694
4805
4806
4808
4817
4820
4921
4924
4928
4929
4930
4933
4939
4940
4941
4942
5051
5055
5056
5062
5064
5146
5179
5180
5181
5183
5334
5433
5919
6319
7167
7168
7170
7171
7173
7175
7178
7179
7184
7186
7187
7188
7189
7190
7194
7195
7196
7197
7198
7250
7290
7292
7294
7300
7301
7305
7306
7307
7309
7311
7312
7313
7318
7319
7322
7325
7328
7411
7414
7415
7418
7419
7421
7422
7425
7426
7427
7430
7431
7432
7440
7442
7444
7445
7446
7536
7537
7540
7545
7548
7552
7553
7555
7557
7560
7562
7563
7568
7569
7572
7574
7671
7672
7682
7685
7688
7693
7697
7801
7802
7805
7813
7815
7816
7817
7927
7928
