172
719
2513
3256
3277
3926
4405
6181
6182
6296
6299
6305
6306
6313
6314
7293
7297
7298
7300
7301
7302
7306
7311
7313
7316
7317
7319
7325
7326
7411
7416
7419
7422
7424
7435
7438
7441
7442
7443
7444
7445
7452
7544
7546
7547
7548
7549
7554
7559
7560
7564
7572
7574
9550
9552
9556
9559
9562
9675
9682
9685
9687
9789
9791
9792
9795
9796
9801
9806
9807
9808
9812
9815
9820
9821
9822
9911
9912
9914
9916
9917
9929
9934
9935
9936
9937
9939
9940
9942
9943
9949
10044
10046
10048
10050
10051
10052
10054
10055
10056
10057
10060
10061
10065
10066
10067
10165
10167
10171
10174
10180
10188
10189
10190
