438
560
822
946
1185
1315
1695
2406
3209
3329
4951
5187
5215
5456
5683
5702
5812
6080
6304
6637
7946
8071
8194
8325
10682
10684
10685
10686
10692
10695
10700
10701
10703
10706
10711
10714
10806
10811
10817
10820
10824
10825
10834
10835
10837
10838
10839
10842
10930
10935
10938
10940
10941
10945
10947
10948
10953
10954
10955
10959
10961
10965
10966
10967
11053
11056
11057
11058
11062
11064
11067
11068
11069
11070
11075
11077
11078
11080
11082
11085
11088
11089
11181
11185
11186
11187
11193
11195
11196
11197
11201
11204
11207
11212
11214
12569
