100
585
1574
1575
2946
3337
3342
3582
4690
5428
5817
6195
7004
7047
7359
7365
8827
9066
9404
10283
10685
10687
10688
10693
10697
10698
10699
10701
10703
10706
10711
10810
10812
10815
10817
10818
10819
10823
10826
10828
10833
10835
10837
10840
10928
10929
10930
10932
10934
10936
10937
10938
10939
10942
10944
10946
10949
10952
10953
10954
10955
10956
10958
10959
10961
10963
10965
10966
10967
10970
11051
11053
11055
11056
11057
11061
11066
11068
11069
11073
11074
11077
11078
11079
11080
11084
11086
11088
11091
11094
11182
11191
11193
11200
11207
11209
11211
11212
11213
11214
