146
434
437
438
439
440
442
443
444
483
542
543
545
547
548
550
554
556
557
565
568
570
573
663
664
667
671
673
674
676
678
680
681
682
684
687
688
691
693
696
698
700
702
703
792
796
797
798
801
802
803
806
810
811
813
819
822
825
829
913
915
916
918
920
921
924
927
928
930
933
934
935
939
942
943
949
1038
1042
1044
1045
1048
1050
1053
1054
1060
1065
1071
1072
1075
1166
1168
1169
1172
1174
1178
1182
1184
1186
1188
1189
1191
1194
1198
1296
1298
1303
1304
1638
2176
2391
2402
2568
2807
3130
3256
3285
4316
5613
6066
6161
6182
6184
6191
6194
6195
6196
6291
6292
6293
6294
6296
6297
6302
6303
6305
6307
6308
6309
6310
6311
6312
6314
6315
6318
6322
6396
6414
6416
6418
6420
6421
6423
6426
6427
6429
6431
6432
6433
6434
6437
6438
6440
6442
6443
6530
6549
6551
6552
6556
6557
6558
6562
6563
6564
6568
6569
6570
6592
6671
6680
6681
6685
6688
6689
6690
6799
6803
6805
