410
412
416
418
419
420
421
424
425
427
429
430
433
434
436
447
449
541
546
547
549
552
553
555
557
559
560
562
564
565
567
569
570
1782
1874
3983
4387
5046
5671
5672
5673
5675
5676
5677
5678
5681
5683
5684
5686
5721
5792
5794
5799
5801
5804
5805
5807
5809
5810
5811
5814
5817
5819
5820
5821
5823
5824
5914
5919
5921
5923
5924
5926
5927
5929
5932
5935
5937
5939
5942
5947
5948
5950
6035
6036
6038
6041
6042
6043
6053
6054
6056
6063
6065
6066
6073
6074
6164
6165
6169
6174
6179
6181
6182
6960
7066
8135
8183
8319
9807
10171
11175
11179
11186
11188
11216
11294
11302
11303
11311
11313
