606
1724
3179
3181
3182
3183
3301
3305
3307
3311
3312
3313
3421
3427
3430
3434
3957
4300
5269
5605
6378
6823
7306
7307
7310
7312
7313
7314
7414
7415
7416
7417
7419
7422
7424
7425
7429
7431
7433
7434
7435
7438
7441
7443
7444
7451
7511
7539
7541
7544
7550
7551
7552
7554
7555
7556
7558
7559
7560
7563
7564
7565
7566
7568
7570
7571
7572
7578
7661
7662
7669
7670
7673
7676
7679
7681
7682
7683
7686
7687
7688
7693
7694
7696
7699
7700
7786
7787
7789
7793
7797
7799
7800
7801
7805
7806
7807
7808
7809
7813
7815
7816
7817
7821
7823
7824
7917
7919
7923
7926
7928
7934
7939
7940
7941
7943
7945
7946
7948
8055
8058
8059
8062
8066
8179
8180
8183
8184
8186
8187
8189
8190
9955
10771
11191
11572
12048
12051
12052
12055
12056
12057
12058
12060
12062
12064
12065
12174
12176
12180
12181
12186
12187
12188
12192
12193
12293
12297
12304
12305
12306
12313
12314
12315
12321
12419
12423
12428
12430
12434
12436
12440
12553
12556
12558
