1
586
680
711
951
1081
2956
3461
3466
4308
4337
4951
5079
5184
5465
5705
6499
10576
10685
10686
10701
10702
10706
10708
10712
10715
10805
10809
10813
10815
10817
10821
10822
10828
10829
10833
10835
10839
10840
10843
10844
10845
10926
10930
10932
10934
10936
10937
10939
10946
10948
10951
10955
10957
10958
10959
10966
10967
10968
10970
11054
11055
11056
11058
11059
11060
11062
11064
11068
11072
11073
11074
11080
11081
11082
11084
11085
11086
11088
11089
11090
11092
11093
11182
11185
11186
11192
11195
11196
11200
11201
11203
11204
11206
11214
12185
12572
