602
663
705
1200
1290
1798
1799
1800
1804
1805
1806
1807
1808
1811
1812
1814
1916
1917
1918
1919
1921
1922
1923
1924
1925
1926
1930
1931
1932
1933
1934
1935
1936
1946
1947
1950
2040
2042
2044
2047
2048
2049
2054
2058
2059
2061
2064
2065
2066
2067
2068
2077
2163
2165
2169
2171
2173
2174
2177
2183
2186
2191
2195
2199
2200
2288
2289
2292
2296
2300
2301
2306
2307
2311
2313
2314
2316
2319
2324
2325
2416
2418
2419
2420
2422
2423
2427
2431
2435
2437
2448
2449
2544
2546
2547
2552
2559
2560
2561
2566
2567
2959
3002
3103
3522
3633
3799
5267
5808
6435
6704
7298
7299
7301
7303
7304
7306
7315
7317
7319
7320
7414
7420
7421
7425
7427
7430
7433
7437
7438
7440
7441
7444
7451
7452
7516
7534
7535
7537
7538
7541
7542
7545
7546
7548
7552
7553
7554
7557
7560
7561
7563
7567
7568
7571
7573
7574
7575
7662
7664
7665
7666
7670
7671
7674
7675
7676
7677
7679
7682
7684
7688
7689
7690
7698
7699
7700
7786
7788
7789
7790
7794
7798
7800
7802
7803
7804
7806
7807
7808
7812
7815
7817
7818
7819
7823
7912
7913
7919
7920
7925
7926
7929
7930
7936
7937
7938
7947
7948
7949
8046
8047
8049
8050
8052
8055
8057
8061
8065
8068
8166
8167
8174
8178
8179
8183
8184
8185
8189
8191
8194
8195
8196
8197
8296
8303
8304
8305
8308
8313
8315
8318
8319
8424
8426
8429
8431
8433
8435
8437
8440
