687
865
871
971
1063
1291
1946
3198
3341
3483
4028
4166
4346
4807
4901
4925
4926
4927
4928
4932
4937
4938
4942
5037
5044
5045
5048
5050
5051
5055
5056
5062
5065
5067
5170
5171
5178
5179
5181
5183
5187
5193
5194
5295
5298
5303
5304
5307
5422
5423
5425
5429
5430
5431
5438
5439
5443
5444
5450
5543
5544
5546
5547
5549
5551
5552
5553
5554
5556
5564
5567
5569
5669
5672
5674
5677
5678
5680
5687
5688
5801
5802
5807
5809
5812
5813
5928
6056
6177
6436
6557
7137
7302
7303
7304
7307
7308
7317
7319
7320
7350
7415
7418
7420
7421
7425
7430
7432
7434
7435
7436
7442
7444
7445
7446
7449
7450
7452
7537
7538
7539
7540
7543
7545
7550
7551
7556
7558
7560
7561
7564
7566
7569
7570
7571
7573
7661
7662
7663
7665
7666
7667
7669
7670
7672
7676
7677
7678
7679
7681
7684
7685
7686
7687
7692
7696
7698
7700
7702
7703
7788
7790
7792
7797
7800
7802
7803
7804
7805
7810
7811
7812
7814
7815
7817
7818
7823
7825
7826
7827
7828
7868
7921
7924
7928
7929
7930
7931
7932
7933
7934
7935
7937
7939
7941
7944
8049
8051
8053
8057
8059
8062
8063
8064
8065
8068
8069
8091
8168
8170
8174
8180
8181
8185
8186
8190
8195
8296
8300
8304
8305
8307
8310
8312
8316
8317
8429
8431
8433
