1150
1393
1718
1817
2042
2043
2049
2050
2051
2053
2058
2071
2168
2169
2170
2175
2182
2185
2188
2189
2191
2291
2293
2294
2297
2299
2303
2304
2307
2308
2309
2310
2312
2315
2316
2317
2368
2421
2422
2426
2429
2431
2437
2439
2443
2532
3633
3803
4127
5089
5533
5544
5623
6791
7225
7299
7419
7420
7430
7431
7432
7441
7442
7445
7446
7449
7539
7540
7542
7551
7552
7554
7557
7558
7562
7565
7571
7573
7574
7578
7663
7664
7667
7668
7669
7673
7674
7677
7679
7682
7683
7684
7685
7687
7690
7692
7770
7787
7793
7797
7798
7803
7810
7811
7812
7814
7816
7820
7915
7917
7918
7920
7921
7923
7924
7930
7931
7933
7934
7942
