565
589
1573
1684
5190
5215
5576
6430
6694
7561
7828
8443
9079
9316
10940
10941
10942
10944
10949
10951
10952
10955
10956
10958
10962
10964
11055
11056
11058
11061
11064
11065
11067
11068
11071
11072
11078
11079
11080
11081
11083
11085
11086
11091
11176
11178
11180
11182
11183
11184
11186
11189
11192
11193
11194
11195
11197
11199
11201
11208
11209
11215
11216
11219
11221
11312
11315
11316
11319
11321
11323
11327
11329
11334
11341
11343
11344
11442
12318
12442
12580
