682
693
948
1052
1699
1701
3939
3948
5067
5313
5837
6450
8228
8822
8837
9320
10831
10938
10940
10941
10942
10946
10949
10954
10956
10964
11055
11057
11058
11059
11061
11067
11069
11070
11072
11073
11075
11077
11078
11083
11087
11090
11094
11095
11180
11181
11182
11183
11184
11185
11186
11188
11189
11190
11192
11193
11194
11198
11199
11201
11203
11204
11206
11208
11209
11215
11216
11219
11305
11307
11310
11311
11314
11315
11319
11323
11325
11326
11329
11330
11331
11335
11336
11341
11462
11916
12573
