392
642
1378
1969
2130
2131
2473
4009
5191
6328
6465
7304
7311
7421
7423
7425
7426
7427
7433
7434
7437
7438
7442
7443
7447
7450
7537
7540
7541
7547
7549
7555
7556
7557
7560
7561
7562
7564
7567
7569
7570
7576
7667
7670
7672
7677
7678
7679
7680
7682
7684
7687
7688
7690
7691
7692
7693
7695
7697
7698
7699
7702
7784
7785
7789
7790
7791
7793
7799
7805
7807
7809
7810
7817
7821
7827
7916
7917
7918
7919
7920
7922
7923
7928
7929
7930
7935
7938
7939
7946
7947
8043
8046
8051
8053
8054
8055
8056
8059
8060
8061
8063
8064
8068
8170
8173
8174
8178
8179
8183
8184
8186
8191
8192
8299
8300
8305
8307
8310
8314
9354
10098
10886
11054
11057
11058
11060
