565
699
843
1335
1686
1693
1809
1819
3685
3809
3939
4949
4951
5690
5809
6375
7946
8195
8264
10058
10068
10752
10821
10935
10939
10941
10942
10948
10952
10954
10956
10957
10961
10966
10967
11054
11057
11061
11066
11069
11070
11072
11073
11076
11078
11079
11080
11083
11085
11086
11091
11095
11180
11181
11182
11184
11185
11186
11189
11190
11191
11192
11205
11206
11207
11213
11214
11219
11304
11305
11307
11313
11315
11316
11317
11320
11322
11325
11328
11329
11330
11333
11334
11337
11338
11342
