153
560
1062
3701
3720
3815
3831
5444
5458
5591
5951
6207
6215
6308
7943
8177
8449
8697
8703
8803
9212
9651
10935
10942
10948
10949
10952
10954
10968
11054
11056
11057
11059
11063
11064
11067
11068
11069
11072
11075
11077
11079
11085
11086
11087
11095
11177
11180
11182
11184
11185
11186
11189
11192
11195
11196
11200
11206
11214
11215
11218
11302
11304
11305
11306
11307
11309
11312
11313
11314
11318
11320
11321
11322
11323
11329
11330
11339
11340
11342
11450
11578
12033
12311
