614
1335
1570
1580
1587
1783
1909
2026
2147
2320
2566
3157
3452
3827
3890
3926
4472
4489
5176
5178
5183
5186
5301
5303
5305
5308
5310
5432
5435
5436
5437
5445
5491
5546
5549
5550
5551
5552
5556
5557
5561
5563
5672
5674
5676
5682
5684
5685
5689
5690
5691
5797
5803
5804
5807
5808
5811
5815
5918
5919
5921
5922
5925
5926
5929
5930
5934
5935
5939
5942
6048
6049
6051
6054
6055
6056
6058
6060
6061
6066
6067
6287
6594
6800
7430
7543
7544
7547
7549
7553
7555
7556
7557
7561
7562
7565
7571
7661
7664
7666
7669
7670
7676
7681
7683
7685
7687
7688
7689
7691
7692
7694
7695
7701
7702
7786
7787
7788
7789
7793
7795
7796
7798
7800
7807
7808
7810
7811
7813
7814
7819
7820
7821
7823
7824
7827
7913
7915
7917
7920
7923
7924
7925
7926
7927
7928
7929
7930
7931
7933
7934
7935
7944
7952
7953
8036
8039
8042
8048
8055
8057
8058
8059
8062
8063
8064
8065
8067
8068
8071
8072
8074
8075
8161
8167
8171
8174
8175
8177
8179
8180
8181
8182
8183
8186
8187
8189
8190
8194
8195
8201
8202
8287
8291
8293
8295
8297
8298
8301
8302
8304
8306
8307
8310
8312
8314
8322
8327
8411
8412
8417
8418
8421
8422
8423
8425
8427
8429
8430
8431
8435
8442
8446
8447
8449
8541
8542
8544
8546
8552
8554
8555
8556
8557
8558
8559
8560
8562
8569
8612
8667
8668
8670
8672
8675
8676
8679
8685
8686
8689
8692
8693
8697
8793
8798
8799
8802
8804
8805
8808
8811
8812
8814
8815
8817
8821
8827
8916
8918
8921
8923
8924
8925
8927
8934
8935
8938
8939
8941
8942
9051
9058
9062
9067
9068
9182
