1537
1955
2446
2952
3451
5013
5783
6190
6555
6671
6673
6679
6680
6686
6688
6691
6797
6805
6807
6808
6811
6812
6813
6815
6816
6817
6918
7110
7670
7674
7678
7687
7691
7788
7789
7790
7792
7796
7797
7802
7803
7806
7807
7808
7812
7816
7817
7819
7821
7824
7825
7911
7912
7914
7925
7928
7931
7939
7940
7943
7947
7950
7953
8037
8038
8043
8047
8048
8050
8058
8062
8064
8066
8069
8070
8074
8077
8165
8166
8167
8169
8172
8175
8176
8177
8178
8182
8190
8192
8194
8195
8196
8197
8199
8200
8288
8292
8295
8299
8307
8309
8313
8321
8324
8419
8422
8423
8424
8426
8427
8428
8429
8430
8431
8436
8437
8438
8444
9426
10299
10301
10305
10309
10310
10313
10314
10414
10418
10421
10424
10426
10430
10433
10435
10436
10437
10438
10441
10444
10445
10446
10449
10450
10540
10541
10549
10550
10552
10554
10556
10558
10559
10561
10563
10565
10567
10571
10672
10673
10676
10680
10683
10684
10687
10688
10692
10693
