697
808
809
814
815
816
818
820
821
822
824
829
830
833
834
835
837
840
842
930
931
934
938
941
942
944
947
948
950
953
955
958
959
1054
1055
1056
1057
1058
1061
1062
1065
1066
1068
1070
1073
1076
1084
1085
1087
1089
1091
1179
1186
1188
1191
1194
1198
1200
1203
1205
1206
1209
1210
1211
1212
1216
1217
1219
1308
1312
1315
1316
1318
1319
1320
1321
1327
1328
1331
1333
1467
2337
2697
2707
2815
2947
3056
4709
5698
6310
6819
7710
7829
8044
10818
11322
11563
11814
12569
