159
164
181
241
271
426
441
443
541
548
554
556
557
558
560
562
569
570
571
573
574
660
667
671
673
675
677
678
679
680
683
685
688
689
693
694
697
699
700
701
702
703
774
786
787
788
790
792
795
799
800
803
806
807
811
813
815
816
818
820
822
826
910
913
914
917
918
921
923
924
926
927
931
933
937
938
947
948
952
1040
1041
1042
1044
1049
1050
1054
1055
1057
1061
1062
1063
1064
1069
1070
1166
1168
1171
1175
1177
1179
1181
1183
1188
1191
1252
1302
1303
1309
1310
