92
190
244
980
1036
1229
1346
1499
1612
2178
2183
2184
2186
2297
2299
2300
2302
2303
2306
2308
2317
2417
2419
2421
2423
2424
2425
2430
2431
2432
2434
2435
2437
2440
2445
2447
2540
2541
2542
2545
2546
2547
2548
2549
2551
2554
2555
2556
2557
2558
2562
2565
2567
2571
2670
2671
2672
2674
2675
2677
2680
2684
2685
2692
2694
2798
2803
2804
2805
2808
2809
2814
2873
3234
3763
3795
4267
4567
4629
5318
5497
6255
6656
7664
7666
7668
7671
7674
7677
7681
7683
7684
7685
7686
7687
7690
7691
7692
7694
7698
7786
7791
7794
7795
7796
7799
7802
7805
7806
7808
7810
7811
7824
7909
7911
7913
7921
7924
7925
7926
7927
7928
7929
7930
7936
7938
7951
8035
8042
8043
8049
8050
8053
8055
8058
8060
8061
8063
8067
8068
8069
8071
8073
8075
8160
8163
8164
8165
8166
8169
8171
8174
8175
8176
8177
8180
8185
8189
8190
8191
8196
8197
8199
8202
8288
8297
8300
8302
8304
8305
8307
8323
8324
8325
8326
8417
8418
8422
8424
8430
8431
8432
8434
8437
8439
8444
8446
8447
8449
8552
8554
8555
8556
8557
8561
8675
8676
8678
8681
8684
8685
