592
1430
1955
2699
3168
3986
4476
6817
7546
7547
7549
7551
7554
7556
7557
7560
7562
7563
7564
7568
7664
7666
7667
7669
7675
7678
7680
7683
7685
7689
7691
7696
7699
7785
7787
7790
7791
7794
7797
7798
7799
7801
7802
7805
7810
7812
7816
7818
7819
7820
7821
7825
7916
7919
7921
7922
7923
7925
7926
7927
7928
7935
7937
7940
7941
7942
7943
7945
7946
7948
7951
7952
7954
8036
8038
8042
8043
8048
8049
8050
8053
8054
8056
8057
8062
8063
8065
8066
8069
8070
8072
8078
8159
8160
8162
8163
8168
8170
8172
8174
8176
8177
8178
8179
8180
8183
8184
8188
8190
8191
8192
8195
8198
8200
8286
8287
8289
8290
8291
8292
8294
8295
8297
8298
8301
8303
8305
8307
8311
8312
8314
8315
8316
8318
8319
8327
8412
8421
8425
8426
8428
8439
8440
8443
8445
8447
8448
8451
8543
8544
8545
8547
8551
8553
8554
8556
8558
8560
8562
8566
8567
8570
8572
8666
8677
8678
8679
8680
8681
8682
8683
8688
8691
8695
8796
8797
8798
8800
8802
8804
8806
8809
8814
8817
8819
8831
8918
8926
8927
8928
8938
8939
9048
9130
9183
9295
10600
11211
11306
