456
699
802
964
1447
1454
1698
4076
4190
4324
4453
4810
4948
5329
5827
6077
6456
6699
8320
9188
9313
9834
10322
11183
11184
11188
11193
11196
11197
11204
11207
11208
11211
11301
11304
11306
11308
11311
11314
11317
11323
11324
11325
11326
11328
11329
11330
11332
11333
11336
11338
11340
11343
11344
11345
11427
11431
11441
11442
11445
11449
11454
11456
11458
11459
11463
11466
11467
11470
11555
11556
11557
11560
11561
11565
11572
11577
11581
11583
11587
11696
