800
1145
1279
1423
1425
1429
1435
1439
1540
1541
1542
1544
1551
1553
1554
1561
1564
1565
1569
1570
1571
1573
1574
1662
1665
1669
1672
1677
1678
1681
1684
1687
1692
1695
1696
1698
1699
1700
1701
1792
1793
1794
1798
1814
1817
2763
2924
2992
3057
3061
3062
3177
3179
3184
3188
3490
5269
5306
5344
5482
6140
6198
6299
6832
6861
7665
7666
7669
7671
7672
7674
7678
7682
7684
7685
7687
7688
7692
7695
7696
7795
7799
7801
7802
7803
7804
7805
7806
7809
7812
7816
7817
7819
7820
7823
7825
7910
7912
7917
7927
7929
7930
7931
7932
7933
7934
7936
7937
7938
7939
7942
7943
7947
7948
7958
8037
8041
8044
8045
8048
8049
8051
8052
8054
8061
8062
8063
8065
8068
8072
8076
8163
8167
8168
8172
8176
8181
8182
8185
8187
8193
8199
8200
8294
8296
8297
8298
8302
8305
8307
8308
8310
8311
8319
8321
8322
8419
8422
8423
8424
8426
8428
8430
8434
8437
