582
662
825
1574
1583
1838
1944
2084
2807
3370
4059
5317
6070
6315
6688
6710
7754
8590
8677
8811
8837
9329
10001
11181
11183
11185
11190
11191
11194
11197
11203
11204
11211
11214
11216
11217
11305
11306
11308
11309
11310
11317
11320
11322
11324
11326
11328
11330
11333
11335
11340
11341
11342
11344
11345
11427
11432
11434
11436
11440
11442
11447
11449
11450
11451
11452
11453
11456
11461
11462
11465
11467
11470
11555
11556
11559
11563
11566
11567
11569
11570
11572
11574
11575
11582
11583
11584
11592
11702
