402
551
906
942
1458
1725
2193
2660
3551
3553
3554
3558
3562
3676
3680
3733
3850
4033
4050
5095
5341
5742
6388
7236
7552
7554
7557
7559
7565
7598
7662
7667
7669
7675
7676
7677
7678
7679
7682
7683
7690
7691
7701
7785
7788
7794
7795
7800
7801
7804
7805
7807
7811
7813
7814
7815
7816
7914
7918
7919
7920
7921
7922
7923
7928
7929
7930
7931
7940
7942
7943
7947
7949
7951
7952
7953
8035
8036
8043
8048
8050
8051
8053
8054
8060
8061
8062
8064
8065
8066
8067
8073
8075
8077
8176
8178
8179
8180
8181
8183
8186
8190
8196
8288
8290
8292
8295
8297
8301
8307
8308
8309
8313
8316
8317
8320
8326
8414
8415
8416
8420
8421
8423
8431
8433
8436
8439
8440
8441
8445
8447
8451
8548
8551
8552
8553
8556
8558
8563
8564
8565
8667
8671
8673
8678
8679
8681
8682
8683
8684
8686
8688
8695
8696
8800
8808
8809
8810
8811
8812
8813
8815
8816
8925
8982
9002
9036
9749
11237
11828
12021
12301
12303
12305
12308
12309
12314
12315
12316
12318
12320
12419
12420
12421
12422
12429
12430
12434
12435
12438
12439
12444
12541
12546
12548
12549
12550
12553
12554
12559
12560
12563
12567
12568
12569
12572
