950
952
1067
1074
1083
1571
1698
3402
3953
3958
5959
6093
6440
6829
6934
6940
7693
7708
8339
8819
8931
8948
11181
11182
11188
11191
11194
11197
11204
11206
11208
11211
11212
11302
11308
11310
11312
11313
11316
11317
11322
11328
11330
11335
11341
11342
11343
11344
11345
11427
11431
11432
11435
11437
11440
11443
11444
11445
11448
11452
11454
11456
11457
11459
11461
11462
11464
11469
11470
11557
11561
11563
11566
11567
11568
11569
11570
11573
11574
11575
11578
11583
11584
11585
11587
11589
12330
