682
1474
1481
2065
2172
3660
3797
3927
3928
3934
3936
3938
4054
4057
4059
4124
4336
4472
4613
5099
6030
6425
7308
7441
7802
7812
7815
7816
7919
7923
7924
7925
7926
7933
7935
7937
7940
8037
8038
8039
8041
8042
8047
8050
8052
8054
8055
8057
8059
8065
8066
8067
8069
8074
8076
8162
8164
8165
8173
8176
8177
8179
8180
8181
8183
8186
8187
8189
8190
8194
8195
8196
8198
8199
8203
8286
8287
8291
8293
8294
8295
8300
8302
8304
8305
8306
8307
8309
8310
8313
8314
8317
8319
8321
8326
8413
8415
8417
8418
8419
8420
8426
8427
8428
8429
8432
8435
8437
8441
8443
8448
8449
8450
8451
8453
8538
8539
8540
8541
8544
8549
8551
8552
8553
8554
8555
8556
8557
8565
8575
8577
8659
8666
8667
8669
8673
8674
8677
8678
8681
8690
8694
8698
8699
8700
8788
8790
8792
8794
8795
8796
8805
8807
8808
8810
8816
8823
8914
8919
8923
8925
8926
8933
8934
8935
8937
8938
8939
8942
8943
8946
9037
9039
9042
9047
9049
9050
9051
9052
9055
9058
9060
9062
9065
9067
9068
9072
9073
9074
9164
9165
9169
9170
9172
9176
9177
9179
9184
9186
9189
9190
9192
9196
9200
9276
9293
9299
9300
9303
9304
9307
9309
9311
9312
9313
9317
9320
9324
9418
9428
9429
9433
9434
9436
9449
9542
9543
9545
9547
9549
9551
9553
9554
9568
9569
9570
9669
9671
9674
9675
9681
9682
9683
9685
9686
9687
9692
10285
10330
10970
11420
11642
11777
12550
12552
12554
12555
12557
12561
12564
