232
294
346
425
647
699
794
1125
1314
1420
1422
1426
1428
1430
1432
1433
1439
1441
1442
1444
1544
1545
1546
1550
1554
1556
1557
1560
1562
1563
1571
1572
1573
1574
1575
1661
1662
1667
1670
1672
1673
1674
1675
1677
1683
1685
1690
1691
1692
1693
1694
1695
1698
1699
1703
1786
1790
1791
1793
1795
1796
1803
1808
1811
1813
1814
1817
1821
1822
1929
1932
2133
2227
2361
2940
3015
3034
3104
3202
3308
3309
3310
3311
3312
3421
3423
3427
3429
3434
3435
3436
3441
3443
3535
3539
3540
3543
3544
3546
3547
3551
3552
3553
3557
3559
3560
3561
3562
3563
3564
3565
3567
3569
3570
3571
3572
3573
3575
3576
3661
3663
3668
3669
3673
3676
3678
3680
3682
3685
3691
3692
3695
3697
3698
3700
3786
3790
3793
3794
3797
3800
3803
3806
3812
3825
3827
3828
3911
3912
3913
3914
3916
3921
3922
3925
3928
3930
3931
3932
3933
3934
3935
3936
3937
3940
3941
3942
3946
3947
3949
4043
4044
4045
4047
4049
4051
4052
4053
4057
4061
4067
4162
4266
4451
4840
5004
5728
6003
6181
6184
6185
6186
6233
6290
6293
6298
6299
6301
6303
6304
6305
6306
6307
6310
6314
6315
6318
6319
6320
6326
6327
6411
6412
6417
6419
6420
6421
6422
6425
6428
6429
6430
6431
6435
6436
6439
6440
6441
6444
6448
6449
6451
6517
6538
6539
6540
6544
6550
6551
6552
6553
6555
6559
6560
6563
6564
6565
6567
6573
6576
6663
6665
6667
6668
6671
6672
6673
6674
6678
6682
6684
6689
6690
6693
6694
6695
6795
6797
6800
6801
6804
6806
7009
7307
7804
7805
7809
7810
7928
7934
7936
7940
7942
7943
7944
7950
8036
8039
8044
8045
8046
8050
8054
8060
8062
8063
8069
8071
8073
8161
8167
8168
8170
8174
8176
8178
8185
8186
8189
8194
8195
8196
8197
8198
8199
8201
8202
8285
8286
8291
8292
8297
8299
8302
8307
8308
8311
8312
8314
8315
8317
8321
8326
8401
8411
8413
8417
8420
8426
8427
8428
8429
8430
8431
8432
8434
8436
8437
8438
8439
8441
8442
8444
8445
8448
8449
8452
8534
8536
8539
8541
8545
8546
8547
8549
8552
8553
8554
8555
8557
8562
8563
8564
8565
8568
8569
8572
8573
8574
8575
8661
8662
8665
8668
8669
8670
8676
8677
8678
8681
8684
8685
8686
8689
8692
8774
8787
8790
8794
8795
8798
8803
8804
8805
8806
8807
8808
8809
8814
8815
8816
8819
8820
8825
8827
8911
8916
8920
8922
8924
8925
8926
8929
8932
8933
8939
8941
8942
8943
8944
8946
8947
8952
9033
9038
9046
9047
9050
9053
9054
9056
9057
9059
9060
9066
9071
9073
9076
9142
9163
9164
9165
9166
9167
9169
9170
9171
9174
9175
9176
9178
9185
9191
9193
9194
9197
9199
9200
9290
9292
9295
9298
9302
9304
9306
9311
9312
9316
9317
9318
9322
9416
9421
9426
9429
9430
9433
9434
9435
9444
9446
9447
9546
9547
9550
9551
9555
9556
9558
9560
9567
9603
9629
9668
9670
9671
9673
9674
9678
9679
9683
9685
9691
9692
9693
9951
10203
10731
10779
10938
10940
11040
11042
11043
11044
11055
11056
11060
11061
11063
11065
11066
11069
11070
11071
11074
11160
11164
11165
11171
11173
11174
11175
11176
11178
11182
11184
11188
11191
11192
11194
11235
11285
11286
11289
11291
11294
11295
11297
11298
11299
11300
11303
11304
11308
11309
11311
11312
11313
11316
11319
11324
11347
11419
11420
11424
11426
11429
11431
11437
11442
