775
880
974
1264
1360
1418
1486
1833
2072
2237
2978
3930
4178
4259
5365
5608
5886
6628
7623
7799
7800
7803
7804
7807
7808
7809
7811
7813
7814
7818
7916
7918
7920
7927
7928
7932
7933
7937
7938
7941
7942
7945
7948
8035
8036
8041
8044
8050
8052
8053
8054
8057
8060
8061
8064
8065
8070
8074
8160
8161
8164
8166
8168
8170
8171
8173
8174
8177
8178
8179
8181
8182
8183
8185
8186
8187
8189
8190
8194
8197
8198
8201
8203
8284
8287
8293
8294
8296
8299
8300
8305
8306
8307
8312
8314
8316
8320
8321
8322
8323
8324
8326
8328
8410
8412
8413
8414
8419
8420
8421
8422
8427
8429
8431
8432
8435
8443
8448
8449
8454
8535
8536
8542
8544
8545
8547
8549
8553
8555
8556
8557
8559
8563
8565
8567
8568
8570
8571
8574
8576
8579
8661
8663
8664
8665
8667
8672
8673
8674
8675
8676
8678
8679
8682
8683
8684
8686
8687
8695
8698
8700
8702
8785
8787
8789
8790
8791
8792
8797
8799
8803
8804
8805
8806
8807
8813
8819
8821
8822
8826
8827
8860
8910
8921
8927
8934
8939
8940
8941
8942
8950
9036
9038
9042
9053
9055
9060
9061
9062
9063
9064
9065
9066
9067
9069
9070
9075
9161
9163
9167
9169
9171
9174
9175
9176
9179
9182
9183
9185
9186
9187
9191
9193
9194
9195
9201
9288
9289
9293
9296
9299
9300
9302
9303
9305
9306
9311
9315
9317
9319
9320
9321
9414
9415
9416
9418
9420
9421
9424
9427
9428
9429
9430
9433
9434
9435
9441
9443
9445
9452
9528
9544
9546
9548
9552
9554
9558
9561
9562
9565
9566
9568
9570
9571
9658
9666
9669
9670
9674
9679
9682
9691
9802
9803
9804
9806
9809
9811
9814
10626
11428
11430
11432
11434
11557
