573
578
1200
1346
1816
2068
2331
2510
3763
4051
4467
4577
4712
4928
5310
5319
6188
6563
6802
6817
6838
7058
7062
7699
8082
8653
8961
10572
11248
11317
11322
11323
11335
11429
11430
11434
11435
11436
11438
11445
11446
11448
11450
11452
11455
11456
11459
11460
11462
11465
11468
11469
11552
11555
11556
11557
11558
11559
11563
11564
11567
11569
11570
11572
11575
11578
11585
11587
11588
11590
11594
11676
11686
11687
11688
11692
11695
11699
11702
11704
11708
11709
11714
11715
11716
11717
11804
11813
11816
11818
11823
11826
11828
11834
11835
