555
559
564
661
663
665
666
670
671
672
673
677
678
679
682
683
692
694
695
697
699
784
790
791
792
795
798
799
803
804
805
807
809
810
814
819
820
822
825
829
912
914
922
923
925
930
933
934
935
937
946
951
952
953
1040
1041
1046
1052
1053
1056
1058
1060
1063
1065
1068
1069
1070
1646
1844
2602
5990
6185
6190
6193
6285
6289
6290
6292
6294
6295
6296
6301
6304
6307
6308
6309
6313
6314
6315
6316
6317
6319
6322
6324
6327
6416
6418
6419
6421
6422
6424
6425
6429
6431
6437
6438
6439
6440
6443
6444
6447
6448
6552
6557
6560
6562
8202
8776
8973
9094
9806
10233
10305
10585
10813
11256
11670
11671
11674
11679
11682
11683
11688
11798
11809
11810
11814
