808
809
814
815
817
818
825
826
827
828
829
830
832
833
836
842
932
933
936
938
939
940
945
946
948
950
958
960
963
966
967
1052
1055
1056
1060
1063
1065
1072
1073
1076
1078
1084
1085
1090
1093
1095
1186
1187
1188
1190
1195
1200
1201
1202
1203
1204
1208
1214
1215
1217
1219
1303
1305
1306
1309
1310
1311
1313
1316
1318
1320
1322
1326
1327
1328
1329
1331
1333
2185
3858
4034
4314
4416
5582
5933
5934
6162
6487
6807
7452
9179
11322
11829
12327
12589
