453
568
573
2327
2452
3605
4588
4684
5113
5193
5211
6081
6086
6712
7946
8453
8522
9331
9458
9461
9559
10564
10579
11318
11321
11322
11323
11326
11330
11336
11338
11429
11430
11433
11435
11436
11437
11438
11448
11449
11454
11455
11457
11462
11464
11465
11466
11467
11469
11553
11557
11558
11559
11560
11569
11578
11579
11580
11581
11585
11588
11590
11677
11679
11682
11684
11685
11686
11687
11691
11693
11694
11695
11698
11703
11705
11712
11713
11717
11719
11804
11812
11814
11816
11817
11818
11820
11824
11827
11830
11832
11834
11835
11837
11940
