459
580
803
1085
1217
1302
1455
1578
1806
2436
2986
3532
3764
4433
4703
4943
4956
5094
5458
5563
5699
5954
6313
7210
8657
8942
9816
10087
11559
11563
11564
11567
11570
11572
11573
11577
11578
11580
11583
11584
11681
11683
11688
11690
11691
11695
11696
11697
11700
11701
11706
11709
11710
11711
11716
11719
11801
11805
11806
11807
11809
11813
11818
11822
11824
11827
11828
11829
11831
11835
11836
11839
11843
11932
11933
11934
11937
11941
11945
11948
11949
11951
11952
11953
11956
11960
11961
11962
11965
11968
11970
12054
12058
12059
12060
12065
12066
12067
12069
12071
12073
12079
12081
12082
12083
12088
12089
12090
12092
