386
874
917
1661
2189
2557
2558
2560
2563
2567
2568
2666
2668
2669
2674
2676
2678
2679
2681
2683
2684
2689
2690
2691
2693
2695
2790
2795
2796
2807
2808
2810
2818
2820
2920
2923
2925
2930
2934
2935
2937
2938
2942
2943
2944
2945
2946
3044
3047
3048
3049
3051
3053
3055
3056
3057
3062
3066
3067
3068
3972
4863
5122
5614
5668
5892
6065
6160
6456
6554
6729
7085
7515
7768
7927
7930
7932
7933
7940
7943
8039
8042
8045
8046
8048
8050
8059
8068
8071
8072
8073
8075
8076
8120
8161
8164
8170
8171
8172
8173
8181
8185
8187
8189
8192
8193
8197
8201
8228
8286
8287
8290
8291
8295
8296
8300
8302
8305
8309
8313
8316
8317
8320
8412
8413
8414
8415
8416
8419
8423
8425
8426
8428
8437
8441
8443
8446
8448
8449
8450
8453
8536
8537
8543
8544
8546
8548
8550
8551
8552
8555
8559
8566
8570
8571
8572
8575
8577
8661
8664
8668
8671
8676
8677
8678
8679
8682
8686
8687
8690
8691
8693
8695
8697
8776
8789
8798
8799
8800
8801
8807
8808
8809
8811
8813
8815
8817
8819
8821
8825
8826
8827
8911
8912
8914
8921
8922
8923
8926
8928
8929
8934
8938
8939
8940
8941
8946
8947
8950
9037
9043
9044
9046
9047
9048
9053
9055
9056
9059
9060
9062
9065
9069
9070
9075
9165
9166
9170
9172
9179
9180
9184
9188
9195
9196
9197
9198
9199
9292
9297
9298
9299
9300
9302
9305
9310
9312
9314
9316
9317
9320
9426
9427
9430
9431
9432
9433
9435
9438
9440
9441
9552
9554
9556
9557
9559
9599
9674
9683
9684
9685
9689
