445
1189
1330
1584
1703
1775
4824
5506
5560
5691
6323
6845
6967
7676
8487
8580
8758
8829
8958
9510
10340
10425
10438
10449
11454
11557
11561
11562
11563
11565
11568
11571
11572
11583
11587
11681
11687
11689
11691
11692
11695
11701
11702
11704
11707
11709
11714
11716
11720
11801
11805
11806
11808
11812
11817
11818
11823
11824
11825
11826
11832
11835
11839
11841
11843
11844
11845
11928
11930
11933
11936
11938
11939
11942
11944
11945
11946
11949
11951
11955
11960
11962
11968
12060
12061
12063
12066
12067
12070
12071
12074
12075
12078
12079
12081
12082
12083
12086
12087
12088
12089
12191
