54
241
317
586
729
1289
1718
2456
2828
2844
3511
3918
4715
5352
5580
5987
6171
6174
6177
6180
6181
6183
6185
6186
6189
6191
6192
6195
6293
6297
6298
6308
6309
6313
6314
6316
6447
6568
6877
6922
6971
6979
7099
7278
7990
8045
8046
8048
8049
8052
8053
8054
8056
8058
8067
8170
8171
8180
8181
8183
8184
8185
8188
8291
8293
8294
8298
8301
8303
8305
8306
8310
8313
8316
8317
8320
8321
8416
8417
8418
8423
8426
8427
8428
8430
8431
8432
8434
8447
8537
8539
8542
8543
8546
8547
8552
8554
8555
8556
8560
8562
8563
8565
8568
8663
8664
8674
8677
8678
8679
8683
8685
8693
8695
8696
8703
8786
8790
8791
8793
8794
8798
8806
8808
8811
8812
8819
8820
8823
8828
8916
8917
8922
8923
8924
8925
8926
8928
8930
8933
8934
8935
8940
8941
8942
8945
8949
8950
8951
8952
9034
9035
9038
9041
9042
9043
9045
9047
9048
9049
9050
9058
9060
9067
9068
9070
9072
9073
9075
9076
9077
9078
9119
9160
9165
9168
9171
9174
9177
9180
9181
9183
9189
9191
9195
9196
9199
9201
9202
9246
9284
9285
9287
9288
9290
9291
9292
9294
9295
9296
9297
9298
9299
9301
9302
9303
9305
9307
9308
9313
9318
9321
9324
9326
9327
9329
9416
9417
9419
9423
9424
9426
9427
9428
9432
9434
9435
9439
9442
9443
9447
9448
9449
9450
9454
9487
9534
9543
9544
9545
9547
9550
9553
9554
9556
9560
9561
9565
9566
9568
9570
9573
9575
9579
9667
9669
9673
9674
9676
9677
9679
9680
9681
9682
9684
9688
9693
9695
9697
9699
9700
9786
9789
9794
9795
9801
9802
9803
9804
9806
9808
9809
9810
9812
9814
9819
9821
9823
9824
9827
9837
9911
9917
9918
9919
9923
9928
9929
9931
9934
9939
9941
9943
9948
9949
10041
10046
10049
10050
10052
10054
10055
10057
10061
10062
10064
10067
10068
10069
10071
10177
10181
