443
558
704
806
1084
1805
1814
5082
5089
5574
5588
6076
6142
7181
7431
7750
10064
11205
11562
11563
11564
11572
11575
11576
11580
11581
11583
11587
11678
11681
11686
11689
11691
11694
11696
11697
11698
11700
11701
11703
11705
11708
11709
11710
11716
11801
11804
11810
11813
11814
11815
11816
11817
11818
11820
11822
11825
11827
11829
11832
11835
11839
11840
11844
11845
11930
11933
11935
11936
11937
11940
11943
11945
11946
11948
11949
11951
11953
11954
11957
11960
11961
11962
11964
11967
12058
12063
12064
12066
12067
12069
12071
12076
12078
12087
12088
12090
