450
570
589
820
1257
2436
2582
5585
6314
7094
7208
8568
8692
8831
9459
10300
10941
11443
11454
11557
11562
11564
11565
11569
11571
11574
11576
11583
11584
11586
11591
11681
11683
11686
11687
11688
11689
11691
11692
11695
11696
11697
11700
11701
11703
11704
11705
11713
11802
11803
11807
11808
11811
11812
11815
11817
11818
11824
11826
11827
11828
11829
11830
11832
11834
11836
11838
11839
11843
11846
11927
11932
11935
11937
11939
11943
11944
11945
11949
11950
11951
11956
11961
11962
11965
11967
11968
12056
12066
12067
12069
12070
12071
12074
12075
12076
12079
12080
12084
12090
12197
