1
122
274
419
421
422
424
427
429
430
431
434
435
438
439
447
455
506
574
637
652
686
1384
1656
1668
1669
1671
1672
1673
1674
1677
1688
1689
1696
1697
1798
1803
1807
1810
1813
1816
1817
1819
1821
1823
1824
1826
1827
1912
1917
1922
1923
1925
1926
1930
1932
1936
1939
1942
1946
1948
1952
1958
1963
2034
2039
2041
2044
2045
2046
2052
2054
2055
2056
2058
2059
2064
2065
2066
2067
2069
2072
2135
2197
2300
2365
2545
2568
2679
2798
2861
2946
3656
3678
3679
3684
3689
3791
3792
3794
3795
3797
3799
3800
3803
3805
3806
3807
3808
3809
3811
3816
3818
3819
3821
3823
3913
3916
3917
3918
3919
3925
3927
3929
3930
3931
3932
3936
3937
3939
3942
3944
3946
3949
4001
4034
4036
4039
4041
4044
4049
4050
4051
4053
4054
4055
4059
4061
4064
4067
4068
4070
4073
4076
4078
4122
4160
4163
4167
4173
4177
4180
4181
4182
4190
4194
4195
4197
4201
4289
4290
4293
4294
4296
4304
4305
4306
4311
4314
4318
4323
4324
4390
4416
4420
4422
4424
4430
4434
4435
4438
4443
4446
4449
4477
4550
4554
4555
4558
4559
4560
4563
4570
4612
4646
4673
4674
4676
4677
4682
4685
4686
4687
4688
4689
4692
4803
4807
4812
4813
4841
5117
5120
5178
5294
5310
5397
5587
5701
5753
5782
6194
6370
6405
6415
6416
6418
6420
6423
6424
6425
6427
6428
6430
6432
6443
6447
6462
6535
6542
6543
6548
6549
6550
6551
6556
6560
6563
6564
6566
6570
6571
6572
6573
6574
6659
6661
6663
6664
6667
6668
6670
6671
6672
6673
6674
6675
6676
6679
6680
6681
6682
6683
6686
6687
6690
6698
6699
6701
6702
6703
6786
6788
6794
6795
6798
6799
6802
6803
6806
6807
6809
6811
6812
6813
6815
6820
6821
6822
6823
6826
6828
6917
6918
6919
6920
6921
6922
6927
6928
6931
6933
6939
6941
6942
6943
6946
6947
6948
7050
7054
7055
7056
7059
7060
7065
7336
7504
7669
7738
7757
8066
8081
8236
8304
8307
8310
8419
8421
8422
8424
8426
8427
8428
8429
8431
8432
8434
8436
8438
8439
8541
8542
8548
8550
8554
8558
8564
8566
8567
8569
8575
8664
8665
8667
8668
8670
8672
8673
8675
8677
8681
8682
8689
8692
8698
8788
8795
8796
8797
8798
8799
8802
8803
8804
8808
8810
8813
8817
8819
8826
8915
8917
8918
8919
8922
8923
8924
8925
8926
8929
8931
8934
8938
8939
8940
8943
8946
8949
8950
9035
9041
9043
9052
9054
9057
9061
9063
9067
9070
9071
9158
9159
9162
9163
9165
9167
9169
9173
9174
9175
9178
9179
9182
9185
9186
9189
9193
9196
9197
9198
9285
9287
9288
9294
9295
9298
9302
9304
9306
9307
9308
9309
9310
9319
9320
9321
9329
9417
9418
9419
9420
9422
9424
9425
9426
9427
9429
9430
9433
9434
9435
9436
9443
9444
9447
9448
9450
9452
9535
9536
9540
9543
9547
9549
9550
9555
9556
9558
9559
9562
9563
9564
9566
9567
9568
9569
9570
9576
9577
9659
9660
9666
9667
9673
9676
9677
9679
9681
9682
9686
9689
9692
9697
9701
9787
9791
9796
9800
9802
9806
9807
9809
9810
9812
9815
9819
9826
9851
9919
9921
9927
9929
9932
9933
9936
9944
10044
10046
10048
10054
10055
10157
10476
10487
10763
10801
11047
11145
11159
11176
11178
11179
11185
11291
11293
11296
11300
11304
11305
11311
11312
11314
11321
11322
11323
11324
11326
11327
11411
11415
11421
11423
11430
11437
11440
11441
11446
11447
11450
11453
11542
11544
11545
11547
11548
11549
11550
11555
11556
11558
11560
11561
11562
11565
11567
11568
11570
11573
11674
11676
11680
11682
11685
11687
11689
11690
11693
