557
716
1184
1201
2078
2463
3015
3391
4040
4948
5081
5192
5193
5220
5310
5342
5453
5589
5814
5827
6691
8579
9087
9199
10309
10464
11558
11565
11566
11567
11572
11573
11575
11579
11581
11584
11587
11588
11590
11680
11681
11683
11686
11690
11693
11696
11699
11703
11705
11709
11712
11715
11717
11801
11802
11805
11806
11807
11808
11809
11813
11816
11817
11818
11822
11826
11827
11828
11829
11831
11832
11837
11845
11928
11929
11931
11932
11935
11937
11938
11943
11944
11945
11946
11948
11952
11957
11958
11959
11962
11964
11967
12053
12057
12058
12060
12063
12064
12067
12069
12071
12073
12075
12076
12078
12079
12080
12082
12084
12086
12088
12092
