695
797
1199
3141
3371
4149
4986
5002
5197
5680
6270
6378
6616
6849
6905
7414
7938
8059
8061
8063
8111
8174
8177
8181
8186
8187
8293
8296
8298
8301
8303
8314
8316
8319
8356
8410
8416
8417
8422
8429
8433
8434
8436
8437
8438
8439
8444
8537
8540
8541
8542
8544
8545
8547
8549
8555
8556
8563
8565
8566
8576
8664
8665
8668
8669
8673
8675
8676
8679
8680
8681
8686
8687
8700
8701
8702
8786
8789
8792
8793
8798
8807
8808
8809
8812
8815
8816
8817
8818
8822
8824
8826
8910
8912
8916
8918
8920
8930
8931
8935
8937
8939
8940
8945
8946
8947
8949
8950
8951
9034
9036
9038
9039
9043
9045
9048
9051
9053
9056
9057
9062
9063
9067
9068
9070
9071
9073
9077
9078
9161
9162
9163
9164
9165
9171
9172
9173
9175
9176
9179
9181
9182
9184
9185
9191
9193
9196
9198
9200
9286
9287
9288
9290
9295
9296
9299
9302
9303
9304
9305
9306
9308
9315
9317
9318
9320
9329
9373
9409
9412
9421
9423
9425
9427
9428
9430
9431
9435
9436
9437
9441
9442
9446
9448
9535
9536
9537
9538
9539
9541
9542
9548
9550
9553
9557
9559
9564
9569
9571
9578
9662
9665
9666
9671
9673
9675
9676
9678
9682
9684
9686
9687
9688
9692
9693
9695
9696
9697
9698
9699
9702
9787
9788
9790
9792
9796
9799
9806
9808
9809
9810
9811
9816
9817
9819
9821
9825
9910
9915
9920
9922
9923
9924
9926
9929
9930
9931
9935
9938
9944
10042
10047
10051
10056
10057
10058
10062
10064
10065
10066
10216
10490
10614
11026
11196
11667
11679
11680
11682
11684
