469
482
583
712
915
958
1452
2071
2436
3034
4461
4943
4964
5215
5557
5687
5828
6013
6649
7061
7072
7209
7319
9571
9967
10081
10464
10790
10812
11440
11448
11561
11564
11569
11571
11574
11581
11584
11680
11686
11688
11689
11691
11692
11693
11695
11696
11703
11705
11706
11707
11708
11709
11712
11713
11714
11719
11801
11802
11804
11806
11807
11809
11810
11817
11818
11820
11822
11823
11824
11825
11826
11827
11828
11829
11830
11832
11839
11840
11844
11846
11929
11934
11938
11939
11942
11944
11945
11946
11948
11954
11955
11958
11960
11961
11964
11966
11968
12055
12060
12064
12067
12068
12070
12074
12075
12079
12087
12202
