251
400
436
556
897
961
1046
1220
1806
2476
2525
2548
2551
2555
2557
2561
2564
2569
2582
2643
2664
2665
2675
2677
2678
2679
2680
2681
2682
2685
2686
2691
2693
2696
2699
2758
2791
2792
2793
2795
2797
2800
2801
2803
2804
2806
2807
2808
2812
2813
2814
2817
2819
2821
2822
2851
2911
2915
2919
2929
2931
2934
2937
2938
2939
2942
2946
2948
3038
3041
3045
3047
3050
3051
3052
3055
3057
3058
3059
3062
3066
3070
3071
3076
3077
3163
3170
3171
3172
3173
3174
3177
3178
3179
3181
3186
3191
3194
3292
3298
3304
3305
3308
3311
3321
3323
3324
3344
3414
3415
3419
3429
3431
3432
3434
3435
3436
3437
3439
3440
3441
3443
3444
3449
3496
3547
3548
3549
3550
3554
3555
3559
3560
3562
3564
3565
3680
3681
3682
3683
3906
4186
4560
4734
4755
5253
5610
5810
5923
6574
6859
6881
6997
7587
7956
8045
8046
8047
8049
8050
8051
8060
8062
8065
8068
8171
8176
8178
8179
8180
8183
8186
8291
8298
8299
8303
8304
8307
8312
8314
8317
8322
8417
8418
8419
8420
8428
8432
8433
8435
8440
8442
8443
8444
8448
8542
8543
8544
8545
8546
8547
8552
8557
8558
8561
8565
8566
8568
8571
8572
8573
8574
8661
8662
8666
8667
8668
8670
8672
8673
8675
8676
8677
8680
8681
8683
8686
8687
8688
8689
8690
8694
8695
8696
8699
8702
8790
8794
8798
8802
8804
8808
8811
8812
8814
8818
8820
8822
8823
8824
8827
8915
8916
8918
8920
8922
8924
8927
8928
8933
8936
8937
8939
8940
8941
8942
8949
8951
8952
8953
9035
9036
9038
9043
9048
9050
9051
9055
9059
9061
9066
9069
9074
9076
9078
9163
9164
9165
9169
9171
9173
9177
9179
9181
9182
9183
9185
9186
9189
9198
9203
9204
9293
9300
9303
9306
9310
9312
9313
9314
9318
9319
9322
9323
9326
9410
9411
9412
9414
9416
9417
9418
9419
9423
9424
9425
9427
9432
9433
9436
9438
9439
9443
9444
9447
9448
9451
9452
9534
9535
9541
9544
9547
9548
9549
9551
9552
9556
9557
9559
9561
9562
9563
9564
9565
9566
9568
9570
9571
9573
9577
9592
9669
9670
9675
9676
9677
9678
9681
9682
9684
9687
9688
9689
9690
9692
9694
9695
9697
9699
9703
9786
9787
9788
9790
9795
9796
9798
9799
9801
9802
9803
9805
9806
9807
9808
9809
9811
9813
9815
9816
9818
9820
9821
9824
9828
9913
9914
9928
9931
9932
9935
9937
9940
9948
10039
10041
10047
10052
10054
10055
10061
10062
10063
10064
10065
10068
10073
10172
10177
10184
10187
