66
736
1080
1187
1465
1944
1956
3837
4644
4647
4909
5329
5698
6065
6567
6675
6712
6839
7209
8463
8828
9308
9947
10441
11805
11807
11809
11810
11814
11817
11818
11819
11821
11823
11827
11828
11831
11835
11838
11930
11932
11934
11935
11941
11942
11944
11946
11948
11959
11963
11966
11968
12051
12055
12056
12057
12060
12062
12063
12064
12067
12068
12069
12073
12074
12075
12076
12080
12081
12084
12085
12091
12177
12180
12181
12186
12187
12192
12200
12202
12203
12204
12205
12206
12207
12208
12209
12214
12215
12216
12217
12305
12311
12319
12322
12326
12337
