98
514
1267
1297
1332
1355
1496
1549
1556
1615
1935
2482
2561
2650
2682
3183
3315
3357
3359
3458
3627
4147
4177
4180
4230
4426
4428
4430
4435
4438
4555
4556
4682
4684
4685
4706
5708
5864
5908
6192
6326
6618
7414
7608
7659
8296
8297
8300
8302
8304
8306
8308
8309
8312
8313
8371
8417
8418
8424
8426
8428
8430
8432
8442
8443
8445
8537
8538
8539
8546
8552
8554
8559
8560
8561
8562
8566
8567
8569
8570
8573
8574
8576
8601
8662
8667
8669
8670
8673
8674
8676
8678
8680
8684
8687
8688
8692
8693
8696
8698
8699
8785
8789
8798
8800
8801
8803
8804
8807
8808
8809
8811
8814
8818
8819
8910
8911
8912
8916
8919
8920
8921
8925
8926
8927
8928
8931
8934
8937
8948
8950
8951
8952
8953
9038
9039
9040
9042
9044
9045
9046
9047
9048
9052
9054
9055
9057
9058
9059
9060
9065
9067
9069
9070
9071
9074
9164
9165
9167
9168
9172
9173
9174
9182
9192
9194
9195
9196
9199
9202
9203
9291
9298
9299
9301
9304
9307
9309
9312
9315
9322
9326
9416
9419
9420
9421
9424
9425
9427
9428
9431
9437
9442
9454
9456
9534
9535
9541
9544
9548
9550
9551
9554
9557
9564
9565
9570
9571
9573
9575
9576
9577
9660
9661
9663
9665
9668
9669
9673
9676
9678
9680
9681
9682
9684
9685
9686
9687
9689
9690
9691
9692
9694
9696
9698
9701
9788
9794
9796
9798
9799
9802
9804
9805
9807
9808
9810
9811
9814
9817
9824
9825
9914
9915
9917
9918
9921
9922
9923
9929
9933
9940
9941
9942
9943
9945
9946
9947
10042
10045
10050
10051
10052
10054
10056
10057
10061
10066
