430
685
1309
1459
1573
1709
2440
2683
2839
4066
5440
5447
5966
6588
7065
7204
7573
8480
8811
9320
9952
10567
11811
11812
11813
11818
11823
11824
11826
11827
11828
11834
11838
11928
11929
11932
11934
11936
11946
11947
11949
11950
11951
11952
11953
11955
11957
11958
11963
11964
11969
11970
12051
12053
12054
12055
12056
12057
12058
12059
12062
12066
12069
12071
12072
12073
12075
12076
12079
12082
12083
12086
12088
12089
12091
12093
12094
12180
12181
12183
12188
12191
12192
12193
12194
12195
12199
12200
12202
12207
12210
12212
12215
12217
12307
12313
12314
12317
12318
12322
12323
12324
12325
12330
12571
