114
382
517
555
556
561
565
567
568
663
665
667
672
673
674
677
683
684
685
686
688
691
692
694
697
701
705
787
788
789
795
797
801
803
805
806
809
810
811
814
816
820
821
823
825
909
910
915
921
922
927
928
930
931
933
936
937
939
943
944
945
946
947
951
952
1042
1043
1048
1051
1053
1054
1055
1057
1059
1060
1061
1064
1069
1150
1184
2220
2301
2303
2306
2310
2312
2315
2318
2320
2414
2416
2417
2420
2422
2424
2425
2428
2432
2436
2439
2441
2442
2447
2538
2539
2542
2545
2546
2547
2549
2550
2551
2555
2558
2560
2566
2567
2568
2570
2573
2574
2575
2578
2660
2665
2667
2668
2670
2675
2678
2682
2685
2687
2689
2690
2692
2693
2696
2698
2701
2785
2786
2789
2793
2794
2796
2798
2799
2801
2803
2813
2817
2819
2823
2827
2861
2913
2915
2916
2918
2920
2925
2926
2927
2929
2932
2934
2936
2940
2943
2945
3016
3045
3046
3048
3052
3054
3055
3056
3057
3058
3060
3061
3066
3067
3397
3540
4280
4396
4932
4935
4937
4938
4989
5042
5045
5047
5051
5057
5060
5061
5063
5069
5070
5071
5167
5171
5177
5180
5183
5185
5186
5187
5194
5195
5196
5257
5291
5293
5295
5298
5300
5301
5305
5308
5309
5310
5312
5323
5414
5418
5420
5422
5423
5425
5434
5435
5439
5440
5447
5538
5545
5546
5549
5553
5554
5556
5566
5567
5571
5640
5661
5662
5663
5666
5672
5673
5676
5680
5681
5689
5690
5692
5696
5697
5699
5700
5701
5772
5795
5797
5811
5812
5813
5816
5824
5827
5912
5915
5918
5920
5923
5930
5931
5932
5934
5936
5942
5946
5948
5949
6041
6042
6045
6046
6048
6050
6052
6053
6055
6056
6059
6060
6061
6063
6065
6199
6254
6425
7181
7294
7296
7299
7302
7306
7308
7309
7310
7315
7316
7319
7320
7323
7415
7418
7421
7424
7425
7429
7434
7435
7436
7442
7444
7547
7551
7554
7558
7559
7562
7563
7566
7567
7660
7675
8261
8360
8841
8842
8993
9290
9553
9655
9946
10014
10038
10299
10302
10305
10306
10309
10310
10314
10344
10420
10422
10424
10425
10426
10430
10433
10437
10438
10440
10442
10443
10511
10543
10546
10547
10549
10554
10556
10557
10559
10561
10562
10567
10568
10571
10673
10678
10683
10685
10686
10688
10772
10891
11440
11504
11755
11855
11933
12000
12050
12056
12059
12061
12172
12173
12178
12179
12180
12181
