1065
1077
1194
1342
2317
2328
2689
2708
2813
2829
2832
2833
4444
4633
5554
5704
6450
6936
7464
10081
10201
10950
11177
11809
11811
11814
11816
11820
11823
11826
11827
11832
11836
11838
11842
11927
11929
11930
11935
11937
11938
11940
11942
11946
11949
11950
11951
11952
11958
11959
11960
11962
11965
11967
12053
12057
12063
12064
12066
12067
12069
12071
12072
12074
12075
12076
12077
12078
12079
12081
12082
12085
12086
12087
12088
12090
12176
12180
12181
12182
12183
12184
12187
12188
12190
12194
12201
12204
12207
12211
12213
12217
12305
12308
12314
12316
12317
12321
12323
12324
12326
12333
