94
417
418
420
423
424
425
426
427
430
433
1113
1388
1956
2807
3759
5886
5898
5958
5980
6539
7159
7173
7174
7178
7187
7188
7192
7193
7299
7302
7463
7762
8543
8549
8550
8552
8554
8561
8564
8566
8567
8670
8672
8674
8680
8682
8685
8688
8692
8693
8793
8800
8802
8804
8807
8808
8812
8815
8820
8821
8824
8921
8924
8925
8926
8931
8932
8938
8939
8942
8945
8950
8951
8952
9040
9041
9042
9047
9054
9056
9059
9061
9067
9070
9073
9075
9076
9077
9165
9169
9170
9172
9173
9174
9175
9176
9177
9178
9180
9184
9185
9188
9189
9195
9198
9200
9201
9210
9285
9286
9288
9292
9294
9298
9299
9304
9305
9307
9309
9310
9311
9312
9314
9315
9321
9322
9409
9411
9419
9421
9422
9423
9425
9426
9430
9431
9432
9437
9438
9442
9443
9445
9447
9452
9453
9538
9540
9544
9545
9546
9549
9556
9565
9566
9569
9570
9571
9573
9576
9586
9662
9663
9664
9669
9671
9673
9675
9678
9680
9684
9688
9690
9693
9694
9697
9698
9700
9701
9741
9791
9792
9794
9796
9800
9801
9802
9803
9808
9809
9815
9820
9821
9824
9919
10490
10799
10810
10811
10814
10815
10820
10912
10915
10916
10918
10920
10921
10922
10923
10924
10926
10927
10935
10937
10938
10941
10944
10947
10951
10952
11037
11039
11040
11041
11042
11046
11047
11048
11049
11050
11058
11059
11061
11062
11063
11065
11067
11070
