1332
1449
1820
1831
1929
1930
2068
2579
5700
5811
5954
6072
6078
6705
6812
7196
7329
7598
9704
10148
11616
11806
11807
11809
11810
11814
11816
11819
11822
11823
11824
11827
11829
11842
11927
11928
11930
11934
11937
11938
11940
11942
11949
11950
11952
11955
11961
11962
11963
11966
11967
11969
12052
12055
12058
12064
12066
12069
12073
12074
12075
12078
12080
12081
12083
12085
12086
12089
12090
12094
12181
12183
12184
12187
12189
12190
12193
12194
12201
12203
12204
12205
12206
12207
12209
12213
12214
12215
12305
12308
12313
12317
12320
12322
12324
12326
12444
12445
12453
