8
350
1366
1830
2857
3125
3271
3402
3665
3731
3958
4929
4931
4934
4935
4937
4938
5054
5055
5059
5060
5582
5808
6379
6504
8931
8932
8933
8941
9046
9051
9056
9059
9060
9061
9065
9169
9171
9173
9176
9178
9179
9181
9183
9186
9188
9190
9191
9192
9195
9196
9289
9290
9293
9295
9301
9314
9316
9317
9321
9322
9415
9416
9417
9420
9424
9425
9427
9428
9430
9431
9441
9443
9444
9446
9539
9540
9543
9549
9550
9551
9552
9553
9555
9556
9557
9558
9560
9563
9564
9566
9567
9568
9571
9573
9575
9665
9669
9674
9679
9684
9686
9687
9689
9693
9695
9698
9700
9701
9786
9787
9793
9794
9800
9801
9802
9803
9805
9807
9813
9816
9821
9825
9827
9828
9911
9912
9914
9919
9920
9922
9924
9925
9928
9931
9934
9936
9938
9939
9942
9948
9951
9953
10036
10039
10040
10042
10043
10044
10045
10046
10049
10050
10054
10058
10059
10067
10068
10069
10070
10071
10074
10076
10077
10078
10164
10165
10169
10171
10174
10175
10177
10184
10186
10188
10189
10190
10194
10196
10292
10294
10297
10301
10305
10306
10307
10308
10309
10312
10313
10314
10315
10317
10321
