1150
2303
3562
3775
3866
3907
4519
4869
5018
5997
7242
7340
8003
8798
8801
8802
8807
8810
8812
8923
8924
8931
8932
8934
8935
8941
9044
9051
9052
9053
9058
9062
9065
9067
9118
9166
9172
9173
9180
9182
9184
9186
9189
9190
9294
9296
9297
9300
9304
9305
9307
9308
9309
9310
9311
9313
9315
9318
9321
9322
9414
9418
9421
9422
9423
9424
9428
9429
9432
9434
9435
9439
9441
9444
9445
9446
9448
9458
9505
9537
9540
9542
9548
9549
9551
9552
9553
9554
9555
9564
9565
9568
9574
9576
9666
9677
9678
9679
9680
9681
9686
9689
9690
9691
9692
9698
9701
9786
9791
9796
9802
9805
9808
9810
9811
9812
9813
9815
9818
9820
9821
9825
9828
9909
9911
9921
9923
9926
9927
9930
9933
9934
9935
9936
9939
9940
9943
9951
9952
9978
10042
10045
10048
10049
10050
10051
10052
10053
10054
10058
10059
10060
10063
10064
10068
10071
10072
10164
10170
10171
10173
10174
10175
10177
10181
10183
10184
10185
10189
10192
10290
10292
10297
10298
10305
10306
10313
10318
10319
10322
10428
10438
11695
11879
11927
11931
11934
11935
