224
1092
1303
1453
1951
2448
2583
2705
2709
2819
2825
2954
3078
5770
6082
6829
7335
7434
10439
10443
11234
11805
11811
11813
11817
11820
11824
11826
11827
11830
11835
11838
11927
11928
11931
11933
11934
11936
11937
11941
11942
11947
11949
11951
11952
11953
11954
11960
11963
11964
11968
11969
12054
12055
12063
12065
12066
12067
12069
12072
12073
12074
12075
12078
12079
12081
12083
12084
12087
12089
12090
12094
12176
12178
12181
12182
12184
12188
12189
12193
12194
12195
12197
12198
12199
12204
12212
12213
12215
12306
12308
12314
12317
12318
12325
12326
