441
1202
1321
2567
3062
3184
3194
3958
4653
6076
6448
6817
6821
6899
7083
7701
8199
9834
9942
11848
11942
12062
12064
12068
12069
12074
12078
12080
12083
12088
12092
12178
12183
12185
12189
12190
12191
12193
12194
12195
12196
12198
12200
12201
12204
12205
12209
12210
12211
12212
12216
12218
12302
12303
12304
12305
12306
12310
12311
12312
12313
12316
12319
12321
12323
12324
12326
12327
12329
12335
12338
12339
12342
12345
12346
12435
12436
12438
12440
12443
12444
12446
12450
12456
12457
12461
12462
12463
12558
12559
12562
12570
12571
12572
12578
12579
12582
12584
12585
12589
12591
