1067
1195
1203
1320
1754
1765
2656
2701
2938
3071
3508
5144
6059
6192
6692
6833
7268
7319
7564
7566
9029
12059
12063
12064
12065
12066
12067
12068
12069
12072
12074
12075
12077
12078
12079
12083
12084
12085
12086
12092
12182
12185
12187
12191
12196
12201
12202
12205
12208
12209
12211
12212
12215
12218
12219
12301
12302
12305
12309
12311
12312
12314
12317
12319
12324
12325
12327
12328
12331
12332
12335
12336
12337
12338
12345
12426
12431
12434
12441
12442
12443
12444
12446
12450
12453
12454
12456
12457
12460
12464
12469
12470
12559
12560
12562
12569
12574
12577
12578
12586
12590
