193
766
1597
2275
2316
3236
3417
3737
5558
6194
6298
6300
6303
6308
6311
6316
6422
6428
6432
6433
6434
6436
6438
6441
6444
6478
6548
6549
6553
6555
6559
6673
6675
6676
6679
6681
6684
6846
6893
7473
8048
8551
8560
8797
8799
8804
8805
8806
8807
8808
8809
8818
8836
8920
8921
8922
8923
8926
8930
8935
8939
8942
8944
9051
9052
9055
9058
9063
9065
9068
9165
9166
9169
9178
9179
9182
9183
9184
9185
9186
9189
9193
9197
9292
9296
9301
9304
9306
9308
9311
9314
9315
9318
9319
9414
9419
9421
9422
9426
9429
9430
9434
9435
9436
9439
9440
9442
9445
9446
9536
9537
9538
9541
9543
9544
9550
9555
9556
9557
9558
9560
9561
9562
9566
9569
9570
9571
9573
9575
9662
9664
9665
9669
9670
9671
9675
9676
9679
9686
9687
9688
9689
9690
9696
9703
9787
9789
9790
9793
9797
9800
9801
9804
9805
9808
9809
9810
9811
9812
9814
9815
9854
9913
9919
9922
9924
9928
9929
9932
9935
9936
9937
9938
9942
9946
9948
9949
9950
9986
10035
10038
10040
10041
10042
10043
10045
10047
10049
10052
10058
10059
10060
10061
10062
10064
10067
10070
10073
10074
10078
10162
10169
10172
10173
10177
10178
10188
10191
10192
10193
10195
10199
10200
10287
10290
10294
10296
10297
10300
10302
10303
10305
10309
10311
10312
10316
10319
10320
10321
10423
10427
10428
10434
10435
10438
10440
10443
