138
2050
2051
2055
2056
2063
2065
2162
2165
2177
2179
2190
2191
2192
2195
2197
2254
2291
2294
2296
2306
2307
2308
2310
2314
2318
2319
2323
2324
2325
2326
2327
2414
2415
2416
2417
2419
2420
2421
2422
2423
2424
2431
2432
2433
2436
2438
2440
2441
2442
2451
2543
2544
2546
2549
2558
2559
2560
2561
2565
2983
3388
3437
4054
4055
4063
4064
4179
4181
4182
4183
4184
5451
5830
6743
7721
8742
9147
9296
9297
9300
9303
9306
9308
9315
9426
9428
9429
9431
9432
9434
9436
9437
9439
9440
9442
9543
9544
9546
9547
9548
9552
9553
9555
9556
9557
9558
9559
9560
9564
9569
9665
9669
9671
9672
9679
9680
9681
9683
9686
9687
9692
9699
9700
9786
9787
9789
9791
9793
9797
9798
9799
9800
9802
9804
9808
9809
9817
9818
9821
9919
9920
9921
9924
9925
9926
9927
9930
9932
9936
9937
9939
9941
9946
9948
9949
9950
9951
10036
10037
10040
10042
10043
10047
10049
10051
10055
10058
10062
10066
10067
10068
10069
10072
10074
10076
10077
10165
10166
10170
10172
10173
10175
10178
10179
10180
10181
10182
10188
10189
10190
