159
411
414
417
425
427
433
436
439
440
442
443
446
449
450
451
538
541
544
545
550
551
553
555
557
558
559
568
570
571
572
784
877
961
1049
1086
1420
1916
1917
1919
1921
1923
1926
1927
1928
1929
1930
1931
1932
1936
1937
1938
1943
1944
1946
2039
2041
2044
2046
2047
2049
2055
2057
2060
2062
2064
2068
2070
2074
2109
2161
2162
2167
2168
2171
2173
2174
2175
2180
2182
2186
2187
2189
2190
2193
2204
2289
2293
2294
2300
2304
2305
2307
2315
2317
2322
2420
2424
2432
2433
2436
2437
2567
2725
2744
2778
3005
3133
3280
3458
3466
3877
3935
4041
4044
4045
4048
4053
4059
4062
4063
4064
4065
4070
4074
4075
4098
4164
4166
4167
4172
4173
4174
4176
4177
4179
4180
4182
4185
4186
4188
4189
4193
4197
4198
4288
4293
4294
4297
4301
4307
4308
4309
4310
4311
4315
4316
4317
4318
4323
4415
4420
4422
4423
4424
4425
4428
4429
4432
4433
4434
4435
4437
4438
4440
4446
4449
4450
4453
4529
4535
4540
4549
4551
4552
4555
4558
4560
4561
4562
4563
4564
4572
4656
4659
4660
4663
4665
4667
4668
4674
4676
4677
4681
4682
4683
4685
4687
4688
4689
4690
4691
4694
4695
4697
4698
4699
4701
4702
4791
4792
4794
4795
4797
4804
4808
4809
4812
4815
4819
4822
4825
4827
4912
4913
4914
4916
4919
4920
4925
4927
4928
4932
4933
4936
4939
4940
4941
4942
4948
5042
5045
5049
5050
5052
5053
5060
5062
5063
5067
5070
5142
5174
5179
5182
5185
5187
5188
5298
5299
5303
5306
5307
5311
5312
5315
5414
5415
5423
5424
5432
5433
5437
5439
6260
6291
6549
6557
6558
6559
6562
6563
6675
6681
6687
6688
6690
6691
6692
6693
6695
6698
6787
6788
6791
6793
6795
6798
6802
6804
6805
6808
6809
6810
6811
6812
6813
6814
6817
6818
6822
6823
6824
6825
6827
6900
6912
6916
6919
6920
6921
6926
6927
6929
6930
6931
6933
6945
6946
6947
6948
6954
7039
7040
7041
7042
7043
7050
7051
7053
7055
7056
7058
7061
7067
7068
7071
7072
7074
7157
7165
7169
7174
7175
7179
7180
7187
7300
7365
7695
7795
7992
8014
8037
8116
8484
8575
8729
8931
8934
9016
9053
9054
9057
9058
9144
9169
9170
9172
9176
9180
9182
9187
9190
9192
9215
9291
9293
9294
9298
9301
9304
9307
9313
9318
9320
9416
9417
9422
9425
9428
9429
9430
9433
9434
9435
9542
9543
9547
9548
9551
9552
9556
9559
9561
9562
9563
9564
9574
9609
9628
9663
9669
9670
9672
9673
9676
9677
9679
9680
9681
9683
9690
9693
9695
9696
9698
9699
9701
9793
9797
9798
9801
9802
9803
9805
9807
9811
9812
9814
9815
9823
9826
9827
9909
9911
9913
9914
9917
9919
9921
9922
9923
9925
9927
9929
9933
9935
9938
9939
9946
9952
10035
10042
10047
10048
10053
10054
10056
10060
10061
10064
10065
10066
10069
10071
10073
10074
10161
10162
10163
10166
10170
10171
10173
10176
10180
10181
10182
10184
10190
10191
10195
10196
10197
10294
10296
10297
10299
10303
10307
10310
10311
10312
10314
10315
10317
10359
10614
10819
10885
11171
11414
11415
11423
11427
11428
11430
11434
11436
11441
11443
11447
11544
11547
11548
11549
11551
11552
11553
11554
11556
11563
11564
11567
11570
11575
11577
11578
11580
11599
11660
11663
11665
11676
11679
11680
11682
11684
11685
11688
11689
11690
11692
11695
11698
11702
11703
11792
11796
11797
11806
11809
11812
11815
11919
11928
11935
