434
435
441
445
543
547
548
549
550
551
552
553
557
558
559
565
567
569
683
684
719
2553
2794
3565
6264
6735
7305
7308
7313
7420
7421
7422
7423
7424
7430
7433
7434
7439
7441
7543
7597
8485
8906
8926
9054
9192
9288
9543
9547
9549
9551
9556
9559
9564
9567
9568
9663
9668
9676
9679
9681
9682
9688
9689
9787
9789
9794
9795
9798
9800
9801
9805
9806
9808
9810
9812
9813
9815
9818
9819
9822
9823
9824
9906
9913
9917
9919
9921
9926
9932
9947
9948
9952
10035
10040
10041
10042
10043
10045
10046
10049
10051
10052
10054
10058
10059
10061
10065
10069
10071
10072
10075
10076
10164
10166
10169
10170
10174
10176
10177
10180
10185
10186
10188
10189
10558
11020
11047
11049
11050
11055
11056
11057
11058
11059
11062
11068
11069
11071
11162
11163
11169
11170
11174
11180
11182
11183
11185
11187
11194
11197
11198
11199
11201
11202
11267
11292
11295
11296
11298
11303
11304
11306
11308
11317
11318
