814
821
1053
1081
1196
1308
1440
1449
1454
1458
1747
1806
2058
2316
2451
2623
2841
3200
4088
4777
6179
6269
6454
6645
7707
7813
8165
9989
12057
12058
12060
12062
12064
12071
12072
12073
12083
12085
12181
12183
12188
12195
12197
12198
12203
12206
12210
12211
12212
12216
12217
12218
12302
12303
12306
12308
12309
12310
12311
12312
12314
12315
12319
12321
12323
12325
12326
12330
12332
12334
12335
12338
12339
12341
12434
12436
12437
12438
12439
12440
12441
12443
12445
12446
12447
12449
12451
12452
12454
12456
12457
12460
12461
12557
12560
12572
12575
12582
12584
12585
12591
