177
662
663
665
666
671
672
674
676
684
686
687
688
690
694
695
698
788
789
791
794
797
802
803
804
805
809
811
814
817
818
819
820
822
909
913
915
919
921
923
925
927
930
932
934
936
937
938
939
941
943
944
952
1040
1042
1043
1044
1045
1048
1055
1058
1059
1062
1067
3101
3617
5371
5461
5919
5920
5921
5922
5925
5929
5930
5932
5934
5939
5941
5942
5950
6044
6048
6051
6052
6054
6057
6061
6067
6072
6073
6074
6171
6172
6176
6177
6178
6180
6225
6755
6804
7066
7129
7169
7171
7173
7174
7176
7177
7179
7185
7186
7188
7189
7191
7192
7193
7297
7301
7305
7336
7768
8116
8172
8230
8245
8372
8430
8485
8769
8902
9095
9514
9719
11919
11925
11928
11933
11934
11935
11937
11939
11940
11942
11943
11946
11950
12036
12039
12041
12043
12045
12047
12049
12057
12060
12063
12064
12066
12071
12077
12078
12161
12165
12167
12170
12174
12176
12178
12181
12183
12188
12189
12191
12193
12197
12199
12200
12201
12204
12286
12287
12291
12294
12297
12298
12300
12305
12307
12310
12311
12314
12315
12316
