689
809
811
813
815
817
818
821
824
829
832
840
842
930
934
936
939
940
941
943
945
946
951
952
954
956
960
963
965
1053
1057
1058
1059
1060
1063
1066
1067
1071
1073
1074
1075
1076
1077
1080
1081
1083
1084
1086
1090
1096
1179
1181
1182
1186
1190
1193
1194
1195
1199
1200
1202
1206
1207
1208
1216
1217
1220
1306
1308
1309
1313
1316
1322
1327
1329
1330
1331
1336
1391
1429
1563
1582
1756
2303
2824
3053
3208
6081
6085
6429
6452
6689
8634
10449
11075
11188
11300
12327
