294
655
670
673
675
679
682
684
685
686
689
692
693
695
793
799
801
803
804
807
809
811
814
820
885
919
924
2684
2835
3068
4697
6162
6184
7546
7549
7553
7555
7556
7557
7561
7563
7670
7678
7681
7684
7686
7687
7688
7690
7691
8223
10044
10050
10051
10052
10053
10054
10057
10058
10059
10063
10066
10071
10072
10073
10163
10164
10166
10169
10172
10173
10174
10179
10182
10184
10186
10187
10189
10191
10192
10193
10194
10196
10197
10200
10202
10204
10294
10296
10297
10298
10304
10305
10309
10312
10319
10322
10323
10326
10327
10421
10423
10427
10428
10432
10434
10439
10442
10443
10444
10445
10499
11288
11291
11296
11299
11300
11301
11302
11304
11305
11306
11308
11316
11319
11320
11321
11322
11325
11418
11419
11424
11427
11428
11429
11435
11436
11437
11438
11440
11445
11446
11449
11549
11552
11556
11557
11558
11559
11562
11563
