276
1560
1950
2954
3057
3190
3217
3431
6329
7082
7321
7562
7574
7830
7968
10692
10942
10953
11070
12309
12312
12314
12319
12321
12323
12329
12331
12332
12338
12339
12341
12431
12433
12434
12435
12437
12439
12442
12445
12447
12448
12449
12450
12451
12453
12455
12458
12459
12460
12462
12465
12466
12551
12552
12553
12555
12556
12558
12559
12560
12563
12565
12566
12567
12568
12569
12573
12574
12575
12576
12578
12579
12581
12583
12585
12593
