195
449
452
1004
1440
1555
1578
1580
1703
1704
1950
1959
2940
3315
3577
4914
6862
6961
7833
8010
8265
8442
10010
10388
11342
12308
12310
12316
12317
12319
12321
12325
12328
12329
12332
12333
12335
12339
12341
12343
12432
12434
12435
12440
12446
12447
12449
12450
12454
12455
12459
12463
12464
12465
12468
12469
12551
12555
12556
12557
12560
12563
12567
12568
12570
12572
12575
12576
12577
12578
12583
12585
12586
12587
12590
12591
12592
