567
640
2317
2417
2420
2423
2425
2426
2429
2432
2439
2440
2443
2444
2445
2446
2537
2538
2539
2540
2541
2545
2547
2550
2555
2558
2559
2561
2562
2565
2567
2570
2575
2576
2664
2672
2675
2676
2677
2680
2682
2687
2691
2692
2693
2694
2697
2699
2790
2792
2794
2798
2799
2800
2804
2805
2806
2807
2810
2812
2822
2922
2925
2926
2928
2930
2934
4430
4431
4434
4437
4551
4554
4556
4557
4558
4561
4674
4679
4681
4683
4684
4689
4799
4802
4804
4813
5369
5795
6553
6583
7051
7060
8706
9102
9804
9927
9933
9936
9940
9941
10041
10043
10046
10049
10050
10053
10055
10058
10062
10067
10068
10070
10071
10161
10162
10164
10165
10170
10173
10175
10176
10177
10180
10182
10190
10195
10196
10203
10284
10287
10292
10294
10295
10302
10304
10310
10311
10312
10319
10413
10414
10417
10419
10422
10423
10424
10427
10428
10429
10430
10434
10435
10436
10440
10442
10443
10447
