743
1871
1987
2151
2769
4163
4413
5093
5476
5729
5735
5738
5909
5988
6430
6432
6546
6549
6550
6552
6553
6557
6558
6559
6560
6562
6569
6668
6669
6672
6674
6675
6676
6679
6680
6682
6683
6686
6687
6688
6692
6695
6702
6704
6802
6803
6808
6809
6811
6813
6815
6818
6905
6923
6929
7066
7459
7877
8575
8969
9552
9555
9561
9676
9682
9683
9684
9686
9792
9798
9799
9801
9803
9806
9811
9812
9818
9914
9922
9923
9924
9926
9928
9934
9936
9939
9940
9943
9948
9949
10036
10038
10039
10047
10051
10052
10054
10055
10057
10059
10060
10061
10066
10070
10077
10161
10162
10164
10167
10168
10169
10170
10171
10175
10176
10180
10184
10185
10195
10200
10284
10290
10291
10292
10295
10300
10301
10304
10305
10312
10313
10314
10315
10316
10319
10322
10328
10411
10414
10415
10419
10425
10426
10429
10432
10436
10437
10438
10439
10443
10445
10446
10447
10448
10450
10540
10544
10548
10550
10553
10554
10556
10559
10560
10565
10571
10685
