147
368
807
2357
2417
2800
2993
3172
3174
3180
3187
3189
3293
3297
3301
3303
3309
3310
3317
3321
3416
3419
3422
3425
3426
3431
3434
3435
3438
3439
3443
3444
3446
3447
3448
3450
3537
3538
3541
3544
3545
3551
3552
3553
3554
3556
3557
3561
3562
3563
3566
3569
3570
3571
3576
3663
3665
3671
3672
3673
3676
3678
3680
3682
3686
3687
3689
3690
3694
3695
3696
3698
3700
3760
3788
3789
3790
3793
3794
3795
3797
3800
3801
3802
3803
3807
3808
3809
3812
3814
3826
3827
3912
3914
3918
3923
3925
3926
3929
3930
3933
3934
3936
3938
3945
3950
4040
4041
4044
4047
4049
4051
4053
4057
4058
4064
4171
4177
4182
4190
4304
4305
4310
4542
4723
4878
4950
5162
5549
5907
5934
6342
6439
6655
6696
6958
6992
7295
7304
8007
8217
8294
8382
8533
8895
9172
9311
9551
9552
9554
9556
9560
9563
9566
9678
9680
9682
9687
9690
9691
9790
9792
9798
9799
9800
9803
9804
9805
9806
9807
9813
9815
9817
9818
9820
9913
9915
9916
9919
9920
9922
9926
9927
9929
9930
9932
9933
9934
9939
9942
9947
9949
9951
9952
10041
10042
10043
10047
10048
10056
10062
10063
10064
10067
10068
10070
10073
10075
10077
10133
10160
10161
10162
10163
10165
10168
10177
10178
10180
10181
10182
10183
10184
10185
10186
10189
10193
10194
10195
10196
10197
10198
10285
10286
10288
10290
10291
10292
10294
10295
10297
10300
10302
10303
10304
10307
10309
10312
10313
10314
10317
10318
10319
10323
10324
10327
10414
10416
10419
10422
10423
10426
10428
10436
10439
10441
10442
10443
10444
10445
10450
10539
10540
10542
10543
10545
10547
10551
10554
10558
10559
10560
10567
10570
10572
10677
10680
10681
10682
10684
10686
10687
10690
