364
492
884
926
1756
2517
2639
2896
3183
3543
3545
3549
3550
3551
3553
3560
3561
3563
3566
3578
3667
3670
3673
3675
3677
3679
3680
3681
3682
3683
3685
3689
3690
3693
3694
3697
3799
3801
3809
3811
3812
3815
3821
3824
3825
3913
3914
3920
3924
3927
3930
3931
3933
3934
3936
3937
3940
3942
3944
3946
3949
4039
4040
4042
4043
4045
4047
4050
4051
4056
4059
4063
4071
4072
4073
4076
4077
4162
4165
4168
4171
4173
4175
4180
4186
4190
4192
4196
4199
4289
4296
4297
4298
4299
4302
4303
4304
4306
4307
4309
4312
4315
4316
4318
4414
4417
4418
4421
4424
4426
4433
4434
4442
4443
4446
4541
4542
4545
4549
4551
4553
4556
4559
4562
4564
4565
4570
4571
4572
4587
4667
4669
4676
4678
4686
4688
4689
4690
4691
4693
4694
4697
4793
4797
4799
4800
4803
4807
4808
4811
4814
4816
4817
4820
4926
4929
5345
6360
6499
6668
7671
8106
9071
9145
9631
9796
10049
10050
10055
10056
10061
10063
10064
10068
10069
10168
10175
10178
10179
10182
10183
10184
10188
10190
10195
10199
10291
10292
10293
10294
10296
10298
10300
10306
10309
10311
10313
10314
10316
10317
10320
10323
10413
10416
10417
10418
10421
10422
10423
10424
10426
10427
10428
10429
10433
10434
10438
10441
10442
10443
10444
10445
10450
10506
10538
10541
10542
10547
10549
10550
10556
10559
10560
10566
10570
10571
10573
10575
10576
10662
10664
10667
10668
10670
10673
10674
10678
10679
10681
10682
10686
10688
10690
10696
10698
10788
10789
10790
10791
10796
10804
10806
10808
10809
10812
10813
10814
10815
10921
10923
10926
10929
10933
