795
796
801
803
805
808
810
814
816
818
919
923
924
925
928
931
936
1015
1045
1046
1048
1050
1052
1053
1056
1058
1060
1061
1062
1063
1069
1180
1182
1183
1185
1188
1189
1703
2325
2726
3659
3682
3770
3929
3930
3934
3935
3938
3942
3944
3946
4042
4045
4047
4048
4050
4051
4055
4056
4060
4062
4064
4066
4070
4071
4072
4077
4169
4172
4175
4179
4184
4186
4189
4190
4191
4192
4194
4292
4293
4296
4298
4301
4303
4304
4306
4309
4315
4316
4317
4419
4420
4421
4422
4423
4426
4428
4431
4432
4435
4437
4443
4512
4549
4550
4553
4557
4677
4680
4682
4683
4685
4687
5448
5894
6257
6365
6566
7791
8447
8549
9328
10176
10177
10178
10184
10186
10189
10290
10295
10297
10298
10306
10307
10310
10311
10314
10321
10323
10411
10413
10419
10421
10426
10429
10430
10433
10435
10437
10439
10441
10442
10447
10448
10452
10536
10537
10539
10540
10542
10544
10547
10550
10551
10553
10556
10560
10561
10562
10565
10566
10567
10569
10570
10572
10574
10575
10577
10578
10664
10665
10667
10668
10673
10675
10676
10678
10679
10681
10684
10686
10688
10691
10692
10693
10694
10695
