950
1064
1069
1072
1077
1079
1082
1083
1178
1179
1181
1185
1187
1188
1189
1190
1191
1193
1197
1198
1199
1202
1203
1207
1208
1210
1212
1213
1214
1219
1220
1305
1306
1309
1314
1319
1324
1325
1330
1333
1340
1342
1343
1344
1345
1428
1429
1430
1431
1433
1434
1439
1443
1446
1452
1453
1454
1457
1460
1467
1469
1470
1555
1556
1558
1564
1565
1567
1571
1572
1573
1576
1577
1580
1582
1583
1584
1587
1588
1705
2331
2697
3071
3555
6216
6694
6707
6806
8053
9351
10815
11455
12439
