919
920
922
923
924
927
929
932
933
935
938
943
945
946
949
1037
1041
1048
1051
1052
1056
1058
1059
1061
1062
1063
1064
1065
1067
1068
1070
1071
1074
1076
1078
1161
1163
1164
1165
1169
1171
1173
1174
1177
1178
1179
1183
1190
1191
1193
1201
1279
1293
1294
1299
1301
1302
1304
1305
1307
1308
1310
1311
1312
2055
2056
2057
2060
2061
2062
2064
2163
2168
2170
2171
2172
2173
2175
2177
2179
2188
2190
2193
2194
2286
2287
2294
2296
2299
2300
2303
2304
2308
2309
2310
2318
2320
2325
2327
2412
2415
2416
2425
2427
2431
2432
2433
2434
2435
2438
2440
2445
2446
2447
2448
2547
2548
2549
2552
2554
2777
3873
5236
6029
6754
8212
9308
9457
11546
11548
11549
11556
11557
11560
11564
11565
11566
11567
11573
11662
11667
11669
11672
11679
11681
11683
11684
11688
11689
11699
11746
11794
11797
11799
11801
11804
11808
11811
11816
11817
