839
976
1136
2623
2738
4229
5933
5935
5937
6050
6051
6055
6057
6058
6059
6063
7216
7989
9742
10168
10169
10170
10171
10173
10174
10175
10176
10183
10184
10185
10189
10194
10199
10291
10292
10293
10294
10299
10302
10304
10306
10308
10309
10310
10312
10313
10314
10324
10325
10412
10415
10418
10419
10420
10424
10428
10429
10431
10434
10436
10438
10441
10444
10445
10470
10534
10542
10550
10556
10557
10560
10562
10567
10571
10575
10576
10578
10664
10666
10667
10669
10670
10671
10676
10680
10685
10687
10692
10693
10696
10698
10699
10793
10804
10808
10809
10810
10811
10812
