52
174
297
343
558
559
560
562
563
622
667
671
676
681
682
690
691
692
694
695
696
697
789
792
793
805
807
808
809
811
812
813
814
815
816
820
821
822
823
826
827
911
915
921
924
931
933
934
936
937
938
941
943
944
946
1041
1042
1044
1048
1049
1055
1056
1057
1060
1061
1063
1066
1067
1111
1155
1976
2023
2139
2223
2260
2299
2301
2305
2307
2310
2313
2319
2320
2415
2416
2417
2420
2425
2426
2428
2429
2432
2433
2435
2440
2442
2444
2447
2538
2539
2542
2545
2548
2552
2555
2560
2561
2563
2568
2574
2576
2670
2671
2672
2673
2674
2675
2678
2679
2681
2682
2683
2684
2685
2686
2689
2692
2693
2698
2699
2700
2726
2792
2794
2797
2800
2801
2803
2804
2806
2809
2811
2817
2818
2821
2822
2914
2916
2917
2919
2921
2925
2931
2934
2936
2937
2940
2941
2944
2945
2946
3031
3047
3048
3049
3064
3065
3068
3294
3895
4166
4391
4637
4678
4931
4944
4946
5039
5040
5044
5045
5051
5059
5061
5062
5066
5067
5070
5071
5072
5129
5164
5165
5170
5172
5173
5175
5177
5179
5181
5183
5185
5186
5187
5189
5192
5198
5199
5200
5201
5250
5258
5287
5290
5297
5299
5301
5303
5305
5306
5307
5309
5311
5312
5315
5320
5323
5325
5402
5413
5415
5416
5417
5421
5424
5427
5428
5435
5436
5438
5441
5444
5449
5526
5538
5539
5544
5548
5549
5554
5555
5556
5559
5561
5565
5566
5572
5573
5659
5661
5663
5665
5667
5669
5672
5673
5675
5679
5681
5682
5683
5687
5688
5691
5692
5693
5694
5695
5696
5697
5698
5735
5762
5785
5788
5791
5794
5795
5797
5799
5801
5805
5807
5808
5810
5814
5818
5820
5821
5822
5824
5825
5829
5912
5915
5918
5920
5923
5924
5925
5926
5927
5928
5931
5932
5934
5937
5938
5940
5944
5945
5946
5986
6041
6044
6052
6056
6061
6064
6066
6067
6068
6069
6070
6071
6074
6832
6891
6967
7011
7174
7176
7177
7178
7181
7184
7186
7189
7192
7193
7194
7290
7291
7295
7296
7298
7300
7301
7302
7305
7306
7309
7314
7317
7319
7320
7321
7323
7410
7411
7413
7415
7418
7419
7425
7427
7428
7430
7435
7437
7443
7446
7452
7515
7538
7542
7544
7547
7550
7553
7558
7559
7560
7561
7564
7567
7570
7792
8654
8947
9042
9243
9470
9659
9983
10173
10175
10176
10180
10185
10186
10188
10193
10195
10290
10291
10293
10296
10300
10303
10306
10307
10309
10313
10314
10319
10320
10324
10325
10410
10411
10413
10415
10416
10421
10423
10426
10428
10429
10431
10432
10435
10438
10439
10440
10442
10444
10446
10448
10450
10537
10541
10544
10545
10547
10551
10554
10558
10561
10562
10565
10568
10570
10571
10574
10578
10590
10666
10669
10670
10673
10675
10678
10682
10683
10686
10687
10688
10696
10697
10805
10806
10886
11208
11244
11301
11798
11800
11802
11804
11808
11812
11813
11814
11931
11932
11933
11934
11935
11937
11939
11940
11944
11945
11948
11956
12036
12039
12040
12042
12043
12051
12055
12057
12062
12063
12064
12069
12072
12075
12076
12162
12165
12168
12172
12174
12175
12176
12177
12179
12181
12182
12183
12186
12187
12188
12189
12195
12196
12199
12203
12287
12293
12294
12298
12300
12309
12310
12315
12320
12419
12424
12426
12429
12430
12432
12439
12440
12441
12442
