922
923
928
935
937
944
1041
1045
1046
1051
1058
1059
1065
1066
1069
1070
1174
1178
1184
1186
1680
2541
2688
4289
5328
5526
5670
5735
7370
7797
7801
7802
7804
7806
7807
7808
7812
7816
7919
7921
7922
7926
7930
7934
7935
7937
7939
7940
7942
8049
8050
8056
8058
8064
8173
8177
8178
8182
8183
8184
8187
8188
8189
8210
8670
8732
8830
9093
9682
10234
10294
10295
10296
10298
10302
10306
10307
10309
10310
10311
10313
10317
10318
10319
10412
10414
10417
10418
10424
10426
10431
10438
10440
10442
10443
10444
10445
10447
10450
10451
10538
10540
10542
10547
10550
10552
10553
10554
10557
10558
10561
10562
10563
10567
10569
10571
10573
10668
10671
10683
10684
10687
10689
10690
10693
11174
11417
11419
11428
11429
11431
11440
11441
11537
11539
11541
11542
11545
11547
11551
11553
11558
11559
11561
11562
11566
11568
11569
11570
11571
11576
11662
11665
11670
11672
11673
11674
11676
11678
11679
11680
11682
11683
11686
11690
11692
11695
11697
11698
11699
11700
