158
356
413
414
415
416
418
422
423
429
430
432
434
437
443
447
450
539
540
542
543
550
553
557
559
560
565
1332
1495
1883
1894
3054
3894
4338
4712
4788
5002
5270
5459
5510
5651
5796
6520
6782
7060
7463
7532
9365
9842
10054
10058
10060
10169
10172
10173
10175
10180
10183
10192
10193
10194
10198
10200
10288
10289
10291
10292
10295
10299
10300
10301
10302
10305
10307
10311
10312
10321
10323
10325
10326
10409
10415
10429
10430
10431
10432
10433
10434
10437
10448
10449
10454
10534
10540
10541
10542
10547
10551
10554
10557
10560
10561
10563
10564
10571
10573
10574
10575
10592
10661
10666
10667
10669
10670
10674
10676
10677
10678
10679
10681
10684
10686
10687
10689
10690
10695
10697
10698
10699
10791
10793
10794
10795
10797
10804
10808
10809
10810
10815
10818
11648
12034
12427
12429
12431
