194
548
553
794
796
800
801
806
813
814
917
918
919
921
925
928
929
935
938
940
943
944
946
947
1037
1039
1040
1041
1046
1050
1051
1053
1055
1056
1058
1060
1061
1063
1067
1068
1071
1074
1164
1173
1174
1175
1190
1191
1194
1195
1196
1197
1198
1201
1290
1291
1293
1297
1298
1299
1302
1303
1304
1306
1312
1314
1316
1317
1319
1430
1434
1436
1488
1770
1935
2219
2555
2556
2558
2561
2664
2665
2667
2670
2672
2673
2676
2677
2679
2680
2682
2683
2684
2685
2687
2688
2694
2787
2789
2796
2801
2804
2807
2812
2814
2816
2821
2822
2825
2915
2917
2921
2922
2923
2924
2925
2926
2927
2930
2932
2933
2934
2938
2939
2941
2942
2944
2946
2948
2952
3040
3042
3046
3047
3048
3050
3057
3058
3059
3063
3065
3066
3068
3069
3071
3072
3073
3074
3075
3077
3161
3162
3163
3164
3168
3175
3176
3177
3181
3182
3183
3187
3188
3189
3192
3193
3195
3293
3296
3300
3302
3303
3306
3309
3311
3313
3314
3318
3424
3427
3429
3431
3432
3433
3434
3435
3437
3440
3442
3443
4013
4230
4373
4464
4649
5135
5181
5673
5678
5679
5681
5682
5684
5686
5690
5795
5805
5808
5814
5819
5822
5824
5910
5912
5914
5916
5918
5921
5922
5926
5928
5929
5931
5934
5939
5943
5945
5946
5949
5952
5953
6033
6034
6038
6042
6044
6047
6051
6053
6058
6060
6061
6062
6068
6073
6077
6079
6096
6163
6165
6168
6169
6173
6176
6177
6181
6183
6184
6185
6186
6190
6191
6289
6640
6854
6863
6953
7232
7304
7307
7310
7313
7316
7317
7318
7415
7421
7427
7429
7430
7431
7433
7434
7435
7441
7442
7445
7446
7449
7450
7451
7497
7540
7541
7542
7544
7545
7547
7548
7550
7552
7554
7560
7561
7564
7565
7566
7567
7568
7569
7575
7579
7660
7669
7670
7672
7674
7678
7679
7684
7685
7686
7687
7689
7690
7691
7693
7696
7699
7700
7701
7702
7788
7789
7801
7802
7805
7812
7815
7816
7820
7821
7823
7825
7918
7924
7925
7928
7930
7939
8588
8685
8688
8963
9705
9897
10006
10430
10539
10542
10543
10547
10551
10552
10559
10564
10570
10572
10575
10660
10661
10665
10668
10672
10673
10675
10676
10677
10681
10682
10684
10691
10694
10695
10696
10701
10703
10791
10793
10795
10798
10801
10802
10805
10807
10808
10813
10815
10817
10819
10823
10827
10883
10913
10918
10921
10923
10927
10931
10933
10936
10937
10939
10940
10941
10942
10944
10947
11054
11057
11156
11734
11905
12040
12168
12171
12175
12176
12181
12182
12185
12190
12191
12194
12196
12286
12288
12293
12296
12298
12299
12300
12301
12307
12309
12311
12312
12313
12315
12316
12318
12319
12320
12323
12325
12326
12328
12335
12410
12414
12415
12417
12419
12420
12421
12423
12424
12425
12426
12427
12428
12431
12434
12435
12436
12437
12439
12440
12443
12449
12450
12452
12536
12540
12543
12544
12546
12552
12558
12560
12565
12568
12575
12576
