416
418
421
426
430
433
438
439
444
446
450
535
537
538
539
542
543
544
546
549
552
554
555
556
560
562
564
565
576
667
669
670
674
675
677
679
686
687
688
689
691
696
699
724
750
797
806
808
810
811
817
908
927
2031
2831
3163
3967
4186
4363
4369
4539
5120
6084
6643
6951
7021
7962
8126
8848
8881
9809
10422
10432
10435
10439
10441
10447
10536
10538
10541
10543
10545
10546
10547
10549
10552
10553
10555
10557
10560
10561
10566
10569
10572
10574
10575
10577
10664
10665
10666
10669
10673
10676
10677
10680
10681
10682
10683
10686
10689
10690
10692
10695
10696
10702
10788
10792
10794
10796
10797
10800
10802
10805
10806
10807
10808
10813
10815
10816
10817
10820
10821
10825
10827
10914
10915
10920
10922
10924
10926
10928
10931
10935
10938
10940
10942
10943
10946
10948
10949
11045
11048
11049
11050
11054
11055
11056
11065
