99
676
678
687
794
797
800
804
808
810
812
813
814
818
823
825
913
914
917
921
922
923
924
931
932
933
934
935
938
942
943
944
946
947
950
1035
1036
1038
1043
1045
1046
1047
1048
1049
1050
1053
1054
1055
1058
1060
1061
1063
1068
1069
1072
1074
1160
1161
1164
1166
1170
1171
1172
1173
1174
1177
1178
1179
1183
1184
1186
1188
1189
1190
1195
1202
1291
1292
1293
1295
1297
1298
1299
1301
1302
1311
1313
1315
1317
1318
1319
1321
1324
1420
1424
1426
1427
1429
1431
1434
1436
1437
1439
1442
1443
1564
2661
2672
2881
3238
3306
3427
3429
3433
3462
4153
4476
4869
4905
5395
5499
5923
5947
7149
8132
8767
9788
10625
11043
11044
11047
11049
11056
11058
11165
11170
11171
11172
11173
11178
11180
11181
11186
11192
11193
11197
11198
11289
11290
11292
11297
11299
11300
11304
11305
11307
11308
11312
11314
11317
11318
11319
11321
11322
11420
11422
11423
11424
11428
11429
11435
11439
