355
3212
3278
6176
6180
6183
6184
6185
7404
7651
7783
9383
10422
10424
10425
10427
10428
10433
10440
10441
10539
10540
10541
10543
10548
10553
10557
10559
10560
10563
10564
10565
10566
10567
10568
10573
10665
10669
10673
10674
10675
10676
10679
10682
10683
10685
10686
10689
10690
10692
10694
10700
10701
10787
10792
10794
10795
10798
10800
10804
10806
10807
10808
10809
10811
10812
10816
10817
10819
10821
10822
10823
10824
10913
10916
10917
10918
10924
10927
10929
10931
10932
10933
10934
10937
10938
10939
10944
10947
10948
10949
11054
11057
11059
