147
304
310
555
982
1079
1199
1793
2041
2562
3005
3098
3724
3827
3919
3922
3923
3924
3926
3928
3933
3936
3937
3938
3939
3946
4038
4043
4044
4046
4050
4051
4058
4059
4061
4063
4066
4068
4070
4071
4072
4073
4165
4166
4169
4170
4171
4172
4177
4178
4182
4183
4188
4189
4190
4191
4192
4194
4196
4197
4199
4201
4286
4287
4292
4293
4298
4299
4300
4301
4303
4307
4308
4312
4313
4317
4319
4321
4325
4327
4412
4421
4425
4426
4431
4433
4437
4438
4441
4442
4446
4517
4538
4543
4545
4549
4550
4558
4559
4560
4564
4565
4566
4567
4569
4572
4573
4574
4575
4663
4665
4677
4678
4680
4682
4684
4686
4687
4688
4691
4692
4696
4701
4792
4794
4799
4801
4804
4806
4807
4808
4811
4812
4814
4815
4817
4820
4822
4823
4917
4920
4921
4922
4924
4925
4929
4931
4934
4937
4943
4944
4945
4947
4949
5041
5045
5052
5055
5060
5062
5064
5068
5072
5167
5168
5170
5171
5176
5177
5178
5182
5184
5186
5187
5189
5191
5193
5294
5295
5297
5298
5304
5308
5309
5311
5313
5315
5316
5318
5343
5419
5425
5426
5427
5429
5436
5438
5440
5441
5443
5444
5445
5550
5552
5555
5556
5557
5558
5562
5566
5677
5679
5685
5926
6907
6924
7671
7732
7877
8006
8701
8710
8744
8965
9018
9072
9288
10298
10303
10307
10311
10316
10418
10426
10429
10434
10439
10441
10443
10445
10537
10540
10541
10544
10545
10550
10552
10557
10564
10567
10568
10569
10570
10571
10572
10573
10574
10576
10607
10617
10662
10663
10664
10665
10666
10667
10671
10674
10677
10678
10679
10680
10688
10690
10692
10693
10696
10698
10703
10721
10784
10786
10788
10789
10790
10791
10792
10798
10799
10800
10802
10803
10809
10812
10813
10817
10818
10821
10822
10827
10912
10916
10917
10919
10920
10921
10924
10925
10929
10931
10934
10936
10938
10950
10951
11040
11041
11042
11046
11051
11052
11058
11059
11063
11067
11068
11069
11072
