159
397
434
438
442
445
446
541
543
544
548
554
555
558
560
562
565
568
569
572
574
600
663
665
668
669
670
680
683
688
694
695
696
787
791
792
793
796
797
798
803
805
806
807
810
814
815
819
821
913
914
916
918
919
921
922
923
924
928
929
932
934
939
940
942
944
1041
1042
1043
1044
1047
1048
1050
1052
1053
1054
1055
1059
1060
1061
1063
1065
1066
1067
1121
1522
2127
3249
4498
4723
5027
5201
5787
5882
6005
6150
7077
7546
8796
8826
9802
9967
10203
10555
10562
10564
10668
10669
10671
10676
10677
10680
10681
10682
10684
10685
10688
10745
10788
10793
10796
10797
10799
10802
10804
10805
10806
10810
10812
10816
10818
10819
10822
10823
10826
10910
10917
10919
10921
10922
10924
10925
10929
10936
10937
10939
10940
10941
10943
10944
10948
10953
11034
11037
11038
11042
11044
11046
11047
11048
11049
11051
11053
11054
11055
11059
11060
11062
11063
11065
11066
11069
11071
11072
11166
11179
11181
11185
11190
11192
11197
