9
372
869
870
1955
5033
5050
6302
6305
6307
6313
9136
9770
10671
10675
10676
10679
10681
10683
10684
10687
10692
10696
10789
10790
10792
10794
10795
10801
10802
10805
10806
10807
10808
10811
10813
10814
10815
10816
10817
10818
10821
10824
10827
10911
10915
10916
10918
10921
10923
10924
10926
10927
10928
10929
10935
10937
10939
10944
10946
10949
10950
10951
10952
11036
11037
11044
11045
11046
11047
11048
11049
11053
11054
11057
11058
11060
11062
11063
11064
11067
11073
11077
11109
11169
11171
11175
11176
11179
11182
11185
11198
