193
1050
1594
2585
5670
5748
5908
6035
6356
7294
7297
7299
7301
7303
7306
7308
7310
7311
7313
7315
7316
7419
7423
7425
7428
7432
7437
7442
7556
7558
7617
8822
9169
10480
10543
10557
10559
10563
10564
10664
10668
10676
10677
10685
10686
10693
10697
10788
10789
10791
10792
10798
10800
10801
10806
10811
10812
10816
10818
10822
10826
10827
10828
10913
10914
10915
10919
10928
10931
10932
10933
10934
10940
10942
11034
11036
11041
11044
11048
11049
11050
11056
11059
11060
11063
11065
11071
11072
11078
11166
11167
11168
11169
11170
11171
11173
11174
11175
11176
11179
11181
11183
11184
11186
11187
11188
11189
11190
11194
11197
11199
11296
11297
