65
211
507
616
629
825
1049
1050
1052
1057
1063
1064
1065
1067
1068
1164
1168
1169
1172
1177
1179
1181
1182
1183
1188
1194
1197
1199
1292
1296
1298
1301
1304
1311
1321
1324
1327
1345
1406
1413
1414
1415
1416
1417
1419
1422
1423
1427
1428
1430
1431
1434
1435
1438
1440
1443
1446
1449
1548
1553
1554
1555
1556
1558
1560
1565
2242
2360
2421
2667
2922
2924
2927
2929
2934
2937
2938
2939
2940
2944
3039
3040
3044
3045
3048
3049
3056
3064
3067
3161
3163
3165
3167
3168
3169
3172
3176
3177
3178
3182
3190
3192
3193
3195
3196
3197
3198
3199
3285
3289
3293
3294
3295
3297
3300
3302
3306
3309
3311
3319
3320
3325
3412
3413
3414
3415
3417
3419
3421
3422
3426
3427
3433
3435
3438
3442
3445
3446
3450
3540
3541
3542
3545
3547
3548
3551
3552
3554
3559
3560
3562
3565
3566
3569
3570
3572
3573
3574
3668
3670
3674
3675
3678
3679
3683
3685
3686
3690
3692
3694
3697
3917
3995
4166
4641
5066
5332
5345
5468
5770
5783
5913
5935
5936
5937
5938
6042
6045
6051
6060
6061
6065
6069
6070
6162
6163
6164
6167
6168
6169
6171
6174
6178
6179
6181
6182
6184
6185
6186
6188
6191
6192
6199
6203
6285
6290
6291
6294
6295
6298
6299
6300
6302
6304
6309
6310
6311
6321
6324
6424
6425
6426
6480
6888
7151
7548
7549
7553
7555
7556
7568
7569
7570
7660
7662
7664
7665
7669
7672
7677
7678
7680
7681
7687
7692
7696
7754
7784
7785
7789
7795
7796
7799
7802
7803
7805
7807
7809
7810
7813
7821
7823
7828
7833
7911
7915
7921
7922
7923
7924
7925
7926
7927
7928
7929
7930
7936
7938
7939
7940
7942
7944
7945
7946
7950
7951
8036
8037
8045
8046
8053
8054
8056
8057
8058
8059
8061
8065
8066
8067
8068
8071
8072
8073
8161
8162
8167
8169
8174
8176
8177
8179
8185
8187
8188
8191
8198
8273
8289
8290
8291
8292
8293
8294
8299
8300
8301
8304
8307
8308
8309
8310
8311
8314
8318
8321
8416
8417
8419
8420
8422
8424
8425
8431
8432
8433
8436
8439
8441
8443
8445
8446
8701
10314
10365
10632
10671
10674
10678
10682
10683
10684
10686
10690
10691
10692
10796
10799
10800
10801
10802
10803
10805
10806
10809
10810
10813
10816
10817
10820
10825
10828
10857
10917
10918
10919
10920
10923
10924
10925
10928
10931
10937
10938
10940
10942
10943
10944
10945
10949
10953
10954
10987
11036
11039
11044
11046
11049
11051
11053
11055
11057
11058
11061
11065
11067
11071
11073
11076
11100
11166
11168
11172
11174
11175
11176
11178
11180
11181
11190
11191
11192
11193
11195
11714
12300
12302
12306
12308
12309
12311
12313
12315
12316
12317
12318
12414
12418
12422
12425
12430
12431
12435
12438
12444
12445
12448
12537
12542
12544
12545
12546
12547
12552
12554
12555
12557
12558
12561
12564
12565
12566
12569
12573
12575
12576
12577
