227
576
715
914
1302
1308
1310
1311
1313
1314
1318
1320
1421
1422
1423
1425
1428
1433
1434
1436
1438
1439
1440
1441
1445
1446
1508
1539
1546
1548
1553
1554
1556
1557
1559
1563
1565
1566
1568
1570
1571
1645
1675
1676
1677
1683
1684
1687
1689
2361
2909
3013
3380
3865
4364
4452
4757
4802
4804
4811
4917
4920
4922
4926
4930
4931
4933
4934
4936
4943
4945
4946
4947
5040
5043
5044
5051
5052
5053
5055
5059
5060
5062
5064
5068
5071
5072
5164
5165
5167
5170
5171
5172
5176
5177
5180
5182
5185
5186
5190
5193
5198
5289
5293
5296
5300
5302
5303
5304
5306
5307
5312
5313
5316
5318
5319
5320
5415
5417
5424
5428
5429
5430
5432
5433
5435
5437
5439
5440
5444
5447
5449
5467
5544
5552
5556
5559
5566
5567
5570
5571
5668
5669
5676
5678
5685
5688
5691
5692
5694
5695
5696
5795
5796
5798
5799
5800
5805
5806
5807
5816
6329
7426
7743
8184
8192
8334
8487
9160
9215
9340
9539
9714
10140
10674
10686
10791
10792
10794
10797
10799
10800
10801
10804
10806
10807
10808
10813
10816
10818
10819
10821
10825
10826
10912
10913
10914
10915
10917
10920
10922
10923
10924
10925
10927
10929
10932
10934
10936
10937
10938
10942
10943
10948
10949
10950
10951
10953
11040
11044
11045
11049
11050
11053
11063
11066
11068
11070
11071
11072
11075
11176
11178
11180
11183
11184
11185
11188
11191
11194
11195
