322
519
791
797
800
801
805
809
810
811
813
817
818
820
822
915
916
918
919
923
925
926
928
929
930
931
933
935
936
937
938
939
946
948
1039
1040
1044
1045
1048
1049
1052
1055
1056
1060
1061
1065
1066
1067
1068
1069
1074
1163
1165
1176
1177
1182
1183
1188
1192
1194
1198
1199
1202
1218
1289
1291
1292
1294
1299
1303
1309
1311
1312
1313
1314
1315
1317
1319
1322
1422
1426
1427
1429
1438
1440
1441
1464
2554
2558
2559
2561
2563
2666
2670
2671
2678
2680
2683
2684
2685
2687
2688
2690
2694
2698
2766
2769
2791
2794
2795
2797
2798
2799
2804
2805
2806
2807
2808
2812
2814
2815
2818
2822
2846
2912
2913
2914
2916
2918
2919
2921
2927
2929
2930
2931
2934
2938
2941
2944
2945
2947
2948
2951
2952
3026
3035
3036
3038
3045
3046
3050
3052
3054
3056
3057
3063
3064
3065
3066
3074
3077
3161
3163
3168
3169
3172
3174
3176
3180
3182
3183
3184
3185
3188
3191
3193
3288
3290
3291
3292
3294
3296
3299
3303
3304
3305
3310
3312
3314
3316
3319
3431
3432
3435
3440
3441
3442
3443
3574
3806
3935
4312
4470
4932
5236
5719
5796
5803
5804
5808
5809
5821
5913
5914
5915
5917
5919
5920
5928
5929
5931
5934
5937
5949
6037
6045
6050
6053
6054
6055
6056
6057
6058
6059
6060
6061
6066
6068
6074
6075
6076
6163
6167
6169
6171
6173
6176
6186
6188
6189
6192
6674
7412
7417
7426
7428
7430
7431
7438
7439
7440
7542
7545
7546
7547
7548
7558
7560
7561
7563
7564
7566
7568
7575
7664
7680
7688
7689
7690
7691
7693
7694
7790
7791
7798
7801
7804
7806
7810
7814
7816
7818
7876
7925
7930
7994
8095
8288
8644
8823
9162
9248
9298
9360
10213
10335
10551
10553
10557
10558
10561
10568
10670
10671
10675
10678
10679
10680
10684
10685
10693
10695
10696
10801
10808
10816
10820
10924
10925
10927
10931
10936
11071
11168
11433
11787
11812
11945
12236
12300
12305
12306
12308
12309
12310
12312
12313
12315
12422
12423
12436
12441
12442
12552
12556
12558
12560
12561
