71
415
417
422
424
426
428
431
435
437
439
443
444
445
447
451
452
453
535
538
541
543
544
545
546
547
548
549
553
555
558
561
563
564
569
571
572
575
579
665
668
670
671
673
677
686
687
688
689
690
691
692
693
696
707
1122
1529
1668
1674
1681
1682
1685
1686
1687
1691
1693
1793
1795
1796
1797
1800
1801
1802
1805
1806
1807
1815
3143
3590
3591
3896
3943
4683
4782
5679
5884
6387
8372
9226
9581
9798
9805
9809
9811
9812
9813
9924
9927
9928
9931
9935
9936
9938
9939
10046
10047
10051
10053
10054
10059
10060
10454
10796
11038
11040
11048
11050
11052
11055
11058
11060
11062
11063
11064
11073
11159
11161
11163
11165
11166
11167
11169
11170
11173
11177
11178
11179
11180
11184
11187
11190
11195
11196
11197
11198
11202
11203
11292
11293
11294
11296
11304
11305
11306
11310
11311
11316
12112
12175
12176
12180
12181
12186
12189
12195
12287
12293
12294
12295
12299
12300
12301
12302
12303
12304
12308
12312
12313
12317
12319
12321
12323
12325
12357
12415
12416
12420
12421
12423
12425
12430
12432
12433
12434
12435
12440
12442
12447
12449
12546
12547
12550
12556
12559
12562
12563
12567
