375
654
730
1216
1303
1308
1310
1311
1312
1316
1318
1319
1417
1426
1427
1428
1431
1436
1441
1445
1537
1540
1543
1547
1554
1556
1558
1563
1565
1566
1569
1571
1575
1576
1662
1665
1667
1669
1670
1671
1672
1676
1684
1685
1688
1698
1699
1701
1788
1792
1793
1797
1798
1799
1802
1805
1808
1815
1816
1817
1818
1819
1820
1958
2580
2653
2817
3050
3103
3297
3298
3303
3306
3308
3311
3312
3317
3319
3418
3419
3420
3423
3424
3427
3434
3437
3439
3441
3446
3537
3538
3539
3541
3544
3545
3547
3549
3551
3553
3554
3556
3565
3568
3569
3570
3574
3575
3576
3623
3667
3668
3669
3670
3672
3674
3677
3678
3679
3681
3683
3684
3686
3691
3693
3699
3700
3701
3703
3785
3786
3787
3792
3798
3805
3807
3808
3809
3810
3813
3814
3818
3819
3822
3826
3895
3911
3913
3916
3917
3919
3921
3922
3923
3924
3926
3927
3928
3931
3938
3941
3978
4070
4122
4495
4690
4907
5066
5555
5901
6184
6190
6193
6194
6198
6247
6285
6286
6287
6289
6291
6293
6294
6297
6298
6299
6303
6305
6306
6307
6309
6310
6311
6315
6319
6389
6409
6413
6415
6416
6418
6422
6424
6425
6426
6427
6428
6430
6432
6433
6436
6437
6438
6441
6442
6446
6447
6522
6539
6543
6552
6554
6556
6568
6572
6574
6622
6667
6672
6674
6676
6679
6681
6685
6686
6688
6692
6749
6762
6815
7524
7543
7645
7793
7797
7802
7804
7808
7812
7914
7916
7923
7924
7925
7926
7928
7929
7932
7933
7934
7936
7937
7941
7943
7944
7947
7948
8024
8040
8046
8048
8050
8052
8053
8054
8055
8056
8061
8063
8065
8067
8068
8069
8070
8071
8160
8161
8163
8164
8167
8168
8173
8174
8175
8176
8177
8178
8179
8183
8184
8187
8188
8190
8191
8192
8193
8196
8197
8198
8203
8204
8260
8277
8288
8290
8291
8292
8296
8297
8303
8306
8307
8312
8313
8315
8317
8409
8410
8412
8418
8419
8421
8422
8424
8426
8430
8432
8435
8436
8437
8438
8446
8450
8452
8453
8536
8537
8538
8539
8541
8542
8545
8546
8551
8554
8555
8557
8560
8562
8564
8566
8575
8660
8663
8666
8668
8669
8673
8674
8675
8678
8680
8685
8686
8687
8688
8692
8696
8699
8701
8791
8792
8793
8795
8799
8800
8805
8806
8807
8810
8811
8814
8816
8817
8818
8819
8820
8911
8912
8914
8915
8918
8921
8922
8923
8925
8930
8932
8934
8936
8937
8942
8948
8949
8950
9039
9041
9045
9050
9052
9053
9054
9056
9060
9062
9065
9066
9068
9069
9071
9072
9075
9169
9170
9171
9172
9176
9179
9180
9181
9182
9186
9187
9191
9192
9195
9197
9297
9299
9300
9303
9307
9312
9313
9314
9316
9422
9438
9662
9667
9803
10064
10067
10342
10396
10927
10930
10932
10938
10939
10944
10947
11040
11042
11043
11044
11046
11047
11049
11050
11051
11052
11053
11055
11058
11059
11063
11065
11066
11069
11071
11077
11160
11164
11166
11167
11171
11173
11178
11179
11183
11184
11189
11190
11192
11198
11200
11279
11287
11290
11291
11298
11300
11301
11302
11305
11306
11310
11313
11315
11317
11319
11322
11325
11428
11429
11432
