162
187
1007
1414
2798
3261
3548
4434
5252
6609
7423
7425
7426
7427
7431
7434
7435
7439
7441
7442
7443
7543
7544
7549
7551
7552
7556
7557
7562
7563
7567
7568
7570
7676
7679
7680
7684
7686
7689
7691
7693
7798
7800
7801
7805
7809
7811
7812
7813
7929
8047
8984
10775
10803
10805
10806
10810
10811
10812
10813
10814
10816
10918
10921
10924
10925
10932
10933
10935
10936
10939
10942
10946
10947
10950
11040
11042
11044
11045
11047
11048
11050
11051
11058
11060
11063
11066
11068
11070
11071
11074
11075
11076
11159
11167
11168
11169
11173
11177
11182
11185
11186
11190
11193
11196
11197
11204
11285
11287
11288
11296
11300
11304
11306
11308
11311
11312
11313
11318
11320
11323
11324
11326
11327
11420
11426
11429
11433
11434
11436
11438
11440
11441
11444
11445
11551
11556
11557
11558
11561
