1391
1607
1781
2409
3031
3155
3384
3544
3581
3874
3890
4064
4375
4802
4803
4811
4812
4813
4920
4921
4922
4924
4925
4927
4929
4930
4932
4934
4935
4936
4938
4939
4941
4945
4946
4948
5038
5043
5044
5046
5047
5054
5055
5056
5058
5059
5060
5061
5062
5067
5073
5167
5168
5169
5170
5172
5173
5174
5175
5176
5179
5180
5185
5188
5189
5190
5191
5195
5197
5198
5200
5291
5292
5293
5296
5298
5299
5300
5308
5309
5312
5317
5318
5403
5413
5415
5416
5423
5424
5425
5426
5427
5428
5429
5430
5434
5435
5437
5441
5443
5449
5540
5543
5545
5546
5549
5554
5556
5557
5559
5562
5563
5564
5565
5566
5568
5570
5571
5574
5576
5636
5661
5669
5670
5671
5673
5676
5677
5678
5681
5684
5687
5688
5689
5694
5697
5700
5701
5787
5788
5792
5793
5797
5801
5806
5807
5809
5812
5813
5814
5815
5817
5821
5822
5823
5912
5917
5918
5922
5924
5928
5931
5932
5935
5937
5939
5941
5942
5944
5947
6039
6044
6045
6048
6051
6054
6056
6057
6060
6062
6063
6064
6066
6069
6170
6171
6175
6178
6364
7275
7763
8004
8119
8651
8885
9329
9876
10034
10294
10808
10811
10815
10916
10928
10930
10931
10932
10934
10935
10939
10941
10947
10949
10951
11042
11044
11046
11050
11052
11055
11056
11057
11059
11060
11061
11062
11066
11068
11069
11074
11077
11164
11167
11168
11169
11170
11171
11173
11174
11175
11179
11183
11184
11186
11190
11191
11200
11202
11285
11289
11290
11294
11298
11299
11303
11305
11306
11307
11309
11313
11316
11317
11318
11320
11324
11326
11417
11420
11425
11428
11429
11430
11434
11435
11441
11442
11444
11445
11447
11547
11554
11555
11556
11558
11559
11562
11563
