817
939
1986
2950
3673
3675
3678
3679
3682
3686
3689
3691
3791
3793
3800
3802
3804
3805
3807
3813
3814
3816
3819
3825
3826
3889
3914
3916
3918
3919
3922
3923
3925
3927
3928
3929
3930
3933
3936
3939
3941
3944
3946
3948
3950
3951
4040
4041
4044
4050
4053
4060
4064
4065
4068
4172
4175
4179
4181
4182
4184
4189
5113
5858
5914
6185
6187
6303
6308
6354
7135
7166
8381
9279
9353
9482
10150
10230
10937
10938
10939
10940
11038
11047
11050
11058
11062
11064
11069
11073
11075
11077
11161
11163
11165
11168
11169
11171
11180
11183
11186
11187
11188
11189
11191
11193
11194
11199
11201
11289
11297
11302
11303
11307
11308
11310
11313
11315
11317
11321
11322
