1059
1061
1069
1070
1072
1077
1078
1082
1083
1084
1177
1178
1179
1189
1190
1191
1194
1196
1198
1200
1205
1207
1210
1306
1309
1310
1311
1314
1316
1317
1318
1320
1321
1322
1327
1328
1330
1331
1333
1335
1342
1343
1344
1345
1346
1429
1433
1434
1435
1436
1438
1442
1445
1453
1454
1455
1456
1459
1460
1461
1462
1465
1467
1469
1554
1555
1557
1566
1569
1570
1571
1575
1576
1577
1579
1580
1591
1593
1692
3193
3693
4571
4683
6077
6569
6687
6939
6954
7071
7833
10217
10317
10831
11447
11821
12069
