88
325
355
525
617
622
676
677
680
681
683
685
690
695
791
792
794
796
797
801
802
804
805
807
808
809
810
817
818
819
823
844
913
914
921
925
926
928
931
933
935
938
939
944
946
950
953
1039
1040
1042
1043
1046
1050
1052
1053
1054
1056
1057
1068
1072
1073
1075
1079
1142
1162
1164
1165
1168
1170
1173
1174
1178
1180
1181
1182
1186
1187
1188
1190
1191
1193
1195
1197
1198
1200
1289
1291
1294
1295
1303
1304
1305
1308
1309
1313
1326
1412
1417
1418
1422
1425
1431
1433
1434
1435
1441
1445
1449
1546
1552
1554
1555
1556
1561
1562
1563
1564
1565
1566
1626
1820
3874
3961
4159
5082
5280
5883
6102
6168
6282
6305
6312
6314
6315
6415
6416
6417
6418
6419
6420
6421
6423
6424
6433
6436
6438
6439
6441
6538
6541
6542
6543
6549
6550
6551
6554
6555
6556
6557
6562
6565
6566
6569
6571
6643
6669
6671
6673
6674
6675
6678
6682
6686
6687
6688
6691
6694
6696
6789
6790
6797
6798
6799
6802
6808
6811
6812
6814
6815
6817
6819
6822
6851
6920
6921
6922
6927
6929
6936
6939
6940
6942
6943
6945
7050
7051
7057
7059
7060
