922
924
925
931
932
933
935
1042
1045
1047
1049
1050
1052
1053
1057
1058
1062
1063
1064
1066
1069
1075
1076
1165
1169
1171
1174
1176
1178
1181
1182
1184
1192
1193
1195
1196
1200
1202
1300
1303
1310
1315
1316
1317
1320
1324
1325
1326
1410
1425
1426
1428
1429
1431
1433
1434
1436
1437
1448
1449
1544
1548
1549
1551
1553
1554
1557
1558
1560
1564
1565
1566
1567
2226
2902
2989
3059
3489
6253
6603
6720
7068
7472
7641
9011
9074
9325
9625
9731
10645
10991
11051
11052
11059
11064
11161
11164
11166
11167
11168
11171
11175
11176
11178
11179
11182
11186
11187
11189
11190
11200
11219
11286
11287
11289
11291
11295
11296
11299
11304
11305
11308
11311
11312
11313
11315
11318
11320
11321
11412
11413
11414
11415
11419
11420
11423
11424
11425
11426
11429
11432
11435
11436
11439
11442
11539
11540
11541
11542
11544
11546
11548
11549
11551
11554
11555
11559
11560
11561
11565
11568
11571
11572
11573
11575
11667
11672
11677
11680
11682
11684
11685
11686
11690
11691
11692
