636
890
3795
5438
6157
6655
7352
7441
7669
7673
7675
7676
7681
7684
7686
7689
7691
7692
7795
7800
7804
7808
7809
7816
7819
7820
7918
7920
7926
7929
7930
7934
7942
8046
8052
8053
8055
8056
8058
8059
8062
8064
8065
8066
8172
8173
8174
8180
8187
8188
8190
8191
8300
8304
8305
8311
8312
8416
8431
8433
8838
8982
9564
9973
10826
10981
11045
11047
11049
11052
11055
11056
11058
11062
11063
11068
11166
11167
11171
11173
11175
11176
11177
11179
11182
11189
11191
11194
11195
11198
11284
11289
11291
11298
11299
11300
11302
11307
11308
11309
11313
11315
11319
11323
11325
11326
11410
11415
11416
11419
11421
11425
11431
11433
11434
11435
11437
11443
11445
11538
11540
11544
11545
11546
11548
11550
11552
11553
11555
11557
11560
11562
11564
11566
11568
11574
11665
11667
11672
11678
11679
11688
11692
11694
11695
11696
