48
140
218
424
429
437
1031
2096
2674
2839
2965
3143
3795
4251
5172
5188
5190
5300
5301
5307
5308
5309
5310
5312
5422
5425
5427
5431
5433
5434
5435
5437
5547
5548
5565
5569
5596
5667
5674
5675
5676
5678
5679
5681
5683
5689
5693
5798
5800
5801
5805
5808
5809
5810
5812
5815
5816
5817
5819
5821
5822
5824
5875
5916
5919
5921
5922
5923
5924
5925
5926
5927
5928
5929
5930
5931
5936
5939
5941
5942
5947
5948
5949
6036
6041
6042
6044
6051
6052
6053
6054
6055
6056
6059
6062
6066
6068
6069
6070
6071
6076
6128
6168
6172
6176
6179
6180
6181
6182
6184
6193
6196
6297
6298
6300
6301
6304
6306
6309
6311
6430
6494
7136
8049
8117
9185
10232
10337
10880
10999
11043
11044
11049
11053
11061
11067
11068
11162
11164
11165
11166
11169
11170
11171
11174
11175
11177
11180
11187
11189
11191
11193
11194
11197
11198
11200
11287
11289
11292
11297
11299
11300
11301
11303
11306
11307
11309
11312
11313
11319
11322
11323
11325
11326
11327
11328
11416
11419
11426
11430
11433
11436
11439
11442
11443
11444
11447
11448
11486
11538
11540
11542
11544
11546
11550
11551
11552
11558
11559
11564
11565
11567
11568
11569
11570
11573
11664
11665
11668
11669
11671
11674
11684
11685
11687
11688
11689
11692
11696
11697
