560
562
563
564
661
664
667
668
671
675
676
679
681
682
687
692
693
700
702
785
787
788
789
791
794
795
798
799
800
801
802
806
807
808
809
813
817
821
822
824
827
914
915
917
920
921
923
924
925
927
928
933
935
938
944
946
947
1918
1924
1925
1926
1928
1930
1933
1935
1938
1939
2044
2046
2052
2054
2065
2067
2397
3936
6224
7260
8283
8314
8363
9329
9419
10001
10055
10056
10173
10176
10183
10184
10187
10296
10305
10306
10308
10313
10314
10316
10318
11287
11289
11291
11292
11293
11294
11297
11305
11306
11307
11308
11310
11311
11313
11315
11319
11326
11327
11328
11415
11417
11423
11426
11427
11430
11437
11442
11446
11447
11448
11449
11450
11452
11545
11547
11555
11558
11561
11562
11717
12310
12312
12313
12422
12423
12424
12427
12430
12433
12435
12436
12437
12438
12441
12442
12443
12541
12544
12547
12548
12549
12552
12555
12564
12568
12575
