284
825
913
1796
1798
1803
1805
1807
1811
1815
1915
1921
1924
1926
1929
1931
1935
1937
1940
1942
1944
1947
2044
2048
2053
2056
2058
2060
2062
2064
2066
2176
2276
3020
5920
5923
5924
5925
5926
5928
5930
5932
5933
5934
5936
5938
5942
5943
5944
6044
6049
6051
6053
6056
6060
6064
6065
6066
6070
6143
6165
6167
6173
6174
6179
6184
6186
6187
6188
6191
8190
9112
9405
10922
11169
11171
11175
11186
11187
11189
11193
11288
11289
11291
11293
11300
11303
11305
11309
11313
11316
11319
11320
11324
11325
11326
11327
11410
11416
11417
11422
11424
11428
11429
11434
11435
11438
11439
11441
11444
11447
11450
11451
11539
11540
11541
11544
11549
11550
11552
11557
11558
11560
