270
475
493
770
792
795
798
800
803
804
805
806
810
811
812
813
814
818
819
821
824
918
922
924
925
929
931
933
935
940
941
942
945
946
947
948
1035
1038
1041
1044
1049
1051
1052
1056
1057
1059
1060
1063
1065
1069
1070
1072
1073
1074
1077
1168
1169
1171
1175
1176
1178
1179
1180
1181
1185
1186
1187
1190
1195
1197
1198
1199
1289
1292
1294
1296
1305
1307
1308
1309
1311
1313
1318
1319
1320
1422
1424
1428
1431
1432
1434
1437
1440
1442
1444
1445
1450
1975
3079
3548
4376
4450
4747
4801
5173
5174
5190
5298
5302
5303
5305
5309
5310
5312
5315
5423
5425
5426
5428
5432
5434
5440
5483
5545
5546
5552
5559
5565
5566
5669
5670
5672
5673
5679
5681
5689
5690
5691
5794
5795
5797
5803
5806
5811
5812
5819
5820
5822
5916
5926
5930
5931
5938
5939
5940
5943
6028
6051
6053
6055
6056
6060
6063
6066
6067
6069
6070
6251
7539
8114
8222
8390
8455
8659
9211
9591
9756
9932
10033
10213
10948
11763
11793
11794
11796
11797
11802
11803
11805
11806
11807
11808
11810
11813
11814
11815
11819
11913
11917
11918
11925
11926
11927
11934
11935
11936
11939
11942
11943
11945
11946
11947
11948
12040
12041
12042
12048
12051
12052
12053
12054
12055
12057
12058
12059
12063
12064
12065
12069
12071
12072
12073
12166
12168
12172
12175
12181
12182
12185
12186
12188
12192
12194
12197
12303
12304
