945
1056
1057
1058
1060
1063
1065
1069
1070
1073
1077
1079
1086
1088
1091
1180
1181
1182
1186
1187
1188
1193
1194
1195
1197
1198
1204
1205
1210
1215
1306
1307
1309
1314
1316
1318
1320
1322
1323
1325
1328
1329
1331
1335
1336
1337
1338
1341
1342
1343
1344
1345
1346
1441
1443
1454
1455
1458
1459
1461
1462
1463
1464
1466
1467
1469
1557
1562
1564
1565
1566
1569
1571
1572
1574
1575
1576
1578
1579
1580
1582
1583
1586
1587
2703
2809
3336
3338
3339
3449
3926
4169
5188
6025
6070
6212
6332
6581
6934
8797
10829
11948
12282
12574
12580
