790
805
815
816
821
823
912
914
916
917
919
921
924
925
927
928
930
934
937
943
945
947
953
1037
1040
1042
1044
1046
1048
1049
1050
1051
1054
1061
1064
1066
1069
1073
1077
1136
1167
1170
1173
1174
1176
1179
1180
1181
1182
1183
1184
1185
1187
1189
1192
1193
1194
1196
1197
2051
2052
2054
2060
2166
2172
2175
2177
2178
2179
2180
2182
2184
2187
2191
2197
2294
2297
2298
2300
2302
2304
2305
2307
2310
2312
2313
2316
2317
2432
2435
2944
3929
4451
6113
6218
8272
9182
9370
9556
10421
10430
10431
10432
10435
10545
10547
10548
10550
10551
10555
10556
10557
10558
10560
10562
10564
10573
10756
11416
11417
11418
11422
11427
11431
11433
11440
11449
11541
11543
11544
11545
11546
11547
11549
11551
11553
11558
11559
11562
11565
11571
11574
11575
11577
11578
11584
11655
11660
11661
11665
11670
11671
11675
11677
11681
11682
11686
11687
11690
11691
11692
11694
11696
11697
11698
11699
