1154
2041
2047
2048
2050
2051
2052
2053
2055
2056
2058
2061
2063
2065
2071
2165
2167
2168
2169
2170
2173
2178
2180
2182
2186
2187
2190
2194
2195
2291
2293
2295
2303
2304
2309
2311
2314
2316
2425
2426
2427
2434
2435
2436
3490
4067
4705
6172
6179
6181
6184
6188
6190
6191
6192
6195
6196
6231
6294
6295
6297
6301
6308
6310
6313
6316
6317
6318
6320
7127
7636
8379
11018
11044
11304
11306
11312
11398
11416
11420
11422
11423
11427
11432
11433
11434
11438
11439
11445
11451
11538
11540
11541
11543
11545
11547
11551
11552
11555
11556
11557
11558
11560
11565
11568
11570
11572
11573
11577
11625
11660
11665
11666
11667
11671
11680
11681
11684
11685
11686
11687
11688
11689
11690
11692
11693
11696
11697
11698
11699
11795
11799
11805
11806
11807
11810
11812
11814
11815
11817
11818
11819
11820
