963
1165
1850
2416
3629
5430
5613
5663
6731
7101
7428
7929
7932
7935
7940
8044
8045
8047
8048
8055
8056
8057
8062
8065
8066
8068
8069
8168
8170
8171
8177
8181
8183
8188
8193
8301
8304
8305
8306
8307
8308
8312
8317
8318
8319
8418
8421
8424
8427
8432
8435
8438
8439
8442
8444
8445
8544
8547
8548
8549
8550
8553
8555
8558
8559
8566
8568
8674
8681
8684
8688
8690
8691
8692
8796
8797
8798
8799
8802
8807
8808
8812
8813
8815
8921
8926
8929
8930
8931
8933
8934
9051
9053
9054
9056
9058
9059
9179
10177
10225
10830
11292
11293
11298
11299
11301
11304
11308
11309
11315
11316
11321
11322
11324
11410
11411
11413
11416
11428
11432
11433
11437
11441
11445
11446
11451
11535
11538
11542
11545
11546
11547
11549
11550
11553
11556
11558
11561
11562
11563
11564
11566
11567
11569
11571
11573
11588
11659
11663
11670
11672
11675
11682
11684
11689
11695
11698
11699
11702
11787
11789
11792
11793
11801
11803
11806
11808
11811
11813
11817
11818
11819
11820
11919
11921
11922
11923
11927
11929
11932
11936
11942
12053
12054
12055
