1076
1253
2173
2175
2176
2179
2180
2181
2186
2190
2205
2295
2296
2300
2301
2306
2307
2310
2312
2314
2316
2317
2318
2322
2400
2415
2416
2419
2420
2421
2424
2426
2433
2437
2438
2439
2442
2445
2446
2452
2544
2547
2549
2551
2557
2558
2561
2566
2568
2668
2675
2684
2685
2687
3341
3542
3742
4060
4955
5105
5688
5830
6299
6303
6304
6305
6311
6312
6314
6317
6319
6321
6416
6419
6421
6422
6424
6426
6428
6432
6435
6436
6437
6440
6441
6442
6445
6447
6544
6545
6546
6548
6551
6552
6554
6557
6558
6564
6567
6678
6683
6684
7705
7709
7805
8193
8728
8929
9053
9614
11162
11289
11549
11552
11560
11566
11567
11569
11666
11670
11671
11674
11675
11679
11681
11685
11686
11691
11694
11696
11699
11701
11710
11791
11793
11794
11797
11798
11799
11800
11805
11807
11809
11811
11815
11816
11826
11827
11912
11917
11918
11919
11920
11922
11924
11926
11927
11928
11929
11934
11941
11943
11945
11947
11950
12031
12046
12047
12048
12050
12051
12052
12062
12064
12065
12068
12070
