242
353
563
663
664
667
668
677
678
680
682
684
687
689
695
697
698
699
786
788
789
790
794
797
798
801
806
807
809
810
812
814
815
816
820
821
822
827
912
919
920
922
924
925
926
928
929
930
931
932
935
936
938
939
941
942
943
947
949
1036
1039
1044
1047
1048
1052
1057
1059
1063
1066
1067
1068
1069
1070
1171
1172
1176
1177
1182
1183
1185
1186
1188
1193
1939
3181
3844
4508
4747
4794
4918
6119
6161
6230
7305
7309
8544
8632
8807
10364
11303
11544
11546
11547
11548
11554
11561
11566
11664
11666
11667
11669
11670
11674
11675
11677
11680
11681
11683
11684
11687
11688
11690
11696
11697
11698
11787
11790
11791
11795
11796
11799
11800
11801
11805
11806
11807
11809
11811
11812
11813
11814
11815
11818
11822
11823
11828
11913
11914
11915
11918
11923
11924
11928
11931
11932
11933
11934
11935
11937
11939
11941
11943
11949
11950
11951
11952
12038
12042
12046
12056
12059
12062
12065
12066
12068
12070
12169
12173
12176
12177
12180
12182
12183
12185
12187
12189
12190
