672
676
679
680
684
686
689
791
792
795
796
797
799
802
807
808
816
818
820
822
823
824
913
917
919
921
922
924
925
927
932
933
934
936
938
939
948
950
953
1034
1036
1039
1040
1043
1045
1048
1049
1050
1052
1054
1056
1059
1061
1066
1069
1073
1077
1164
1172
1177
1179
1182
1185
1186
1187
1190
1193
1194
1195
1199
1286
1288
1294
1296
1298
1299
1300
1305
1306
1307
1309
1310
1311
1313
1317
1318
1321
1322
1412
1415
1416
1417
1418
1421
1422
1425
1426
1427
1429
1432
1433
1440
1443
1445
1448
1551
1552
1554
1834
1921
2141
2895
3721
3895
4301
4433
4829
5608
7411
9004
10325
11806
