409
410
415
416
418
419
422
425
426
428
429
433
434
437
438
441
442
445
446
447
536
537
539
540
544
547
551
553
557
559
565
566
567
568
803
1640
1928
2364
2702
2919
2994
3089
3884
4214
4257
4545
4548
4550
4552
4554
4558
4560
4562
4563
4566
4672
4673
4681
4682
4689
4692
4693
4794
4796
4797
4799
4800
4801
4805
4807
4809
4810
4811
4815
4818
4820
4916
4917
4918
4925
4928
4933
4935
4938
4939
4941
4945
4948
4949
4950
5041
5044
5046
5048
5049
5050
5054
5058
5059
5061
5067
5070
5072
5074
5168
5169
5170
5171
5179
5180
5181
5184
5189
5194
5195
5294
5295
5302
5303
5304
5305
5308
5309
5314
5315
5317
5417
5418
5420
5423
5424
5427
5428
5430
5439
5445
5488
5544
5545
5546
5548
5549
5554
5556
5557
5560
5561
5562
5602
5675
5677
5681
6283
6548
6552
6554
6556
6558
6560
6562
6669
6679
6687
6690
6693
6694
6792
6800
6801
6802
6803
6811
6816
6818
6930
6932
6934
7021
8154
8333
8995
9973
10400
10481
10551
10941
11416
11418
11422
11423
11424
11425
11426
11430
11432
11433
11441
11442
11447
11538
11545
11550
11552
11554
11555
11558
11559
11560
11562
11563
11564
11565
11567
11571
11574
11576
11659
11660
11662
11666
11669
11671
11673
11675
11677
11682
11683
11684
11685
11687
11688
11692
11697
11700
11701
11703
11791
11797
11798
11800
11801
11804
11805
11808
11809
11810
11811
11812
11813
11815
11816
11817
11819
11823
