149
675
679
680
682
688
799
801
802
808
810
812
815
923
930
932
937
1478
1733
1937
2444
3615
3966
4515
5825
6175
6176
6177
6178
6180
6181
6183
6187
6190
6192
6193
6195
6196
6292
6297
6298
6300
6306
6315
6318
6319
6320
6416
6426
6428
6429
6431
6433
6437
6438
6439
6443
6446
6448
6450
6539
6548
6552
6556
6557
6560
6565
6569
6571
6573
6665
6667
6668
6670
6681
6684
6687
6688
6692
6795
6796
6800
7102
7376
7642
8497
8933
9144
9614
9832
10257
10404
10700
10994
11330
11334
11418
11419
11420
11423
11425
11427
11431
11434
11437
11440
11442
11445
11541
11542
11545
11547
11548
11549
11551
11553
11555
11556
11557
11558
11568
11570
11571
11573
11575
11663
11664
11668
11671
11672
11675
11679
11684
11691
11694
11695
11696
11699
11700
11784
11785
11789
11790
11791
11793
11794
11795
11798
11799
11800
11801
11805
11806
11808
11809
11810
11811
11812
11814
11815
11821
11827
11829
11839
11913
11914
11916
11918
11919
11920
11922
11923
11929
11931
11932
11933
11935
11938
11939
11940
11941
11944
11945
11946
11949
12036
12037
12039
12041
12051
12052
12054
12056
12057
12061
12070
12071
12073
12074
12170
12171
12173
12174
12177
12181
12182
12186
12187
12188
12191
12192
12193
12195
12198
