1023
1026
1046
1056
1061
1064
1068
1069
1072
1163
1164
1166
1167
1168
1169
1171
1173
1175
1179
1182
1183
1185
1186
1190
1191
1192
1193
1195
1196
1197
1285
1293
1295
1297
1298
1299
1304
1305
1307
1313
1316
1320
1321
1322
1323
1410
1413
1419
1420
1421
1428
1431
1435
1436
1437
1438
1439
1440
1441
1445
1446
1450
2031
2111
2312
2316
2419
2420
2438
2442
2443
2444
2540
2543
2545
2546
2547
2551
2553
2558
2561
2562
2565
2568
2569
2570
2571
2686
3430
3671
4477
4584
5058
5334
6111
6510
6537
6904
7184
7215
7940
8597
8606
10555
10556
10678
10686
10687
10688
10692
10795
10797
10800
10801
10802
10804
11671
11676
11681
11688
11692
11694
11695
11697
11742
11787
11789
11790
11791
11797
11798
11800
11801
11803
11804
11805
11807
11809
11811
11812
11814
11815
11818
11819
11820
11821
11823
11915
11917
11918
11919
11920
11921
11927
11928
11929
11930
11931
11932
11934
11937
11938
11939
11943
11945
12044
12047
12053
12059
12064
12066
12067
12069
