367
368
907
1684
2030
2840
2976
3053
3342
3778
3951
4241
4968
6215
6471
7718
7742
8426
8427
8433
8434
8438
8549
8551
8554
8557
8558
8561
8562
8563
8671
8672
8677
8678
8682
8683
8793
8798
8799
8804
8812
8814
8816
8817
8918
8920
8924
8925
8931
8932
8936
8937
8938
8940
8941
8942
8945
8993
9043
9045
9046
9048
9051
9053
9057
9059
9060
9061
9064
9069
9070
9168
9170
9182
9184
9186
9190
9294
9304
9307
9308
9309
9310
9311
9313
9314
9318
9418
9420
9422
9424
9430
9438
9442
9490
9546
9550
9555
9557
9558
9559
9560
9561
9565
9566
9567
9669
9672
9674
9684
9691
9693
9764
9799
9802
9803
9804
9811
9812
9813
9814
10115
10219
11053
11130
11422
11423
11426
11428
11438
11440
11443
11540
11541
11544
11545
11547
11548
11550
11552
11555
11559
11564
11566
11568
11664
11666
11672
11673
11674
11679
11680
11684
11686
11688
11691
11693
11695
11700
11703
11785
11786
11791
11792
11793
11794
11796
11800
11803
11804
11807
11809
11810
11811
11812
11813
11814
11815
11817
11818
11819
11820
11821
11824
11826
11909
11912
11916
11917
11918
11920
11923
11927
11929
11931
11935
11936
11937
11941
11942
11943
11947
11948
11951
12037
12047
12049
12051
12052
12057
12059
12061
12062
12063
12064
12069
12070
12074
12075
12167
12169
12171
12173
12177
12178
12180
12185
12190
12192
12194
12196
