417
425
426
427
429
435
436
437
442
445
446
447
448
450
451
452
472
540
543
544
546
549
550
553
558
566
574
577
664
667
668
672
674
679
686
688
689
690
694
842
917
1960
2050
2958
2970
3137
3474
3656
3872
4310
4408
4465
4923
4924
4925
4926
4927
4929
4930
4931
4935
4941
4944
4945
5036
5041
5044
5045
5046
5047
5051
5053
5064
5065
5069
5072
5074
5164
5168
5169
5170
5171
5172
5173
5175
5182
5186
5189
5190
5191
5196
5198
5289
5291
5292
5295
5305
5306
5307
5313
5314
5315
5316
5318
5320
5326
5413
5424
5426
5428
5429
5430
5431
5432
5433
5434
5437
5438
5440
5441
5442
5443
5445
5447
5538
5540
5545
5551
5554
5559
5565
5566
5567
5568
5570
5571
5572
5573
5665
5667
5668
5670
5672
5673
5674
5675
5676
5677
5678
5680
5681
5682
5687
5695
5696
5698
5702
5787
5789
5793
5794
5795
5796
5797
5798
5801
5806
5809
5810
5814
5822
5823
5928
5930
6058
6071
6260
6549
6830
6924
6927
6929
6930
6932
6933
6937
6986
7054
7057
7207
7766
8234
9627
10162
10469
10628
10812
10885
10916
11205
11224
11566
11671
11673
11678
11679
11682
11683
11689
11690
11695
11698
11699
11784
11785
11792
11794
11799
11800
11801
11805
11811
11819
11820
11823
11913
11916
11918
11924
11925
11929
11932
11936
11938
11939
11940
11945
11946
11947
12040
12042
12043
12050
12051
12056
12058
12060
12061
12062
12069
12071
