451
795
797
798
799
811
812
814
815
816
817
819
915
926
930
933
935
939
941
942
944
945
984
1040
1041
1042
1043
1046
1047
1048
1050
1052
1053
1054
1057
1058
1061
1062
1063
1066
1068
1072
1073
1075
1077
1160
1163
1165
1170
1172
1174
1179
1183
1184
1185
1189
1190
1196
1200
1286
1291
1292
1294
1299
1300
1305
1306
1307
1309
1312
1315
1324
1325
1415
1416
1417
1419
1420
1421
1422
1426
1427
1430
1432
1434
1443
1595
2537
2918
5116
6394
7194
7428
7429
7431
7432
7433
7434
7435
7436
7437
7495
7554
7556
7557
8519
9600
9899
10706
10967
11586
11789
11790
11791
11793
11795
11797
11799
11801
11804
11813
11816
11910
11911
11913
11917
11919
11920
11921
11923
11926
11931
11934
11935
11938
11940
11943
11944
11945
11947
11948
11952
12034
12037
12039
12040
12047
12048
12049
12053
12055
12060
12061
12064
12067
12069
12072
12075
12077
12159
12160
12161
12163
12164
12165
12170
12171
12176
12177
12180
12183
12185
12186
12187
12194
12195
12198
12203
12287
12291
12299
12300
12301
12302
12304
12305
12307
12308
12314
12316
12317
12425
12427
12428
12432
12433
12434
12437
12440
