280
1237
1357
1670
1683
1684
1692
1693
1694
1788
1790
1791
1792
1793
1799
1803
1804
1806
1808
1809
1810
1814
1818
1820
1821
1822
1826
1912
1913
1915
1916
1917
1920
1926
1927
1928
1932
1934
1937
1939
1940
1942
1945
1952
2039
2045
2046
2049
2051
2054
2056
2057
2059
2060
2062
2067
2068
2166
2167
2169
2171
2173
2174
2177
2182
2183
2184
2185
2190
2191
2193
2196
2297
2299
2302
2306
2307
2309
2449
3487
3502
3795
4052
4224
6153
6193
6194
6272
7877
8691
9199
9960
10633
11003
11673
11675
11676
11677
11683
11685
11687
11688
11788
11790
11792
11794
11797
11800
11801
11803
11804
11806
11807
11809
11810
11812
11817
11818
11819
11820
11824
11825
11910
11911
11913
11914
11917
11924
11926
11928
11935
11943
11948
11949
11950
11952
11953
12042
12046
12050
12055
12057
12058
12059
12060
12062
12066
12067
12072
12073
12077
12160
12165
12170
12172
12177
12178
12179
12182
12183
12185
12187
12189
12190
12192
12193
12194
12196
12198
12202
12264
12287
12291
12293
12296
12300
12303
12305
12306
12309
12311
12313
12314
12316
12317
12319
12320
12321
12418
12422
12430
12431
12438
12439
12440
12441
