589
902
1418
2097
2481
5902
7202
7302
8129
8258
9175
9177
9180
9183
9184
9185
9187
9296
9303
9304
9305
9307
9315
9424
9426
9427
9428
9429
9431
9433
9434
9436
9439
9441
9545
9546
9551
9561
9566
9670
9674
9675
9676
9678
9680
9684
9686
9687
9690
9693
9799
9801
9816
9923
9926
9927
9928
9930
9931
9933
9934
9935
9936
9937
9940
9941
9943
9944
10045
10046
10047
10050
10051
10054
10056
10057
10058
10059
10061
10063
10179
10181
10182
11456
11672
11675
11678
11683
11684
11686
11689
11693
11789
11797
11800
11802
11803
11804
11807
11809
11811
11813
11815
11824
11912
11917
11918
11919
11920
11924
11925
11926
11928
11929
11930
11934
11935
11938
11943
11944
11946
11948
11951
12039
12040
12041
12047
12049
12052
12054
12056
12057
12059
12060
12063
12065
12068
12069
12070
12071
12073
12074
12159
12161
12163
12166
12170
12171
12173
12175
12176
12181
12182
12186
12190
12191
12193
12196
12201
12222
12287
12289
12290
12294
12301
12304
12305
12306
12307
12312
12313
12315
12316
12317
12318
12323
12340
12416
12428
12430
12431
12442
12444
12551
12554
12555
