21
60
114
183
456
558
559
562
565
664
668
678
679
680
682
689
690
693
694
698
790
791
798
803
806
807
808
809
814
816
819
820
824
842
914
915
916
921
923
924
927
931
933
940
943
944
1053
1056
1057
1060
1104
1329
2009
2180
2187
2294
2296
2299
2300
2303
2304
2308
2311
2313
2319
2321
2413
2418
2419
2423
2425
2427
2430
2431
2433
2436
2437
2443
2445
2539
2542
2546
2548
2553
2554
2555
2557
2560
2567
2569
2575
2663
2664
2666
2667
2671
2672
2677
2682
2687
2688
2691
2694
2696
2697
2698
2700
2788
2796
2797
2798
2799
2802
2804
2805
2806
2807
2808
2809
2811
2812
2814
2815
2818
2822
2823
2926
2927
2929
2933
2934
2936
2937
3019
3238
3528
3612
3941
4109
4175
4337
4381
4452
4512
4844
4919
4920
4922
4924
4932
4934
4936
4937
4940
4944
4945
4948
4971
5041
5044
5048
5049
5052
5053
5057
5062
5063
5064
5066
5069
5071
5073
5162
5164
5172
5181
5184
5186
5187
5188
5192
5202
5209
5286
5291
5297
5299
5302
5304
5305
5306
5307
5309
5310
5311
5314
5316
5320
5321
5355
5411
5415
5416
5417
5418
5421
5422
5423
5428
5430
5432
5433
5440
5443
5447
5450
5451
5536
5549
5551
5552
5554
5557
5558
5570
5660
5663
5667
5670
5672
5673
5675
5679
5680
5683
5685
5686
5687
5690
5691
5693
5695
5696
5698
5785
5786
5791
5794
5798
5801
5806
5816
5820
5824
5826
5915
5916
5918
5932
5937
5938
5945
6046
6048
6049
6050
6052
6053
6055
6057
6061
6066
6068
6174
6200
6560
6986
7139
7165
7172
7174
7181
7186
7191
7192
7195
7196
7199
7288
7289
7294
7299
7301
7306
7308
7309
7310
7311
7312
7318
7319
7320
7324
7414
7417
7424
7425
7431
7432
7435
7437
7441
7444
7446
7447
7448
7542
7543
7548
7551
7554
7558
7560
7566
7568
7831
7872
8022
8110
8173
8206
8222
8511
8730
8991
9211
9303
9477
10054
10059
10063
10064
10133
10172
10173
10174
10177
10178
10183
10186
10189
10192
10194
10195
10196
10200
10292
10293
10294
10295
10298
10300
10302
10304
10305
10306
10307
10308
10309
10312
10320
10321
10323
10326
10409
10411
10414
10415
10422
10424
10425
10426
10428
10435
10438
10439
10443
10444
10451
10462
10542
10546
10547
10549
10550
10551
10553
10558
10560
10561
10562
10564
10567
10570
10573
10581
10609
10666
10674
10675
10680
10683
10687
10689
10690
10691
10816
10848
11185
11236
11403
11790
11792
11794
11797
11801
11803
11804
11806
11807
11809
11810
11811
11812
11814
11819
11854
11911
11916
11917
11919
11922
11923
11925
11928
11929
11932
11933
11935
11936
11937
11945
11947
11951
11952
12034
12035
12037
12038
12041
12045
12046
12050
12052
12055
12056
12059
12064
12067
12068
12071
12074
12076
12077
12089
12160
12163
12166
12167
12168
12169
12176
12177
12178
12184
12185
12186
12189
12196
12198
12200
12288
12291
12297
12299
12300
12301
12303
12307
12309
12316
12433
