413
415
416
419
427
429
432
434
437
439
440
696
1296
1298
1300
1301
1303
1305
1309
1313
1318
1319
1320
1322
1323
1418
1423
1424
1425
1428
1429
1431
1436
1437
1440
1441
1442
1538
1543
1544
1545
1546
1552
1554
1556
1557
1558
1559
1564
1567
1571
1573
1577
1578
1667
1669
1676
1678
1680
1681
1682
1684
1685
1688
1691
1692
1694
1709
2669
2670
2680
2682
2683
2685
2690
2691
2692
2693
2694
2791
2793
2794
2795
2796
2797
2798
2799
2802
2804
2805
2808
2811
2813
2814
2815
2817
2820
2916
2917
2920
2927
2932
2933
2934
2935
2937
2939
2943
3059
3061
4913
5017
5401
6730
7748
8132
9798
10921
10922
10924
10927
10933
10938
10939
10940
10941
11049
11050
11052
11060
11064
11360
11368
11914
11915
11916
11920
11921
11925
11926
11927
11934
11935
11936
11940
11942
11944
11946
11950
11952
12035
12040
12042
12043
12044
12046
12052
12054
12055
12057
12058
12061
12063
12065
12066
12068
12069
12070
12072
12073
12074
12078
12161
12162
12164
12167
12174
12176
12180
12181
12184
12186
12187
12188
12189
12190
12191
12197
12200
