242
384
903
910
930
932
934
936
1048
1049
1057
1058
1062
1063
1064
1177
1178
1181
1183
1185
1425
1607
2111
3104
4760
5543
5963
6293
6297
6299
6302
6304
6308
6309
6310
6312
6418
6421
6423
6425
6426
6428
6430
6431
6432
6436
6444
6446
6447
6450
6539
6541
6542
6544
6545
6546
6550
6552
6556
6557
6560
6562
6565
6570
6571
6572
6574
6661
6662
6666
6669
6672
6678
6679
6681
6682
6683
6686
6687
6688
6689
6691
6694
6695
6787
6791
6793
6794
6798
6799
6801
6805
6806
6809
6812
6822
6823
6916
6921
6923
6924
6926
6931
6932
6933
6935
6938
6939
6947
7047
7048
7050
7059
7064
7067
8343
8484
9528
11211
11307
11561
11670
11678
11679
11682
11684
11687
11688
11693
11703
11789
11792
11793
11794
11796
11798
11799
11800
11802
11805
11808
11809
11810
11813
11814
11816
11817
11818
11822
11824
11826
11910
11911
11925
11927
11929
11932
11933
11937
11938
11943
11949
12035
12037
12040
12041
12042
12044
12050
12053
12056
12059
12060
12064
12069
12072
12159
12164
12169
12170
12171
12172
12175
12178
12180
12181
12183
12185
12186
12187
12189
12190
12191
12192
12198
12199
12295
12296
12297
12300
12302
12306
12307
12309
12310
12311
12313
12314
12319
12323
12324
12415
12418
12419
12429
12433
12435
12436
12444
12446
12549
12551
12553
12554
12555
12558
12561
