6
107
423
425
428
429
431
434
450
472
716
1734
1876
1917
1919
1920
1922
1925
1926
1927
1929
1930
1931
1932
1935
1936
1940
1946
2041
2048
2052
2053
2057
2058
2059
2061
2063
2064
2065
2066
2068
2071
2072
2075
2076
2160
2161
2162
2163
2165
2169
2173
2175
2176
2179
2180
2185
2187
2191
2198
2200
2202
2290
2292
2293
2296
2299
2301
2302
2304
2306
2308
2311
2312
2314
2320
2325
2326
2413
2414
2416
2419
2420
2421
2424
2425
2427
2430
2431
2434
2435
2436
2439
2442
2444
2447
2448
2541
2545
2549
2550
2560
2564
2596
2765
3304
3498
4532
4754
4789
5124
5433
5649
6059
6980
7131
7371
7524
7838
8013
8623
9916
10203
10609
10759
11211
11671
11923
11924
11926
11933
11935
11937
11938
11939
11941
11942
11944
12041
12042
12043
12045
12047
12050
12052
12056
12057
12058
12059
12061
12063
12066
12067
12068
12161
12168
12169
12171
12172
12175
12177
12178
12179
12180
12183
12189
12192
12194
12195
12196
12200
12201
12202
12287
12289
12292
12294
12300
12302
12304
12305
12312
12314
12317
12318
12323
12325
12329
12415
12417
12418
12421
12428
12429
12430
12431
12433
12434
12436
12437
12438
12446
12449
12453
12540
12541
12543
12549
12550
12558
12560
12563
12568
12571
12572
12573
12574
