138
328
514
880
1177
1179
1180
1182
1186
1187
1298
1301
1302
1306
1308
1426
1431
1432
1433
1437
1697
1957
2071
2859
3065
3700
3948
4004
5514
6164
6295
6418
6428
6430
6431
6434
6436
6437
6439
6441
6442
6539
6542
6546
6549
6556
6559
6560
6561
6564
6565
6663
6666
6672
6675
6676
6677
6678
6679
6682
6684
6685
6697
6700
6789
6793
6795
6803
6804
6806
6807
6809
6811
6814
6815
6818
6820
6823
6911
6914
6915
6916
6919
6920
6925
6926
6928
6929
6932
6934
6936
6937
6939
6944
6946
6947
7038
7042
7047
7053
7054
7058
7059
7061
7062
7069
7072
7073
7169
7172
7174
7175
7179
7181
7183
7188
7189
7190
7835
9177
9541
10026
10687
11114
11460
11609
11686
11926
11927
11932
11933
11941
11943
11945
11947
11948
12041
12047
12050
12051
12052
12057
12059
12060
12062
12064
12066
12068
12069
12073
12075
12165
12166
12169
12170
12172
12175
12185
12186
12190
12191
12198
12201
12202
12286
12291
12295
12296
12301
12302
12308
12310
12311
12312
12314
12315
12316
12317
12320
12322
12323
12412
12416
12418
12419
12420
12422
12423
12424
12425
12426
12430
12431
12432
12438
12443
12445
12447
12452
12539
12542
12544
12551
12554
12556
12562
12564
12576
