606
1050
1052
1053
1057
1065
1067
1163
1168
1172
1174
1179
1180
1182
1183
1184
1185
1186
1191
1192
1194
1289
1291
1292
1294
1295
1296
1302
1303
1304
1306
1307
1316
1319
1326
1327
1410
1411
1413
1414
1415
1416
1418
1421
1423
1426
1427
1429
1430
1432
1434
1435
1436
1438
1440
1441
1443
1445
1446
1448
1450
1537
1539
1540
1541
1542
1544
1546
1548
1549
1554
1556
1558
1567
1568
1569
1571
1572
1573
1574
1674
1677
1680
1685
1688
1690
1692
2017
2108
2119
2734
3008
5059
5535
6025
7680
7681
7684
7686
7802
7808
7809
7810
8158
8765
10160
10631
10705
10856
10943
11818
11922
11925
11926
11929
11930
11931
11936
11940
12042
12047
12049
12051
12052
12053
12055
12058
12059
12061
12066
12067
12070
12072
12165
12168
12170
12172
12174
12177
12178
12180
12183
12186
12187
12189
12192
12193
12195
12196
12199
12201
12202
12284
12285
12287
12289
12298
12301
12302
12307
12308
12309
12310
12311
12315
12316
12318
12319
12321
12323
12326
12414
12420
12424
12426
12427
12428
12429
12430
12431
12436
12438
12439
12442
12447
12451
12540
12543
12546
12549
12552
12555
12557
12558
12561
12565
12567
12568
