654
2090
2420
2806
5158
5457
7470
7776
9042
9189
9924
9925
9927
9928
9933
9936
9938
9939
9940
10045
10046
10049
10061
10062
10068
10070
10173
10175
10183
10185
10187
10188
10190
10191
10192
10193
10295
10298
10299
10313
10316
10318
10425
10428
10429
10431
10438
10439
11370
11764
11765
11920
11923
11928
11929
11934
11938
11939
11940
11943
12040
12043
12047
12049
12050
12056
12058
12059
12060
12061
12062
12071
12074
12085
12164
12168
12173
12176
12177
12181
12183
12185
12186
12188
12192
12193
12197
12201
12203
12286
12288
12291
12296
12301
12302
12303
12305
12306
12309
12312
12318
12321
12325
12328
12409
12411
12413
12414
12415
12416
12421
12423
12424
12427
12429
12430
12431
12432
12433
12435
12436
12437
12438
12439
12441
12443
12444
12445
12447
12449
12539
12541
12542
12551
12553
12554
12556
12558
12566
12569
