1270
1399
1847
2124
2609
2918
2919
2921
2923
2925
2927
2929
2930
2933
2934
2935
2936
2937
2941
2942
2945
3040
3045
3052
3054
3055
3056
3059
3060
3062
3069
3071
3072
3075
3165
3166
3170
3174
3177
3180
3181
3182
3183
3184
3185
3187
3189
3193
3196
3293
3307
3317
3319
3425
3426
3427
3428
3429
3430
3433
3438
3439
6609
6710
6797
6799
6800
6802
6804
6806
6807
6810
6811
6819
6915
6919
6922
6924
6925
6928
6930
6931
6934
6935
6936
6937
6939
6941
6948
7037
7041
7042
7043
7046
7051
7052
7054
7056
7057
7059
7173
7177
7181
7182
7185
7187
7189
7689
9379
9974
10000
10080
12050
12052
12056
12057
12060
12061
12165
12166
12172
12173
12178
12181
12184
12185
12187
12192
12198
12284
12285
12288
12290
12293
12295
12297
12299
12300
12308
12310
12311
12313
12315
12316
12317
12318
12319
12322
12327
12328
12417
12420
12421
12422
12423
12424
12426
12427
12428
12439
12440
12441
12443
12445
12446
12447
12450
12541
12542
12544
12548
12552
12554
12555
12556
12560
12568
12570
