1309
1318
1325
1327
1333
1336
1338
1339
1431
1432
1439
1442
1443
1444
1445
1446
1447
1451
1455
1456
1457
1458
1459
1467
1469
1551
1553
1558
1560
1566
1567
1568
1570
1571
1575
1583
1586
1588
1591
1593
1595
1682
1684
1687
1688
1690
1693
1694
1695
1698
1702
1703
1704
1708
1717
1718
1720
1807
1808
1811
1812
1814
1819
1821
1823
1825
1830
3463
3578
3910
4944
5814
6320
6712
6998
7090
7202
7835
7957
8196
8572
8830
9476
11224
11315
12070
12316
