440
665
669
674
677
678
683
684
688
696
697
698
700
793
796
800
803
806
811
812
816
817
819
820
821
917
918
926
928
934
1415
1798
1799
1803
1805
1806
1809
1810
1812
1813
1823
1923
1924
1927
1933
1935
1940
1942
1943
1945
1953
1954
2040
2042
2044
2046
2047
2050
2051
2055
2062
2064
2067
2075
2076
2614
2627
3306
3308
3313
3314
3315
3405
3417
3419
3426
3427
3430
3435
3439
3441
3442
3443
3444
3445
3546
3551
3553
3561
3563
3568
3612
3669
3671
3673
3675
3679
3680
3686
3688
3691
3835
4245
4298
4754
5534
7176
7810
8249
8563
9006
9975
11298
11299
11306
11308
11309
11310
11311
11313
11319
11435
11437
11827
12127
12314
12315
12316
12415
12418
12420
12424
12425
12426
12429
12430
12431
12432
12434
12437
12439
12444
12448
12449
12498
12535
12536
12542
12547
12549
12550
12555
12564
12565
12567
12569
12570
12571
12572
12573
