184
201
626
630
1046
1051
1057
1064
1066
1068
1169
1171
1174
1181
1183
1186
1187
1188
1189
1193
1194
1199
1256
1291
1294
1296
1300
1303
1304
1305
1309
1311
1312
1315
1316
1317
1318
1319
1323
1414
1423
1424
1425
1430
1442
1443
1445
1450
1550
1551
1563
1786
2187
2570
2694
2759
2882
2918
2920
2922
2923
2924
2929
2931
2932
2936
2937
2942
3039
3040
3057
3058
3059
3060
3065
3068
3070
3073
3168
3170
3173
3175
3176
3177
3178
3179
3180
3182
3183
3184
3186
3188
3193
3198
3200
3201
3286
3288
3290
3292
3293
3294
3297
3298
3299
3302
3304
3305
3308
3310
3311
3315
3318
3319
3321
3323
3413
3414
3415
3416
3417
3418
3424
3425
3427
3428
3430
3432
3433
3434
3436
3438
3441
3446
3448
3544
3547
3550
3551
3555
3556
3559
3561
3565
3676
3677
3680
3683
3685
4064
4285
4756
5611
5923
5925
5930
5931
5934
5935
5937
5939
5941
5942
5944
6040
6041
6044
6046
6050
6051
6054
6055
6056
6057
6060
6062
6069
6072
6073
6162
6163
6166
6168
6173
6174
6176
6177
6179
6181
6186
6187
6189
6196
6199
6201
6202
6288
6295
6296
6307
6309
6310
6312
6315
6316
6320
6345
7430
7434
7435
7436
7437
7524
7544
7545
7546
7552
7553
7554
7557
7558
7561
7565
7567
7568
7570
7571
7572
7661
7662
7666
7668
7669
7673
7676
7677
7678
7681
7683
7686
7688
7689
7690
7691
7693
7696
7698
7699
7700
7702
7786
7787
7789
7791
7793
7796
7797
7798
7799
7800
7801
7802
7808
7809
7811
7813
7819
7821
7824
7825
7909
7911
7913
7915
7916
7919
7920
7925
7926
7931
7936
7938
7940
7941
7943
7944
7947
7948
7950
7951
8039
8041
8042
8045
8047
8052
8053
8054
8055
8056
8058
8062
8063
8064
8068
8071
8072
8164
8165
8169
8170
8171
8172
8173
8177
8182
8183
8184
8192
8195
8196
8197
8209
8227
8292
8294
8295
8296
8301
8305
8307
8314
8316
8317
8319
8320
8424
8425
8427
8429
8431
8436
8438
8468
9309
9867
10079
10402
10556
10557
10559
10560
10563
10564
10667
10669
10670
10673
10675
10676
10678
10679
10680
10681
10682
10684
10686
10691
10695
10697
10791
10793
10794
10795
10796
10799
10800
10802
10803
10806
10810
10813
10819
10821
10829
10913
10915
10916
10918
10919
10923
10924
10925
10929
10930
10932
10934
10936
10937
10942
10943
10947
11033
11037
11040
11043
11044
11047
11048
11051
11053
11054
11055
11059
11061
11067
11069
11070
11072
11170
11173
11174
11177
11181
11183
11185
11188
11189
11191
11677
11849
11904
12075
12218
12293
12296
12298
12300
12301
12304
12308
12312
12313
12315
12316
12317
12318
12322
12323
12324
12325
12414
12415
12419
12420
12422
12424
12426
12427
12430
12431
12434
12436
12437
12438
12439
12440
12441
12442
12444
12447
12449
12538
12540
12542
12545
12548
12550
12552
12553
12554
12557
12559
12563
12564
12569
12570
12573
12577
12578
