1058
1082
1300
1303
1306
1308
1310
1312
1315
1415
1420
1423
1428
1431
1434
1435
1437
1441
1443
1445
1446
1538
1542
1544
1545
1548
1552
1555
1558
1559
1560
1561
1562
1563
1569
1571
1573
1577
1663
1664
1668
1671
1672
1677
1682
1685
1686
1690
1692
1693
1694
1696
1699
1787
1790
1791
1792
1793
1797
1799
1801
1806
1809
1812
1815
1816
1820
1824
1882
1923
1931
1933
1934
1935
1938
5145
5603
5953
6310
6407
6491
6907
7934
8056
8057
8062
8177
8179
8184
8185
8188
8304
8395
9171
10042
10514
12295
12301
12302
12307
12308
12309
12311
12313
12315
12320
12321
12324
12326
12413
12415
12421
12422
12427
12431
12432
12433
12435
12437
12441
12442
12444
12445
12535
12537
12538
12539
12540
12541
12544
12546
12550
12552
12556
12557
12558
12559
12560
12561
12568
12570
12571
12577
12578
