422
424
427
429
431
432
433
434
435
437
446
543
546
550
551
556
559
560
561
566
1172
1349
2048
2057
2060
2061
2164
2165
2174
2175
2176
2182
2184
2187
2188
2192
2194
2199
2200
2286
2288
2289
2292
2296
2298
2303
2307
2308
2309
2311
2312
2316
2317
2320
2322
2326
2327
2414
2415
2417
2421
2427
2428
2429
2430
2435
2438
2440
2441
2442
2444
2445
2446
2447
2452
2537
2543
2544
2546
2548
2549
2551
2554
2559
2560
2562
2563
2565
2568
2570
2571
2573
2576
2634
2662
2668
2670
2676
2678
2680
2687
2688
2691
2698
2700
2789
2790
2791
2792
2798
2801
2802
2803
2804
2805
2806
2808
2810
2812
2813
2815
2819
2822
2823
2926
2929
2932
2934
3296
4642
5155
6444
7152
8731
10343
10871
12177
12179
12182
12189
12289
12290
12292
12294
12295
12297
12298
12300
12301
12303
12304
12307
12308
12311
12312
12313
12315
12317
12320
12321
12322
12323
12324
12325
12412
12415
12417
12419
12422
12423
12428
12429
12431
12432
12433
12434
12435
12437
12440
12441
12442
12444
12448
12450
12494
12534
12536
12537
12538
12543
12546
12547
12550
12551
12552
12557
12560
12562
12566
12567
12573
12574
12575
12578
