273
672
1431
1550
1552
1557
1558
1559
1565
1621
1677
1679
1682
1683
1685
1687
2228
2783
3266
3965
4366
4732
4826
6230
6795
6801
6804
6809
6812
6817
6819
6880
6913
6916
6918
6919
6925
6926
6928
6930
6932
6934
6939
6941
6943
6944
6946
6950
7038
7039
7043
7044
7045
7052
7056
7057
7059
7062
7065
7069
7071
7076
7161
7164
7165
7174
7175
7176
7177
7178
7179
7180
7181
7182
7183
7184
7185
7188
7189
7192
7195
7287
7288
7291
7293
7294
7296
7300
7304
7309
7311
7322
7424
7430
7434
7625
7891
8109
9666
10118
10759
11346
12172
12174
12177
12178
12179
12180
12184
12188
12223
12288
12294
12296
12297
12299
12303
12304
12312
12316
12318
12319
12321
12322
12324
12327
12410
12423
12424
12425
12426
12428
12430
12432
12433
12439
12440
12442
12443
12444
12446
12447
12451
12452
12453
12534
12535
12538
12539
12540
12542
12543
12544
12546
12547
12552
12553
12555
12556
12558
12559
12561
12562
12563
12564
12567
12569
12574
12575
