616
843
4006
4022
5771
7239
7289
8056
10175
10177
10183
10185
10188
10297
10299
10301
10306
10308
10314
10316
10318
10419
10423
10424
10426
10436
10439
10546
10547
10551
10555
10556
10559
10560
10561
10563
10565
10567
10679
10804
11118
12177
12178
12183
12185
12188
12189
12295
12298
12299
12300
12305
12306
12308
12309
12311
12314
12316
12320
12321
12323
12380
12410
12415
12417
12418
12420
12425
12426
12428
12429
12432
12433
12434
12436
12437
12438
12442
12443
12448
12449
12451
12534
12537
12538
12541
12543
12544
12549
12550
12555
12556
12559
12564
12565
12569
12572
