1310
1318
1321
1322
1325
1326
1328
1329
1339
1431
1432
1435
1440
1442
1445
1447
1449
1451
1452
1456
1463
1551
1554
1559
1560
1561
1564
1565
1566
1573
1574
1575
1576
1579
1582
1584
1587
1588
1589
1591
1593
1594
1595
1596
1678
1686
1688
1690
1693
1696
1701
1702
1704
1713
1714
1715
1716
1719
1720
1803
1809
1810
1812
1813
1817
1819
1820
1822
1823
1825
1826
1834
1835
1841
3060
3463
3467
3827
4249
6131
6448
6948
7056
7065
7072
7811
8708
8950
9204
12445
