1310
1311
1318
1325
1326
1327
1332
1333
1334
1340
1342
1435
1436
1437
1439
1442
1444
1446
1447
1448
1449
1451
1454
1456
1458
1459
1460
1463
1465
1551
1554
1555
1556
1562
1563
1564
1565
1567
1568
1573
1574
1575
1579
1583
1585
1591
1679
1681
1684
1687
1688
1691
1693
1694
1695
1697
1698
1699
1707
1709
1710
1713
1717
1809
1812
1814
1816
1819
1821
1822
1823
1825
1830
1831
1838
1841
3198
3702
4071
6057
6332
6444
6463
6562
6573
6952
7094
8069
8862
11519
12309
