341
982
1044
1045
1046
1048
1052
1056
1061
1064
1065
1067
1070
1089
1163
1164
1167
1168
1171
1173
1174
1175
1177
1178
1182
1192
1196
1200
1284
1285
1287
1288
1289
1295
1296
1302
1306
1308
1314
1315
1316
1318
1320
1321
1324
1328
1412
1414
1416
1422
1426
1430
1435
1436
1437
1439
1441
1443
1447
1448
1450
1540
1543
1545
1547
1554
1557
1560
1561
1562
1563
1564
1565
1566
1567
1570
1571
1680
1683
1958
2924
2926
2929
2931
2932
2935
2942
3042
3045
3046
3049
3054
3059
3060
3063
3064
3072
3157
3162
3164
3165
3166
3169
3171
3172
3173
3176
3179
3181
3186
3187
3189
3191
3192
3196
3285
3294
3295
3298
3300
3304
3305
3307
3308
3311
3314
3315
3316
3319
3321
3322
3323
3326
3412
3414
3416
3417
3419
3421
3423
3424
3427
3428
3429
3430
3431
3432
3433
3434
3437
3438
3439
3441
3446
3450
3460
3522
3538
3539
3545
3550
3551
3552
3554
3555
3559
3560
3563
3564
3568
3573
3574
3607
3623
3641
3665
3669
3673
3676
3681
3684
3685
3686
3687
3693
3803
3805
3807
3810
4007
4279
4627
4737
4844
5386
5720
5985
6042
6046
6047
6048
6053
6054
6061
6065
6066
6067
6162
6164
6166
6168
6173
6177
6179
6180
6181
6182
6184
6186
6191
6192
6195
6201
6202
6291
6293
6295
6301
6302
6305
6306
6307
6309
6312
6314
6315
6316
6321
6322
6324
6706
6753
6913
7557
7665
7669
7672
7673
7675
7676
7692
7693
7695
7789
7790
7801
7803
7806
7812
7814
7815
7816
7817
7818
7819
7820
7917
7918
7921
7922
7923
7924
7927
7928
7930
7937
7943
7945
7947
8044
8045
8048
8055
8056
8057
8058
8061
8063
8067
8071
8099
8170
8173
8176
8178
8179
8180
8182
8187
8189
8194
8196
8293
8298
8304
8309
8310
8311
8318
8425
8429
8430
8558
9156
9160
10800
10806
10808
10812
10814
10816
10818
10916
10922
10926
10928
10929
10931
10935
10938
10947
11054
11057
11059
11062
11063
11067
11069
11071
11080
11304
11373
11424
11662
11830
12306
12550
12551
12552
12557
12560
12563
12564
