602
679
1052
1055
1061
1063
1066
1162
1165
1168
1170
1173
1175
1176
1180
1183
1185
1186
1190
1191
1193
1194
1201
1292
1295
1297
1299
1300
1301
1302
1304
1306
1307
1308
1316
1318
1321
1323
1329
1414
1417
1418
1419
1420
1422
1423
1426
1431
1435
1436
1439
1442
1444
1446
1450
1452
1453
1538
1540
1544
1547
1554
1555
1558
1561
1570
1889
2745
4533
4953
5398
5461
6142
6248
6352
6551
6552
6555
6557
6560
6562
6564
6566
6568
6661
6664
6668
6670
6672
6675
6676
6682
6683
6686
6690
6693
6698
6699
6722
6785
6786
6789
6796
6798
6800
6806
6808
6810
6816
6818
6824
6827
6913
6920
6923
6926
6928
6930
6934
6935
6937
6942
6944
6949
6966
7039
7042
7045
7047
7048
7050
7051
7053
7055
7056
7058
7060
7063
7065
7066
7067
7069
7070
7401
8562
9096
9149
10235
10331
10804
10806
10808
10809
11160
11282
11723
11937
12111
12176
12179
12181
12186
12187
12188
12301
12302
12305
12306
12308
