305
934
937
1041
1043
1047
1053
1054
1055
1060
1062
1161
1169
1171
1172
1175
1176
1181
1183
1188
1189
1190
1192
1195
1196
1197
1288
1290
1294
1297
1305
1306
1308
1309
1311
1313
1314
1315
1318
1319
1320
1321
1322
1324
1327
1329
1369
1409
1410
1411
1412
1414
1415
1418
1425
1426
1427
1432
1434
1435
1438
1440
1441
1445
1448
1450
1452
1453
1535
1540
1544
1545
1550
1551
1552
1553
1558
1560
1562
1563
1565
1567
1570
1571
1572
1575
1676
1682
1683
1684
1685
1687
1694
1712
1742
3680
3682
3802
3804
3808
4641
4795
4886
4948
4968
4991
5109
5180
5437
6607
6876
9917
10250
11012
11184
11290
11292
11293
11294
11295
11296
11301
11302
11303
11305
11307
11308
11309
11312
11315
11321
11414
11416
11417
11418
11422
11423
11425
11428
11430
11432
11436
11437
11438
11443
11447
11449
11540
11543
11544
11546
11548
11553
11555
11556
11558
11559
11563
11565
11566
11567
11570
11571
11666
11667
11670
11671
11678
11680
11681
11685
11686
11689
11693
