220
307
1042
1047
1051
1052
1054
1055
1059
1064
1065
1067
1074
1130
1160
1161
1162
1164
1166
1170
1171
1172
1174
1177
1178
1181
1187
1188
1193
1194
1198
1202
1286
1287
1289
1292
1295
1297
1302
1305
1308
1313
1314
1320
1323
1324
1326
1328
1409
1418
1421
1423
1426
1429
1431
1433
1436
1438
1439
1441
1444
1446
1447
1451
1458
1536
1537
1539
1541
1551
1556
1558
1559
1563
1565
1574
1672
1673
1674
1677
1681
1682
1687
2430
2544
3134
4630
5590
5920
5921
5923
5925
5926
5928
5933
5935
5941
5944
5980
6041
6050
6054
6058
6059
6063
6064
6065
6067
6068
6069
6166
6167
6168
6176
6179
6184
6186
6187
6191
6192
6770
6989
7395
7517
8366
8490
8835
8998
9286
9630
10092
11263
11354
11928
11929
11932
11935
11937
11999
12044
12046
12047
12052
12053
12055
12056
12058
12064
12065
12066
12067
12085
12167
12173
12175
12178
12179
12183
12187
12195
12197
12199
12292
12294
12298
12299
12300
12307
12311
12316
12317
12320
12323
12324
12417
12418
12421
12423
12425
12427
12430
12431
12434
12436
12438
12440
12442
12443
12447
12546
12548
12550
12551
12552
12553
12557
12558
12559
12560
