1170
1172
1174
1177
1180
1181
1183
1186
1189
1191
1193
1196
1198
1251
1292
1295
1301
1306
1307
1308
1310
1311
1312
1314
1315
1317
1318
1320
1323
1324
1325
1326
1328
1350
1417
1418
1420
1424
1426
1438
1442
1445
1446
1448
1451
1538
1547
1548
1549
1554
1555
1556
1557
1562
1565
1566
1802
2305
2308
2419
2425
2427
2429
2430
2431
2433
2441
2442
2536
2537
2538
2541
2543
2544
2549
2552
2554
2555
2561
2565
2566
2567
2568
2569
2570
2573
2576
2662
2664
2668
2669
2671
2676
2678
2679
2680
2681
2682
2685
2686
2689
2690
2692
2694
2695
2696
2698
2791
2793
2796
2799
2800
2806
2810
2811
2814
2815
2817
2823
3319
3352
3639
4235
4481
4646
4780
4933
6382
8888
9160
9285
11788
11792
11797
11800
11803
11804
11805
11810
11812
11819
11821
11822
11823
11825
11886
11918
11919
11920
11922
11924
11927
11930
11931
11932
11935
11936
11939
11941
11942
11947
11950
11980
12041
12046
12047
12050
12056
12062
12069
12070
