1447
1568
1570
1579
1586
1587
1588
1677
1678
1679
1681
1684
1685
1687
1688
1689
1690
1691
1692
1695
1696
1697
1698
1699
1705
1706
1710
1713
1716
1718
1802
1803
1805
1808
1809
1812
1814
1815
1818
1820
1821
1822
1834
1840
1845
1846
1929
1930
1934
1935
1938
1940
1942
1944
1945
1946
1949
1950
1951
1958
1959
1961
1962
1965
1967
4445
6439
6450
6464
6693
6695
6830
6835
7312
7435
7484
7570
8225
8449
8825
9072
11573
11806
