503
1559
1562
1565
1566
1569
1577
1586
1589
1591
1680
1681
1683
1684
1688
1689
1690
1691
1692
1698
1699
1705
1710
1711
1713
1717
1719
1802
1803
1804
1808
1809
1817
1820
1821
1822
1823
1824
1826
1828
1829
1831
1832
1834
1836
1837
1838
1843
1881
1928
1929
1930
1933
1937
1938
1939
1941
1945
1954
1956
1958
1959
1960
1961
1966
1967
2057
3191
3339
3449
5947
6557
6693
7403
7417
8201
8234
9569
9835
9940
11314
11945
12462
