195
212
262
331
518
816
830
928
930
933
936
939
942
998
1038
1040
1044
1045
1046
1048
1051
1061
1064
1065
1066
1067
1069
1071
1073
1074
1075
1095
1160
1161
1164
1165
1167
1173
1177
1179
1181
1184
1185
1187
1188
1194
1196
1197
1199
1203
1294
1298
1299
1300
1303
1305
1320
1326
1327
1329
1415
1417
1418
1419
1421
1422
1423
1425
1426
1427
1428
1431
1433
1443
1446
1536
1538
1541
1543
1546
1547
1549
1551
1552
1553
1558
1560
1562
1564
1565
1568
1572
1575
1666
1667
1669
1670
1672
1673
1675
1676
1677
1679
1682
1684
1688
1693
1694
1801
1803
1809
