1174
1177
1179
1180
1182
1183
1185
1291
1292
1297
1301
1303
1306
1307
1310
1311
1312
1315
1316
1322
1323
1414
1420
1421
1422
1424
1426
1429
1431
1432
1435
1437
1439
1440
1441
1444
1488
1534
1535
1539
1543
1551
1552
1554
1555
1556
1558
1559
1560
1561
1562
1563
1569
1571
1572
1573
1576
1662
1665
1666
1668
1673
1682
1683
1694
1697
1699
1700
1701
1703
1786
1789
1792
1793
1794
1795
1797
1798
1799
1802
1803
1804
1805
1807
1808
1809
1814
1818
1824
1926
1929
1930
1936
2252
2717
3395
3417
3861
4054
4058
4059
4109
6496
6656
7109
7849
8485
8978
9432
9916
10459
11220
11422
11423
11426
11427
11428
11430
11435
11443
11445
11465
11540
11541
11543
11546
11548
11549
11551
11552
11553
11555
11559
11565
11569
11570
11665
11673
11674
11675
11676
11677
11681
11682
11685
11689
11695
11696
11697
11698
11699
11791
11792
11793
11794
11795
11797
11798
11801
11802
11805
11807
11813
11814
11817
11818
11819
11820
11920
11930
11932
11939
