932
1170
1558
1563
1567
1571
1572
1576
1579
1581
1582
1584
1586
1587
1589
1678
1679
1685
1686
1688
1690
1692
1695
1696
1698
1701
1702
1704
1709
1710
1713
1715
1716
1717
1801
1802
1804
1805
1809
1810
1813
1816
1818
1821
1822
1824
1828
1832
1833
1840
1845
1846
1930
1932
1933
1935
1939
1940
1941
1942
1944
1945
1946
1947
1948
1950
1951
1958
1960
1970
2064
2067
2084
4063
4329
4441
4459
6581
7211
8944
9072
9074
9183
9307
11966
