350
828
946
1815
1819
1820
1824
1825
1834
1838
1839
1841
1929
1933
1935
1936
1942
1946
1950
1952
1954
1956
1957
1958
1959
1961
1965
1966
1969
2051
2055
2057
2058
2059
2060
2062
2063
2065
2066
2067
2075
2079
2084
2086
2087
2088
2091
2093
2094
2095
2182
2183
2188
2189
2190
2192
2196
2199
2200
2201
2203
2208
2211
2213
2214
2215
2311
2315
2318
2320
2322
2330
2340
2450
2453
4682
5585
6705
6813
6935
7089
7225
7322
7709
7827
