834
1175
1315
1415
1416
1420
1425
1432
1434
1438
1441
1443
1535
1539
1542
1544
1547
1549
1553
1554
1557
1560
1561
1563
1564
1568
1569
1572
1578
1660
1663
1668
1669
1675
1686
1697
1698
1699
1700
1794
1800
1803
1808
1813
1815
1819
1820
2580
2706
2959
3145
3758
3881
4047
4218
5200
5325
5627
6309
6417
6419
6425
6426
6449
6540
6542
6544
6545
6546
6554
6555
6556
6558
6560
6571
6572
6574
6675
6676
6678
6679
6682
6683
6686
6689
6690
6691
6695
6696
6795
6806
6807
6810
6812
7217
7469
7794
7796
7799
7801
7804
7806
7808
7809
7815
7817
7818
7918
7925
7926
7929
7930
7932
7933
7935
7936
7937
7940
8050
8052
8057
8060
8061
8063
8066
8175
8179
8180
8181
8187
8189
8305
8309
