189
260
423
424
427
428
431
433
436
438
1421
1426
1428
1430
1431
1432
1438
1439
1441
1536
1537
1540
1541
1543
1546
1555
1557
1558
1559
1562
1564
1565
1569
1570
1574
1664
1669
1673
1674
1681
1683
1685
1686
1687
1690
1693
1695
1697
1698
1702
1794
1796
1801
1802
1806
1807
1808
1815
1981
2671
2676
2678
2682
2684
2687
2689
2693
2722
2790
2792
2793
2796
2797
2798
2799
2801
2803
2806
2807
2810
2911
2913
2914
2917
2929
2930
2933
2936
2937
2938
2942
2946
2951
3038
3040
3042
3043
3051
3055
3056
3061
3063
3068
3070
3072
3075
3170
3171
3174
3177
3179
3180
3181
3186
3192
3193
4146
4529
5213
5572
5774
6595
7385
7641
8107
8274
9138
10743
10777
11923
11926
11927
11930
11937
11941
12042
12044
12049
12051
12053
12054
12055
12056
12064
12066
12067
12070
12072
12073
12074
12075
12165
12168
12169
12173
12175
12176
12180
12181
12182
12183
12186
12195
12197
12198
12200
12201
12295
12297
12299
12303
12305
12306
12308
