987
1131
1170
1172
1173
1176
1177
1184
1185
1186
1187
1188
1190
1193
1289
1294
1297
1306
1308
1310
1311
1313
1317
1320
1415
1418
1422
1423
1425
1428
1438
1442
1443
1446
1448
1449
1450
1451
1452
1534
1541
1545
1547
1550
1552
1553
1555
1557
1560
1561
1563
1565
1566
1570
1571
1572
1573
1574
1576
1577
1661
1662
1667
1669
1670
1671
1672
1673
1675
1676
1680
1684
1686
1689
1692
1788
1790
1792
1795
1796
1798
1800
1801
1804
1805
1807
1808
1809
1813
1815
1816
1819
1820
1821
1850
1924
1927
1930
1932
1933
1935
1936
1937
1940
1942
