282
353
626
785
861
1222
1301
1306
1308
1309
1312
1315
1317
1322
1415
1419
1423
1424
1427
1430
1432
1434
1435
1441
1442
1443
1446
1450
1536
1537
1539
1542
1543
1546
1547
1548
1550
1552
1554
1557
1558
1563
1564
1567
1571
1572
1575
1576
1577
1579
1665
1672
1673
1678
1680
1683
1684
1685
1688
1691
1693
1699
1700
1788
1790
1793
1797
1803
1804
1805
1806
1809
1813
1818
1822
1859
2064
2214
3029
3192
3298
3300
3302
3303
3307
3312
3313
3317
3414
3416
3418
3420
3422
3425
3426
3427
3429
3435
3439
3444
3445
3446
3450
3540
3541
3544
3547
3549
3552
3561
3563
3567
3572
3574
3576
3665
3666
3668
3670
3672
3673
3675
3676
3677
3679
3680
3681
3685
3687
3688
3689
3690
3695
3787
3788
3793
3796
3797
3802
3803
3804
3805
3809
3810
3811
3814
3816
3818
3820
3823
3824
3825
3826
3913
3922
3927
3929
3930
3932
3933
3935
3937
3938
3940
3941
3945
3947
3952
4056
4094
4341
4349
4818
4947
5009
5291
5353
6184
6186
6188
6189
6191
6192
6193
6194
6196
6289
6290
6296
6299
6301
6308
6309
6312
6313
6315
6318
6322
6324
6412
6413
6414
6415
6418
6419
6423
6427
6429
6430
6431
6436
6438
6439
6441
6446
6447
6449
6542
6546
6547
6549
6552
6555
6556
6560
6561
6565
6566
6567
6673
6674
6675
6681
6682
6683
6685
6687
7038
7793
7924
7925
7927
7932
7937
7940
8039
8040
8041
8042
8047
8051
8054
8056
8060
8061
8069
8072
8074
8152
8165
8168
8169
8175
8176
8178
8181
8183
8187
8192
8194
8292
8293
8303
8304
8306
8309
8313
8314
8315
8318
8320
8322
8323
8324
8325
8417
8421
8424
8425
8426
8433
8435
8437
8438
8445
8448
8540
8541
8546
8550
8551
8553
8554
8555
8564
8575
8620
8673
8674
8677
8678
8682
8685
8689
8690
8691
8692
8694
8696
8792
8798
8801
8805
8808
8809
8811
8812
8813
8814
8817
8875
8917
8918
8923
8924
8929
8930
8931
8933
8934
8968
9014
9046
9048
9052
9062
9063
9068
9069
9176
9185
9187
9189
9192
9286
9663
9889
9924
10294
10498
10636
10682
10728
10964
11046
11054
11062
11065
11166
11170
11174
11175
11176
11181
11183
11184
11186
11191
11195
11295
11296
11298
11302
11304
11307
11312
11315
