948
1047
1170
1173
1178
1181
1187
1189
1289
1291
1293
1294
1298
1302
1304
1305
1307
1308
1309
1310
1316
1317
1318
1322
1323
1325
1326
1415
1416
1417
1418
1423
1425
1427
1429
1430
1431
1439
1441
1443
1447
1448
1540
1542
1544
1548
1551
1554
1557
1558
1563
1565
1567
1568
1569
1571
1573
1577
1578
1661
1665
1666
1671
1672
1676
1677
1681
1684
1685
1688
1689
1691
1694
1697
1700
1701
1702
1703
1795
1799
1800
1805
1808
1809
1810
1817
1818
1819
1822
1824
1915
1925
1926
1928
1929
1936
1942
2243
2282
2846
4196
4450
5403
5426
5577
6805
6806
6807
6809
6918
6919
6923
6924
6928
6929
6930
6932
6933
6935
6943
6945
7041
7051
7054
7055
7056
7057
7063
7065
7066
7067
7069
7070
7119
7168
7169
7170
7174
7178
7179
7181
7182
7183
7187
7188
7192
7194
7197
7293
7294
7302
7316
7317
7319
7418
7426
7427
