1100
1813
1816
1818
1819
1821
1823
1827
1828
1829
1836
1839
1841
1928
1929
1936
1938
1939
1941
1945
1946
1947
1949
1952
1953
1955
1956
1957
1958
1959
1960
1961
1966
1967
2051
2058
2061
2062
2063
2064
2065
2067
2072
2074
2075
2076
2078
2080
2081
2083
2084
2086
2091
2093
2095
2182
2187
2188
2189
2191
2192
2200
2203
2205
2210
2212
2214
2215
2307
2315
2318
2320
2444
2451
3696
4704
4816
6460
6692
7449
7463
7591
7946
8949
9196
9202
9445
12338
