1219
1540
1541
1542
1543
1554
1558
1561
1562
1563
1570
1572
1662
1663
1668
1674
1677
1678
1679
1684
1685
1690
1691
1693
1694
1696
1698
1699
1700
1701
1702
1786
1791
1792
1793
1795
1797
1799
1802
1803
1805
1806
1807
1814
1815
1816
1817
1819
1820
1821
1822
1823
1826
1828
1829
1909
1910
1912
1913
1914
1916
1918
1919
1920
1922
1925
1928
1931
1937
1938
1939
1947
1948
1951
2040
2041
2044
2045
2046
2049
2052
2053
2057
2059
2063
2068
2319
2664
3704
3950
4339
4397
4428
4432
4434
4558
4559
4677
4678
4682
4808
5577
7192
7736
8496
11669
11671
11672
11673
11674
11675
11676
11677
11678
11680
11682
11684
11688
11695
11789
11790
11794
11796
11797
11802
11805
11806
11807
11810
11811
11821
11822
11823
11915
11916
11923
11924
11926
11928
11929
11933
11938
11939
11941
11948
11949
12038
12044
12047
12049
12051
12053
12054
12055
12056
12058
12059
12061
12064
12066
12070
12167
12169
12171
12172
12178
12183
12190
12191
12192
