2058
2059
2061
2064
2065
2066
2071
2073
2075
2076
2080
2082
2083
2084
2087
2088
2089
2090
2091
2092
2094
2177
2180
2183
2186
2187
2188
2190
2192
2194
2195
2201
2203
2205
2206
2207
2208
2210
2213
2214
2304
2305
2308
2316
2318
2319
2320
2321
2323
2326
2328
2332
2333
2336
2338
2341
2343
2429
2430
2434
2435
2441
2443
2445
2447
2448
2449
2450
2451
2453
2462
2463
2464
2465
2466
2556
2560
2563
2566
2568
2569
2572
2575
2576
2577
2578
2580
2581
2582
2587
2592
2735
2811
3787
4691
5181
5709
7072
7089
7200
7201
8193
9006
9814
9961
10673
11824
12316
12448
12591
