632
845
888
1551
1556
1560
1569
1570
1661
1665
1669
1670
1672
1673
1674
1675
1678
1680
1690
1695
1696
1698
1701
1788
1796
1798
1799
1800
1801
1804
1808
1811
1815
1816
1819
1825
1828
1913
1917
1920
1921
1922
1923
1926
1927
1928
1929
1931
1932
1941
1950
1951
2052
2053
2054
2055
2057
2059
2063
2586
2624
2897
3225
3665
3855
3862
4561
5138
5384
5721
6016
7165
7168
7171
7179
7183
7186
7187
7190
7191
7192
7193
7195
7197
7198
7199
7201
7295
7298
7299
7302
7310
7311
7312
7313
7316
7319
7322
7324
7326
7415
7418
7423
7425
7426
7433
7434
7437
7438
7441
7443
7444
