114
131
160
413
414
415
419
420
423
424
425
426
428
433
434
435
437
439
445
448
451
452
541
545
547
548
552
555
561
569
798
1119
1231
1301
1394
1426
1432
1434
1435
1436
1437
1439
1539
1545
1548
1550
1555
1557
1558
1559
1566
1569
1572
1574
1663
1667
1668
1670
1672
1674
1675
1681
1684
1685
1686
1690
1693
1695
1696
1698
1699
1795
1796
1810
1811
1818
3112
3147
3676
3754
4046
4125
5192
5797
5890
5933
8764
8911
9414
9430
10597
10916
10919
10923
10926
10927
10930
10931
10932
10933
10935
10938
10940
10942
10943
10945
10947
11037
11041
11048
11049
11050
11055
11057
11059
11061
11063
11067
11070
11071
11072
11169
11171
11172
11173
11174
11178
11184
11186
11191
11193
11784
11921
11924
11926
11927
11935
11936
11938
11939
11946
12040
12042
12043
12048
12049
12050
12052
12058
12059
12060
12061
12064
12065
12067
12068
12069
12072
12159
12160
12161
12165
12168
12170
12171
12173
12176
12178
12182
12184
12186
12187
12190
12194
12200
12202
12203
12287
12288
12289
12290
12292
12293
12305
12307
12308
