786
1088
1601
2055
2058
2059
2060
2061
2062
2066
2067
2070
2071
2072
2073
2075
2081
2085
2086
2087
2180
2189
2191
2192
2193
2194
2195
2200
2201
2205
2207
2208
2209
2214
2215
2216
2217
2221
2310
2314
2316
2321
2322
2323
2326
2327
2330
2332
2334
2336
2337
2341
2342
2343
2428
2437
2440
2443
2444
2445
2447
2448
2451
2452
2454
2455
2457
2458
2459
2460
2462
2464
2467
2468
2558
2560
2561
2562
2563
2564
2566
2576
2582
2584
2591
2592
2700
2812
2817
3831
3842
4684
5574
6816
7082
7820
7930
8176
10077
