392
461
807
857
1071
1662
1667
1671
1673
1682
1685
1690
1692
1693
1696
1700
1785
1786
1791
1792
1795
1796
1797
1799
1804
1805
1806
1808
1809
1810
1811
1813
1814
1815
1816
1818
1820
1821
1822
1824
1826
1912
1916
1917
1918
1922
1926
1930
1933
1940
1941
1942
1945
1946
1947
1949
2050
2119
2376
3040
3121
3156
3706
4321
4331
4755
5178
5183
5939
6424
6454
6532
6673
6676
6683
6684
6685
6687
6691
6696
6790
6791
6800
6801
6802
6803
6807
6813
6819
6822
6922
6923
6925
6926
6928
6929
6932
6934
6938
6947
6948
7044
7046
7047
7049
7050
7051
7061
7076
7392
8048
8053
8055
8061
8176
8184
8187
8190
8283
8294
8300
8303
8304
8306
8308
8316
8319
8392
8418
8423
8424
8425
8428
8429
8432
8433
8438
8443
8543
8547
8553
8554
8555
8560
8565
8568
8669
8671
8682
8684
8687
8688
8691
8692
8796
8797
8798
8799
8802
8805
8806
8807
8808
8810
8812
8814
8923
8926
8927
8928
8930
8931
8932
9055
9058
