553
2057
2059
2060
2061
2062
2064
2067
2069
2070
2071
2072
2074
2075
2076
2078
2082
2083
2086
2087
2090
2093
2094
2179
2180
2182
2188
2189
2190
2196
2198
2207
2210
2214
2218
2219
2302
2303
2304
2306
2307
2314
2318
2320
2325
2327
2328
2330
2332
2334
2335
2337
2340
2344
2428
2430
2431
2432
2434
2436
2438
2439
2441
2443
2444
2447
2449
2451
2452
2453
2456
2464
2468
2469
2470
2561
2565
2566
2569
2574
2580
2582
2584
2591
2690
4455
4528
5187
5314
5435
5703
5706
6947
7187
7206
7816
7829
10316
11235
12561
