46
884
1106
1119
1549
1550
1553
1555
1557
1561
1565
1570
1573
1574
1661
1662
1667
1668
1670
1672
1675
1678
1679
1680
1681
1682
1685
1688
1690
1693
1697
1698
1786
1787
1788
1793
1794
1795
1796
1797
1800
1803
1814
1817
1824
1826
1828
1910
1912
1913
1916
1917
1919
1920
1921
1923
1924
1925
1931
1932
1934
1941
1942
1948
1949
1952
2042
2048
2050
2051
2054
2055
2061
2063
2067
2071
3139
3421
3705
4340
6295
6296
6301
6302
6307
6308
6311
6314
6315
6319
6418
6419
6420
6421
6422
6423
6424
6426
6428
6433
6437
6440
6443
6444
6447
6547
6554
6556
6558
6560
6562
6563
6565
6567
6569
6670
6672
6676
6681
6682
6684
6686
6687
6688
6692
6960
8038
8887
9580
9728
10480
10886
11161
12171
12177
12544
12546
12550
12551
12552
12554
12561
