42
79
230
497
787
897
971
1347
1429
1430
1432
1434
1436
1545
1546
1550
1551
1552
1554
1556
1558
1559
1561
1562
1563
1567
1568
1571
1660
1661
1663
1667
1670
1672
1674
1677
1678
1679
1680
1681
1682
1684
1685
1687
1688
1689
1691
1692
1693
1698
1699
1700
1703
1787
1789
1792
1799
1801
1802
1803
1806
1813
1817
1818
1820
1821
1824
1826
1828
1852
1899
1909
1910
1913
1915
1917
1919
1920
1921
1924
1928
1930
1932
1933
1936
1937
1939
1941
1943
1944
1950
1953
1973
2031
2040
2042
2043
2045
2047
2050
2052
2053
2054
2058
2059
2060
2061
2064
2065
2071
2074
2184
2185
2186
