691
824
2055
2058
2060
2061
2063
2064
2067
2070
2071
2073
2074
2075
2078
2079
2080
2081
2084
2176
2178
2180
2181
2182
2186
2187
2193
2194
2196
2198
2205
2206
2207
2208
2210
2212
2213
2214
2216
2305
2310
2311
2314
2316
2318
2320
2321
2322
2324
2330
2334
2339
2340
2428
2429
2432
2435
2437
2438
2439
2441
2442
2443
2444
2446
2447
2448
2455
2456
2457
2460
2462
2463
2468
2469
2557
2563
2566
2572
2574
2575
2576
2578
2579
2582
2587
2712
5080
5218
5754
6960
7313
7321
7457
7571
7810
8069
8200
10063
10328
11695
11961
12333
