6
24
87
420
422
427
574
870
1049
1111
1547
1552
1561
1564
1570
1661
1663
1667
1668
1673
1675
1677
1682
1686
1688
1689
1691
1694
1696
1701
1785
1786
1793
1794
1798
1799
1802
1804
1808
1820
1821
1826
1827
1855
1910
1911
1912
1915
1920
1921
1922
1925
1928
1929
1930
1931
1932
1934
1935
1938
1942
1945
1946
1948
1949
1950
1951
2046
2048
2050
2053
2054
2055
2056
2057
2060
2061
2062
2063
2065
2460
2486
2661
2831
2915
3093
3143
3159
3549
3551
3552
3560
3563
3564
3667
3668
3670
3671
3672
3677
3679
3680
3682
3693
3792
3797
3798
3800
3804
3805
3806
3808
3809
3810
3814
3817
3820
3824
3826
3827
3910
3911
3915
3916
3917
3918
3920
3921
3922
3923
3925
3929
3930
3932
3933
3934
3935
3937
3940
3941
3944
3947
3948
4037
4038
4039
4041
4045
4046
4053
4054
4056
4057
4062
4063
4064
4066
4067
4068
4069
4072
4075
4076
4164
4173
4176
4179
4182
4188
4189
4196
4293
4295
4299
4300
4304
4305
4308
4310
4311
4312
4314
4316
4320
4369
4419
4424
4427
4429
4437
4440
4442
4443
4466
4555
4559
4680
4682
5148
5397
5472
5620
5676
6288
6420
6427
6429
6431
6432
6433
6435
6439
6446
6447
6448
6536
6540
6544
6547
6551
6553
6554
6555
6558
6564
6569
6571
6572
6576
6595
6664
6665
6666
6667
6670
6672
6674
6676
6678
6679
6680
6681
6682
6685
6686
6687
6689
6691
6698
6699
6700
6791
6795
6797
6798
6801
6802
6804
6808
6809
6811
6812
6814
6815
6818
6819
6822
6920
6925
6929
6932
6933
6935
6938
6939
7743
7890
8307
8427
8429
8432
8433
8440
8442
8541
8544
8545
8547
8549
8555
8559
8561
8562
8563
8565
8568
8571
8572
8668
8676
8679
8688
8690
8692
8695
8789
8790
8791
8794
8795
8798
8799
8800
8803
8808
8809
8810
8812
8813
8816
8820
8917
8918
8921
8927
8930
8931
8935
8936
8937
8938
8941
8944
8948
8949
8950
9042
9045
9048
9049
9050
9051
9052
9053
9056
9059
9060
9063
9064
9065
9067
9068
9072
9073
9166
9167
9179
9183
9185
9190
9192
9193
9194
9196
9197
9198
9238
9288
9290
9293
9298
9299
9301
9302
9306
9307
9310
9312
9313
9316
9317
9319
9321
9322
9415
9417
9419
9420
9422
9423
9425
9427
9428
9431
9436
9439
9442
9447
9449
9543
9544
9545
9546
9547
9548
9552
9553
9555
9558
9561
9564
9566
9567
9670
9675
9676
9678
9680
9688
9690
9696
9796
9806
9808
9810
9811
9812
9813
9814
9816
9817
9818
9923
9925
10411
10956
11149
11223
11274
11293
11297
11302
11304
11308
11309
11311
11312
11313
11314
11315
11316
11318
11321
11415
11417
11418
11419
11420
11421
11422
11428
11429
11430
11432
11435
11438
11441
11444
11550
11551
11555
11556
11557
11560
