2188
2192
2200
2201
2209
2210
2211
2212
2213
2308
2312
2317
2321
2323
2324
2325
2326
2328
2329
2330
2332
2338
2341
2434
2435
2443
2447
2452
2453
2455
2457
2459
2461
2465
2543
2551
2556
2560
2562
2563
2564
2565
2567
2568
2572
2573
2575
2576
2581
2584
2586
2592
2593
2677
2679
2681
2682
2685
2686
2689
2690
2691
2693
2697
2698
2701
2703
2707
2709
2710
2712
2713
2716
2717
2803
2805
2806
2808
2814
2816
2818
2819
2820
2823
2826
2830
2835
2836
2839
2841
2843
2845
2932
2935
2936
2940
2941
2943
2944
2945
2948
2951
2953
3022
3061
3083
4004
5107
5205
5357
5930
7303
7558
7572
7826
7835
8004
8197
8331
8584
10461
