699
935
966
2182
2188
2190
2191
2192
2193
2198
2204
2205
2306
2313
2314
2319
2320
2322
2324
2326
2327
2333
2431
2433
2434
2435
2437
2438
2439
2440
2441
2443
2447
2448
2449
2450
2455
2461
2462
2464
2465
2468
2469
2554
2556
2558
2559
2560
2561
2565
2568
2570
2572
2573
2575
2576
2581
2582
2584
2590
2591
2592
2594
2596
2677
2679
2684
2687
2688
2690
2691
2692
2694
2697
2700
2701
2705
2706
2707
2714
2716
2717
2718
2806
2807
2814
2816
2818
2820
2823
2826
2827
2829
2833
2838
2839
2841
2844
2929
2932
2935
2938
2940
2945
2946
2948
2949
2951
2954
2955
5329
5596
5930
6074
7080
7207
7329
7453
7771
7828
8702
10456
11941
11950
12329
12386
12512
12590
