686
1343
1690
2113
2184
2194
2195
2201
2203
2204
2206
2209
2210
2212
2308
2313
2316
2317
2320
2321
2324
2327
2329
2330
2333
2334
2336
2338
2339
2341
2430
2433
2434
2438
2439
2440
2442
2443
2447
2448
2449
2450
2453
2454
2455
2456
2459
2461
2464
2465
2469
2505
2553
2554
2556
2560
2562
2564
2565
2574
2575
2576
2577
2580
2581
2583
2585
2586
2588
2596
2681
2682
2683
2687
2693
2696
2698
2702
2703
2704
2707
2710
2712
2717
2718
2804
2808
2810
2813
2814
2815
2816
2820
2822
2826
2827
2828
2830
2832
2836
2841
2929
2931
2936
2940
2942
2944
2945
2950
2955
3059
3076
4335
5213
5439
5572
7191
7339
7944
8572
8814
9930
10195
10442
12203
