213
263
444
553
621
1670
1672
1673
1674
1676
1677
1680
1683
1684
1685
1687
1689
1691
1692
1693
1789
1793
1797
1798
1799
1800
1801
1802
1803
1804
1805
1807
1811
1816
1817
1818
1821
1822
1824
1911
1916
1922
1927
1929
1930
1933
1939
1940
1941
1944
1949
1950
1953
2036
2043
2044
2048
2049
2050
2051
2057
2059
2060
2067
2072
2073
2162
2163
2164
2165
2166
2170
2171
2173
2174
2176
2177
2178
2180
2181
2182
2184
2188
2191
2193
2196
2198
2200
2202
2288
2292
2300
2307
2309
2311
2312
2313
2314
2319
2321
2322
2417
2419
2420
2424
2426
2427
2428
2431
2437
2440
2442
2446
2468
2531
2551
2553
