453
566
571
1119
1454
2187
2191
2192
2193
2197
2200
2204
2210
2213
2318
2320
2321
2323
2326
2327
2330
2332
2333
2334
2336
2338
2340
2429
2430
2433
2434
2439
2440
2442
2445
2446
2448
2449
2450
2453
2459
2464
2465
2551
2554
2558
2560
2563
2566
2570
2572
2576
2579
2580
2583
2588
2590
2593
2594
2595
2678
2680
2681
2682
2683
2687
2690
2692
2693
2694
2695
2697
2698
2699
2700
2701
2702
2706
2712
2713
2714
2717
2806
2807
2808
2814
2818
2822
2825
2826
2833
2836
2838
2841
2843
2844
2929
2932
2936
2938
2940
2944
2945
2950
3062
3830
4061
4467
5588
5727
7331
7701
8065
8449
8578
9283
9795
10707
11543
11781
12072
