259
549
562
670
756
1640
1676
1677
1679
1680
1681
1684
1686
1687
1690
1788
1793
1796
1798
1799
1800
1804
1808
1809
1810
1812
1813
1814
1823
1824
1912
1914
1915
1916
1918
1920
1924
1930
1934
1936
1941
1942
1946
1949
1950
1952
2034
2041
2046
2047
2048
2050
2052
2054
2056
2057
2058
2059
2060
2061
2064
2066
2068
2069
2076
2077
2078
2100
2148
2165
2167
2175
2179
2182
2186
2188
2191
2192
2194
2195
2196
2202
2290
2297
2299
2300
2305
2306
2307
2309
2310
2314
2315
2321
2323
2324
2420
2421
2425
2427
2430
2432
2433
2435
2436
2440
2547
2548
2551
2552
2752
3155
3944
4088
4243
5342
5863
5973
6764
6858
7302
7305
7308
7309
7317
7319
7414
7415
7416
7417
7421
7426
7428
7432
7434
7449
7544
7547
7548
7549
7557
7559
7560
7562
7564
7568
7573
7670
7682
7683
7684
7686
7687
7689
7692
7695
7804
7805
7806
7808
7810
7813
7816
7817
7922
7923
7925
7929
7937
