487
1331
2183
2186
2190
2192
2199
2200
2204
2209
2210
2308
2310
2314
2315
2317
2319
2327
2331
2334
2335
2336
2341
2431
2435
2439
2444
2446
2448
2449
2450
2451
2454
2457
2458
2463
2464
2551
2552
2554
2556
2558
2559
2561
2562
2564
2565
2568
2572
2573
2574
2581
2582
2583
2586
2587
2588
2592
2593
2594
2596
2678
2679
2680
2682
2686
2690
2692
2695
2696
2698
2702
2705
2707
2711
2717
2804
2806
2808
2809
2810
2811
2814
2816
2817
2818
2820
2826
2827
2828
2832
2833
2834
2837
2841
2843
2844
2845
2934
2938
2942
2943
2944
2945
2950
3182
4062
4706
5086
5585
6032
7371
7453
7572
7698
8058
8072
8187
8200
8565
8683
9897
10333
10336
10697
