1177
1193
1795
1797
1798
1803
1804
1806
1808
1810
1811
1818
1820
1912
1914
1915
1916
1918
1919
1923
1925
1928
1930
1931
1932
1935
1940
1942
1948
1952
2038
2040
2042
2047
2049
2051
2053
2057
2058
2061
2062
2063
2065
2069
2070
2071
2073
2074
2075
2076
2152
2171
2173
2174
2175
2177
2180
2183
2187
2188
2189
2191
2192
2193
2194
2195
2197
2198
2201
2299
2300
2301
2302
2305
2307
2309
2312
2313
2314
2315
2316
2319
2320
2421
2423
2424
2428
2436
2439
2450
2804
3010
3616
6426
6435
6436
6438
6442
6443
6477
6545
6548
6550
6551
6556
6559
6563
6565
6566
6567
6668
6670
6671
6678
6682
6683
6685
6690
6691
6694
6696
6697
6698
6793
6800
6801
6803
6806
6808
6811
6817
6820
6836
6921
6922
6923
6929
6931
6933
6936
6937
6941
