565
1872
2186
2188
2195
2200
2201
2202
2204
2208
2213
2306
2310
2313
2314
2318
2321
2323
2324
2326
2330
2331
2332
2428
2431
2435
2439
2440
2442
2444
2446
2447
2449
2450
2451
2452
2454
2462
2463
2464
2465
2469
2552
2553
2555
2558
2564
2565
2570
2571
2575
2578
2580
2583
2587
2591
2592
2677
2679
2683
2688
2689
2691
2693
2695
2697
2698
2700
2701
2703
2704
2705
2706
2707
2709
2713
2716
2719
2720
2804
2806
2808
2809
2810
2814
2815
2816
2826
2828
2830
2831
2835
2838
2841
2843
2844
2845
2932
2934
2935
2938
2939
2941
2944
2945
2946
2949
2955
3203
3322
4024
4036
4087
4091
4447
5117
5395
5827
5831
6981
7068
7703
7810
7840
7959
8070
8183
8455
8832
9599
10187
