409
412
413
416
419
420
422
423
424
426
427
429
430
433
436
444
448
450
453
536
537
540
544
545
546
547
549
553
555
556
557
558
559
561
562
565
566
567
568
570
571
572
573
641
675
677
678
681
684
685
690
691
3471
3922
3923
3931
3934
3937
3939
4045
4047
4048
4051
4053
4055
4058
4060
4061
4063
4064
4067
4068
4069
4070
4167
4169
4170
4175
4176
4177
4178
4180
4181
4182
4186
4188
4190
4192
4193
4291
4296
4300
4301
4302
4303
4306
4307
4310
4312
4316
4319
4320
4423
4424
4425
4426
4433
4436
4440
4441
4445
4545
4547
4553
4554
4555
4556
4559
4560
4563
4567
4585
4680
4683
4684
4685
4689
4721
4804
4805
4809
4918
5116
5276
5441
5666
5913
6327
7324
8485
9697
10265
11167
11172
11174
11178
11185
11187
11190
11192
11288
11290
11293
11301
11305
11306
11307
11309
11311
11318
11319
11323
11324
11325
11416
11417
11420
11422
11428
11431
11434
11438
11440
11446
11546
11551
11552
11553
11556
