341
438
1200
1699
1777
1912
1913
1914
1917
1918
1919
1921
1922
1924
1925
1927
1928
1930
1932
1933
1934
1937
1940
1944
1948
1949
2035
2037
2043
2048
2050
2052
2058
2060
2061
2062
2063
2064
2067
2070
2075
2078
2170
2172
2176
2178
2184
2186
2187
2188
2192
2193
2195
2304
2762
3742
4619
5243
6609
6920
6922
6923
6931
6937
6938
6941
7039
7041
7044
7047
7050
7052
7054
7056
7057
7060
7065
7066
7071
7072
7073
7164
7165
7168
7172
7176
7177
7182
7186
7189
7192
7193
7195
7610
8013
8283
8800
8804
8806
8807
8809
8811
8812
8813
8815
8924
8925
8926
8929
8935
8937
8942
8944
9045
9048
9051
9054
9064
9069
9130
9165
9170
9171
9172
9174
9183
9185
9186
9187
9188
9192
9193
9194
9195
9272
9292
9293
9294
9300
9302
9304
9305
9308
9309
9310
9311
9313
9315
9317
9318
9421
9422
9424
9427
9432
9433
9441
9443
9546
9547
9550
9552
9555
9556
9557
9561
9562
9565
9568
9670
9673
9674
9675
9682
9691
9692
9806
