1599
1683
1802
1803
1805
1810
1814
1913
1914
1918
1919
1922
1923
1928
1929
1930
1931
1932
1937
1938
1941
1943
1944
1946
1947
2035
2038
2041
2044
2046
2048
2050
2051
2053
2054
2056
2059
2062
2064
2065
2069
2070
2072
2075
2076
2164
2165
2168
2172
2179
2181
2184
2185
2186
2190
2191
2193
2196
2198
2292
2296
2298
2308
2309
2313
2780
4167
4887
5794
7299
7301
7303
7304
7306
7314
7315
7316
7318
7319
7323
7324
7412
7414
7416
7418
7421
7422
7426
7431
7432
7434
7438
7444
7446
7450
7451
7536
7538
7542
7545
7550
7551
7552
7555
7559
7560
7561
7562
7564
7568
7569
7570
7571
7572
7575
7670
7671
7672
7674
7680
7682
7683
7684
7687
7690
7691
7694
9512
9520
10667
11021
11432
