362
681
682
793
794
797
803
805
811
814
816
817
818
919
920
928
929
930
931
932
933
937
1865
1913
1916
1922
1923
1926
1931
1934
1937
1938
1939
1942
1944
1945
1946
1950
2039
2040
2045
2046
2047
2049
2050
2051
2052
2054
2055
2057
2059
2063
2065
2068
2069
2073
2074
2078
2170
2176
2178
2180
2183
2188
2191
2192
2193
2194
2953
3237
3308
3312
3313
3314
3424
3427
3433
3435
3436
3440
3441
3442
3444
3446
3508
3536
3539
3540
3545
3546
3548
3549
3550
3556
3557
3558
3562
3564
3565
3569
3572
3575
3576
3662
3663
3664
3666
3667
3668
3671
3674
3675
3676
3679
3680
3681
3692
3694
3700
3791
3792
3796
3797
3798
3800
3803
3810
3813
3818
4507
5374
6932
7364
8079
8462
9491
9651
11805
12097
12383
12541
12545
12550
12554
12557
12558
12562
12563
12564
12566
12567
12568
12572
