410
416
417
418
419
425
426
427
431
435
438
440
444
445
446
447
449
538
539
543
545
548
549
550
552
553
557
562
565
566
570
661
769
794
1117
1798
1799
1800
1802
1805
1806
1810
1811
1812
1814
1864
1908
1912
1916
1918
1919
1931
1933
1934
1936
1937
1939
1940
1941
1947
1948
1949
2036
2038
2039
2042
2045
2046
2047
2051
2053
2055
2059
2062
2063
2064
2065
2071
2073
2074
2077
2078
2115
2163
2168
2171
2173
2181
2190
2197
2198
2200
2291
2294
2295
2297
2300
2301
2305
2309
2428
2457
2503
3444
3497
3924
3929
3930
3932
3934
3935
3940
3942
4038
4040
4043
4046
4051
4054
4056
4059
4060
4068
4069
4070
4071
4075
4160
4163
4171
4180
4181
4186
4188
4191
4202
4287
4289
4292
4293
4295
4301
4302
4303
4304
4305
4306
4307
4313
4315
4317
4318
4319
4323
4324
4411
4413
4414
4416
4417
4418
4420
4424
4429
4432
4434
4436
4437
4439
4441
4453
4491
4538
4542
4543
4545
4551
4552
4554
4556
4559
4560
4561
4562
4565
4567
4568
4569
4574
4576
4660
4663
4665
4666
4669
4673
4677
4680
4682
4684
4687
4690
4691
4692
4695
4697
4702
4740
4760
4786
4788
4790
4791
4793
4794
4796
4797
4798
4799
4803
4808
4809
4811
4813
4814
4817
4820
4821
4823
4825
4915
4919
4920
4927
4930
4932
4934
4940
5053
5054
5057
5059
5427
5514
5732
5892
6016
6258
6516
6553
6557
6561
6562
6564
6669
6675
6678
6681
6682
6683
6685
6686
6692
6694
6696
6699
6789
6790
6793
6794
6795
6796
6797
6798
6802
6804
6805
6806
6807
6813
6815
6820
6824
6825
6911
6912
6914
6916
6917
6918
6919
6920
6921
6925
6926
6928
6931
6932
6940
6942
6948
6949
6950
6951
7004
7039
7040
7041
7045
7048
7051
7058
7059
7061
7064
7067
7068
7069
7070
7171
7175
7176
7177
7179
7182
7184
7186
7188
7190
7191
7285
7298
7417
7526
7635
7758
7761
7943
8081
8154
8408
8492
8931
8932
9055
9057
9109
9171
9173
9175
9179
9182
9184
9185
9186
9187
9192
9298
9301
9305
9307
9310
9311
9313
9315
9316
9402
9420
9428
9429
9431
9432
9435
9436
9437
9444
9482
9542
9545
9548
9551
9552
9554
9555
9557
9558
9566
9569
9571
9573
9667
9674
9678
9679
9680
9683
9688
9689
9691
9699
9789
9790
9797
9799
9800
9804
9808
9810
9812
9814
9819
9820
9824
9825
9916
9918
9921
9924
9926
9927
9929
9930
9932
9933
9934
9936
9940
9943
9944
9946
10040
10041
10045
10046
10047
10048
10050
10053
10057
10063
10064
10065
10068
10069
10070
10118
10127
10176
10178
10181
10188
10189
10410
10564
11166
11182
11235
11424
11425
11426
11430
11431
11433
11441
11443
11544
11545
11548
11549
11552
11553
11554
11558
11559
11561
11563
11568
11666
11672
11673
11675
11677
11678
11681
11682
11688
11692
