220
1115
1921
1923
1928
1933
1935
1943
1944
2038
2040
2041
2042
2044
2045
2046
2049
2053
2058
2063
2066
2068
2069
2071
2074
2075
2161
2171
2175
2176
2180
2188
2196
2197
2199
2200
2203
2204
2285
2287
2288
2290
2291
2295
2297
2298
2303
2306
2307
2308
2309
2310
2316
2328
2410
2412
2413
2415
2422
2423
2424
2425
2429
2431
2433
2434
2435
2436
2437
2439
2440
2441
2442
2443
2445
2446
2447
2449
2450
2540
2544
2546
2548
2549
2551
2552
2556
2557
2559
2563
2565
2567
2570
2571
2575
2668
2672
2673
2680
2681
2683
2688
2693
2800
2802
2806
2812
2814
3594
4297
4327
4743
5333
5621
5680
5683
5716
5806
5809
5810
6874
7082
7633
7657
9840
11603
12173
12174
12180
12187
12188
12190
12296
12299
12302
12307
12311
12313
12314
12316
12319
12324
12325
12415
12416
12418
12419
12422
12423
12431
12433
12438
12440
12483
12539
12540
12542
12544
12547
12550
12551
12556
12558
12559
12560
12565
12566
12567
12568
12570
12574
