23
216
301
521
1342
1648
1699
1918
1922
1925
1936
1945
2036
2039
2040
2042
2043
2044
2046
2050
2053
2054
2055
2058
2065
2066
2067
2068
2069
2070
2071
2075
2161
2162
2163
2165
2168
2170
2171
2172
2173
2174
2175
2176
2185
2187
2188
2193
2198
2199
2200
2285
2287
2289
2290
2292
2293
2299
2302
2303
2304
2305
2311
2312
2314
2315
2316
2317
2318
2321
2322
2323
2327
2381
2411
2412
2414
2415
2418
2421
2425
2427
2430
2434
2435
2436
2437
2438
2443
2446
2447
2449
2450
2452
2453
2537
2544
2546
2548
2549
2557
2561
2563
2565
2574
2598
2669
2674
2677
2679
2680
2682
2683
2684
2686
2687
2690
2691
2692
2796
2798
2800
2803
2808
2810
2817
2818
