548
1519
2560
2571
2579
2580
2582
2681
2682
2684
2687
2689
2693
2695
2700
2702
2703
2705
2710
2711
2712
2717
2720
2803
2805
2806
2808
2810
2811
2813
2814
2816
2817
2818
2820
2822
2823
2824
2826
2828
2837
2839
2926
2927
2929
2931
2933
2934
2939
2943
2945
2948
2951
2953
2954
2956
2957
2960
2961
2963
2968
2969
3028
3059
3062
3064
3065
3067
3068
3070
3071
3072
3074
3076
3077
3078
3082
3085
3087
3089
3094
3185
3193
3194
3195
3200
3203
3205
3206
3209
3210
3214
3216
3305
3314
3317
3318
3319
3320
3441
4561
4711
4817
4940
4962
5788
7689
7742
7812
8080
8204
8322
8574
9455
9572
9646
10570
11499
11744
11943
12208
12333
