264
851
1324
1878
2092
2382
2693
2696
2814
2835
2931
2937
2938
2948
2949
2953
2956
2957
2959
2962
2963
2964
2966
3055
3056
3058
3060
3061
3062
3063
3066
3067
3069
3073
3075
3076
3077
3079
3081
3085
3086
3091
3177
3179
3187
3190
3191
3194
3197
3202
3205
3207
3208
3209
3210
3211
3216
3219
3301
3302
3306
3307
3308
3309
3310
3312
3313
3314
3317
3318
3319
3320
3322
3328
3329
3330
3334
3340
3341
3342
3343
3345
3430
3432
3434
3436
3441
3442
3443
3446
3447
3449
3450
3452
3455
3457
3459
3460
3462
3465
3568
3569
3571
3572
3573
3578
3583
3587
3589
3591
3687
5080
5571
7688
7695
8339
8945
9692
9807
9942
9948
9964
10704
10818
