7
332
364
371
412
413
414
415
417
418
419
422
424
426
428
429
435
438
439
440
445
451
453
482
536
538
543
547
548
549
550
553
554
558
559
561
564
566
569
571
573
574
578
579
604
628
661
666
668
669
672
674
675
679
681
683
684
685
686
688
689
691
692
694
697
698
795
802
805
807
809
810
815
816
1355
1452
1800
1928
1930
2038
2040
2045
2046
2047
2050
2055
2056
2057
2058
2059
2067
2068
2073
2074
2163
2165
2168
2175
2183
2186
2188
2191
2192
2193
2195
2199
2200
2201
2285
2293
2297
2301
2304
2307
2309
2317
2318
2323
2409
2411
2412
2415
2420
2421
2426
2427
2429
2431
2432
2443
2448
2450
2541
2542
2543
2545
2546
2550
2552
2554
2558
2559
2560
2562
2563
2564
2565
2570
2678
2679
2681
2682
2683
3191
3690
4051
4062
4130
4173
4175
4180
4186
4189
4306
4307
4308
4310
4314
4316
4396
4400
4417
4419
4420
4425
4436
4437
4438
4439
4440
4444
4445
4446
4447
4448
4543
4544
4545
4547
4548
4551
4552
4553
4554
4568
4569
4571
4574
4575
4662
4664
4665
4666
4674
4676
4677
4678
4679
4681
4683
4686
4687
4689
4690
4691
4693
4695
4696
4697
4698
4700
4788
4791
4793
4795
4796
4797
4800
4808
4810
4813
4817
4822
4827
4828
4911
4913
4919
4920
4922
4924
4930
4935
4936
4941
4948
4949
5038
5040
5042
5046
5047
5051
5052
5053
5054
5057
5058
5060
5062
5063
5065
5066
5074
5076
5143
5161
5164
5165
5170
5171
5173
5174
5178
5180
5181
5184
5185
5188
5190
5192
5193
5194
5197
5198
5286
5288
5289
5290
5294
5299
5300
5302
5303
5306
5308
5310
5314
5317
5319
5321
5418
5421
5428
5429
5430
5432
5433
5435
5438
5440
5441
5444
5445
5447
5450
5451
5543
5545
5546
5555
5556
5557
5560
5561
5562
5565
5574
5575
5666
5669
5673
5676
5678
5679
5682
5686
5689
5690
5692
5707
5796
5800
5802
5807
5810
5814
5816
6053
6116
6839
6918
6922
6923
6932
6934
6937
6939
6940
6944
7038
7039
7048
7049
7051
7054
7057
7058
7061
7064
7065
7069
7161
7163
7168
7169
7171
7172
7176
7182
7183
7184
7187
7189
7290
7297
7301
7302
7304
7308
7309
7311
7356
7428
7540
7699
7976
8404
8746
8869
9025
9044
9084
9143
9212
9634
9697
9805
9807
9924
9928
9933
9936
9943
9944
9947
9949
10000
10026
10043
10045
10048
10050
10051
10054
10056
10059
10062
10065
10071
10072
10073
10074
10128
10165
10167
10172
10173
10184
10185
10186
10187
10190
10192
10193
10194
10195
10197
10198
10288
10289
10290
10295
10299
10303
10306
10309
10311
10312
10314
10316
10318
10319
10422
10425
10429
10432
10818
10936
11597
11603
11638
11669
11670
11673
11674
11677
11682
11685
11689
11692
11693
11788
11791
11793
11795
11802
11803
11804
11807
11809
11812
11813
11814
11816
11817
11821
11822
11920
11921
11922
11925
11926
11927
11931
11932
11934
11936
11937
11938
11940
11942
11943
11944
12047
12055
12056
12058
12059
12062
12064
