45
1250
1460
2815
2941
2944
2952
2953
2954
2957
2958
2959
2960
2961
2962
3055
3057
3058
3061
3063
3064
3067
3068
3069
3072
3073
3074
3076
3077
3078
3081
3083
3084
3087
3093
3095
3177
3179
3181
3182
3183
3184
3186
3187
3188
3190
3191
3195
3199
3200
3202
3203
3206
3207
3210
3211
3214
3215
3218
3304
3305
3306
3308
3310
3311
3312
3315
3318
3320
3321
3323
3325
3326
3330
3335
3337
3338
3339
3342
3343
3345
3346
3429
3430
3432
3433
3435
3439
3442
3444
3448
3456
3457
3459
3463
3464
3465
3468
3554
3562
3564
3571
3572
3575
3578
3583
3589
3694
4958
5216
5341
5637
5940
5946
6196
6293
7825
7956
8079
8826
9566
9687
9951
9954
10940
10945
