195
422
577
1069
1071
2114
2690
2932
2937
2938
2941
2943
2944
2947
2950
2956
2957
2958
2959
2964
2967
3054
3055
3057
3058
3059
3060
3061
3063
3065
3066
3068
3074
3076
3078
3079
3085
3087
3091
3095
3181
3187
3188
3191
3195
3198
3202
3204
3205
3207
3208
3210
3211
3212
3214
3215
3218
3301
3306
3307
3309
3314
3317
3318
3320
3322
3325
3330
3338
3341
3342
3427
3430
3434
3435
3437
3440
3443
3447
3449
3450
3452
3453
3454
3457
3459
3460
3462
3465
3467
3469
3554
3561
3563
3564
3565
3571
3572
3573
3576
3578
3579
3580
3583
3589
3591
5571
6184
6185
6326
7579
7762
7819
7824
8079
8190
8191
8708
9328
9694
10061
10945
