263
319
931
1088
1125
1402
1747
1922
1925
1928
1930
1937
1938
1941
2038
2043
2044
2045
2048
2050
2054
2056
2059
2060
2061
2063
2064
2065
2066
2068
2070
2163
2169
2170
2173
2180
2189
2191
2194
2198
2200
2201
2288
2291
2293
2295
2297
2302
2308
2310
2311
2317
2319
2322
2328
2412
2413
2417
2419
2420
2421
2423
2425
2427
2433
2434
2435
2436
2438
2439
2440
2442
2444
2445
2450
2539
2544
2545
2548
2549
2552
2555
2558
2559
2560
2563
2564
2574
2672
2674
2677
2680
2685
2687
2688
2689
2690
2691
3092
3185
3226
3243
3248
3648
3670
3865
4864
5446
5457
5574
5647
5902
6104
6503
6797
6798
6799
6806
6808
6814
6815
6816
6817
6819
6820
6916
6917
6919
6920
6923
6925
6927
6930
6933
6936
6938
6939
6940
6941
6947
6958
7042
7043
7045
7046
7051
7053
7055
7056
7057
7058
7059
7062
7066
7067
7071
7072
7171
7173
7177
7182
7183
7184
7188
7191
