854
994
1366
2296
2298
2305
2306
2308
2309
2310
2313
2317
2383
2416
2418
2420
2421
2429
2431
2433
2434
2438
2445
2446
2447
2448
2535
2545
2546
2547
2548
2550
2553
2557
2559
2560
2563
2564
2565
2567
2568
2571
2573
2575
2576
2577
2662
2663
2665
2667
2671
2676
2677
2679
2680
2681
2684
2687
2690
2693
2694
2697
2698
2699
2700
2787
2791
2797
2799
2802
2803
2805
2806
2809
2813
2815
2816
2819
2820
2822
2921
2923
2927
2928
2931
2933
3108
3391
3921
4890
5465
7315
7316
7317
7318
7414
7417
7420
7429
7430
7434
7436
7437
7441
7443
7444
7445
7446
7447
7450
7539
7544
7551
7555
7559
7564
7566
7570
7572
7573
7679
7682
7683
7684
7808
7992
8047
9553
9642
10053
10056
10057
10062
10064
10168
10171
10173
10176
10179
10180
10181
10182
10186
10190
10194
10301
10303
10305
10314
10316
10319
10430
10431
