1318
1574
2575
3002
3181
3184
3188
3189
3197
3203
3205
3206
3211
3214
3308
3313
3317
3321
3326
3329
3331
3334
3340
3341
3433
3436
3439
3440
3441
3442
3447
3448
3449
3450
3452
3456
3457
3458
3461
3462
3463
3464
3465
3466
3467
3468
3469
3552
3555
3559
3560
3561
3568
3569
3571
3576
3579
3580
3583
3584
3585
3592
3594
3595
3677
3680
3681
3685
3687
3689
3692
3694
3696
3697
3698
3702
3703
3705
3706
3708
3709
3713
3716
3718
3719
3802
3805
3811
3813
3815
3818
3821
3823
3825
3826
3827
3829
3831
3833
3834
3836
3837
3839
3936
3940
3942
3946
3949
3950
4666
5828
6085
7081
7307
8180
8454
8704
8807
9056
9810
9936
9944
9957
10198
