210
295
888
921
1242
1294
1397
1500
1684
1880
2011
2174
2178
2181
2186
2187
2188
2292
2293
2299
2300
2302
2304
2309
2310
2312
2314
2315
2318
2321
2322
2323
2415
2423
2425
2426
2427
2428
2431
2434
2436
2438
2440
2444
2445
2448
2451
2536
2537
2538
2540
2551
2553
2554
2557
2558
2559
2562
2563
2567
2568
2569
2571
2573
2576
2579
2663
2667
2673
2674
2675
2676
2679
2696
2699
2787
2788
2791
2792
2797
2799
2801
2803
2807
2809
2810
2811
2813
2818
2819
2823
2825
2826
2917
2918
2919
2924
2928
3820
4872
6306
6571
7024
7551
7672
7676
7686
7687
7688
7796
7798
7800
7802
7806
7807
7811
7812
7813
7818
7821
7823
7824
7862
7912
7913
7914
7917
7918
7920
7921
7926
7927
7930
7932
7935
7937
7938
7939
7945
7947
7948
7949
7951
8037
8041
8043
8044
8046
8048
8054
8056
8063
8068
8069
8074
8076
8148
8161
8163
8164
8166
8170
8171
8172
8181
8182
8183
8185
8186
8187
8189
8193
8194
8199
8202
8294
8298
8299
8300
8311
8314
8317
8318
8324
8326
8415
8416
8418
8419
8421
8424
8425
8432
8435
8436
8437
8438
8439
8449
8544
8551
8555
8556
8559
8560
8561
8564
8568
8570
8659
8668
8669
8671
8672
8676
8678
8681
8685
8687
8688
8689
8690
8691
8801
8808
8809
8813
8928
9149
9385
9415
9864
9878
10057
10589
10817
11028
11930
11931
