1831
3182
3185
3188
3189
3192
3193
3204
3206
3208
3209
3218
3305
3306
3315
3319
3323
3324
3325
3326
3327
3329
3332
3334
3338
3340
3342
3343
3429
3435
3436
3442
3447
3450
3453
3454
3455
3456
3457
3458
3459
3465
3466
3469
3559
3560
3561
3563
3565
3568
3569
3571
3572
3574
3576
3578
3584
3586
3587
3588
3589
3591
3594
3595
3596
3680
3685
3690
3691
3695
3697
3700
3702
3704
3705
3706
3708
3710
3711
3714
3715
3716
3801
3804
3806
3807
3809
3815
3818
3821
3822
3823
3824
3825
3826
3828
3832
3837
3840
3842
3936
3937
3939
3940
3944
3949
3950
3951
3952
4059
4065
5097
5806
5909
6198
6446
7938
8184
8195
8332
8702
8820
8828
9335
9699
9817
9844
9952
10498
10950
