1321
1450
1542
1568
3182
3186
3187
3188
3191
3193
3195
3198
3201
3212
3214
3307
3313
3314
3316
3319
3321
3325
3326
3327
3328
3329
3335
3336
3437
3438
3440
3442
3446
3447
3449
3450
3458
3459
3463
3465
3466
3467
3469
3552
3557
3560
3561
3564
3567
3568
3570
3572
3573
3574
3578
3579
3580
3583
3585
3588
3589
3591
3592
3679
3680
3684
3685
3686
3687
3689
3691
3692
3694
3698
3699
3702
3704
3705
3706
3710
3712
3713
3714
3717
3720
3802
3805
3806
3809
3810
3814
3815
3817
3819
3820
3821
3824
3826
3828
3830
3832
3834
3836
3837
3939
3941
3946
3947
3949
3951
6086
6090
6338
8199
8558
8572
9064
9065
9806
10077
10211
10439
11209
