316
418
426
429
436
437
439
440
519
549
552
555
556
754
882
1095
1106
1226
1251
1442
1770
2038
2052
2053
2059
2061
2165
2167
2168
2170
2174
2175
2176
2181
2183
2185
2187
2188
2192
2194
2195
2196
2198
2242
2291
2293
2294
2295
2303
2309
2310
2312
2314
2317
2319
2324
2325
2326
2379
2380
2413
2418
2420
2422
2424
2425
2431
2440
2446
2447
2448
2451
2452
2531
2537
2538
2539
2542
2545
2546
2547
2549
2550
2551
2552
2553
2562
2564
2565
2567
2571
2572
2574
2576
2577
2578
2656
2659
2660
2666
2667
2668
2669
2672
2673
2674
2675
2678
2679
2680
2685
2686
2687
2689
2692
2693
2694
2695
2698
2702
2789
2791
2794
2795
2799
2806
2808
2809
2819
2821
2824
2827
2912
2915
2920
2922
2926
2927
2931
2933
2938
2939
2940
2941
2942
2948
2949
3041
3043
3044
3045
3049
3051
3054
3055
3059
3063
3064
3065
3066
3067
3071
3093
3130
3177
3182
3183
3184
3186
