886
1261
1820
1889
1969
3034
3182
3188
3189
3193
3197
3199
3202
3206
3309
3310
3311
3312
3316
3317
3322
3325
3328
3331
3334
3336
3338
3341
3430
3432
3433
3435
3438
3439
3440
3442
3443
3446
3452
3458
3459
3461
3463
3467
3553
3554
3557
3560
3561
3565
3569
3571
3572
3576
3577
3578
3579
3580
3582
3583
3584
3585
3587
3588
3592
3593
3594
3596
3682
3684
3687
3689
3694
3696
3698
3702
3703
3706
3707
3709
3710
3712
3713
3714
3716
3718
3720
3804
3807
3808
3812
3815
3820
3822
3825
3826
3827
3830
3832
3833
3834
3936
3939
3940
3944
3956
3960
5293
5823
5909
8089
8304
8314
8319
8579
8818
9073
9084
9447
9764
10337
11084
