470
545
546
549
555
556
557
560
561
563
565
568
569
571
572
573
663
664
668
669
670
671
676
678
679
680
682
684
685
686
687
688
689
690
691
696
702
784
787
788
789
791
792
798
799
800
801
803
806
807
808
811
812
813
819
821
824
826
827
828
911
913
919
921
928
931
935
936
938
940
942
943
946
949
950
951
1046
1047
1049
1056
1057
1058
1065
1066
2058
2160
2169
2170
2171
2174
2175
2177
2178
2179
2180
2182
2186
2192
2274
2292
2297
2298
2299
2301
2305
2309
2312
2319
2321
2414
2415
2416
2420
2421
2422
2423
2427
2430
2432
2439
2441
2442
2444
2451
2535
2539
2542
2544
2545
2548
2549
2556
2557
2561
2562
2563
2565
2568
2569
2570
2574
2672
2673
2675
2683
2684
2685
2687
2688
2691
2693
2694
2695
2713
2762
2786
2790
2792
2794
2797
2801
2803
2805
2807
2809
2810
2811
2815
2817
2818
2819
2822
2826
2827
2915
2917
2918
2919
2922
2924
2927
2928
2932
2933
2934
2939
2940
3054
3058
3059
3063
3131
3240
3301
4042
4713
4751
4753
4887
4902
4917
4922
4923
4927
4928
4932
4933
4936
4938
4941
4943
4944
4946
4947
5042
5044
5045
5050
5058
5061
5062
5065
5068
5069
5070
5071
5075
5119
5163
5164
5168
5169
5170
5173
5178
5188
5190
5191
5192
5196
5201
5287
5291
5292
5293
5297
5301
5306
5307
5310
5312
5313
5315
5317
5320
5321
5322
5323
5324
5326
5411
5412
5418
5422
5424
5427
5428
5429
5433
5438
5439
5444
5450
5452
5536
5540
5543
5548
5549
5550
5551
5552
5555
5558
5564
5565
5567
5568
5576
5661
5662
5666
5667
5668
5669
5670
5672
5673
5680
5682
5684
5685
5687
5689
5690
5692
5694
5701
5756
5786
5790
5791
5792
5796
5797
5799
5803
5806
5807
5813
5815
5825
5827
5873
5917
5918
5922
5924
5928
5931
5933
5935
5937
5941
5942
5943
5945
5947
6045
6047
6048
6049
6052
6055
6057
6058
6059
6060
6063
6105
6351
6383
6500
6947
7169
7172
7173
7174
7179
7182
7186
7187
7188
7189
7190
7191
7195
7198
7286
7287
7288
7290
7291
7292
7293
7299
7301
7302
7305
7311
7312
7313
7314
7315
7319
7321
7322
7325
7326
7414
7426
7432
7433
7440
7441
7443
7444
7446
7516
7545
7549
7550
7552
7553
7555
7560
7561
7562
7563
7567
7601
7995
8073
8270
8612
8653
8770
9494
9533
9984
10045
10172
10173
10177
10178
10185
10188
10191
10192
10193
10292
10294
10301
10303
10304
10311
10314
10316
10317
10322
10323
10324
10415
10419
10420
10436
10437
10438
10439
10442
10444
10445
10449
10539
10547
10550
10552
10558
10559
10565
10570
10571
10673
10674
10675
10676
10680
10686
10689
11409
11433
11436
11719
11922
11923
11924
11925
11928
11930
11933
11939
11940
11943
11945
12041
12042
12043
12045
12046
12048
12052
12055
12056
12057
12060
12061
12064
12065
12067
12105
12107
12166
12167
12168
12169
12170
12171
12176
12177
12180
12182
12186
12187
12188
12193
