78
622
872
1177
1319
1745
2048
2051
2052
2055
2056
2059
2060
2061
2062
2065
2107
2165
2171
2173
2175
2177
2180
2181
2182
2189
2190
2191
2192
2195
2196
2241
2288
2295
2297
2298
2301
2302
2303
2304
2311
2312
2313
2315
2316
2317
2319
2320
2323
2413
2414
2415
2417
2424
2425
2426
2429
2431
2435
2436
2437
2438
2440
2441
2442
2444
2446
2448
2451
2534
2535
2537
2544
2545
2547
2548
2549
2550
2551
2553
2555
2558
2559
2562
2564
2565
2567
2569
2577
2578
2579
2667
2668
2669
2670
2671
2672
2675
2678
2681
2682
2685
2687
2689
2692
2699
2700
2701
2703
2788
2792
2793
2796
2799
2800
2801
2802
2805
2806
2808
2810
2812
2817
2818
2820
2821
2914
2918
2923
2925
2927
2928
2930
2934
2937
2938
2944
2945
2946
3041
3044
3046
3049
3053
3054
3056
3060
3063
3064
3067
3173
3174
3181
3184
3188
3195
3196
3521
3892
4620
5432
5750
5876
5964
6948
7468
7481
7491
7672
7678
7679
7680
7681
7682
7684
7687
7749
7793
7795
7796
7799
7803
7807
7808
7809
7810
7817
7820
7919
7920
7934
7936
7937
7939
7942
7946
8041
8043
8044
8048
8051
8053
8057
8059
8062
8063
8117
8166
8167
8169
8170
8174
8177
8178
8180
8181
8183
8185
8187
8189
8191
8192
8221
8291
8295
8298
8300
8303
8307
8310
8314
8315
8318
8319
8321
8413
8417
8418
8420
8425
8427
8431
8432
8433
8434
8436
8437
8438
8440
8441
8444
8446
8447
8449
8544
8545
8547
8548
8549
8552
8554
8556
8558
8560
8565
8567
8571
8572
8665
8666
8668
8672
8676
8679
8681
8683
8684
8685
8689
8692
8696
8797
8800
8802
8803
8805
8806
8809
8810
8812
8814
8815
8816
8818
8916
8918
8919
8920
8925
8926
8927
8928
8934
8938
8939
9049
9050
9052
9057
9064
9068
9070
9110
9172
9180
9184
9190
9191
9299
9300
9303
9306
9308
9309
9311
9314
9343
9425
9426
9431
9436
9439
