1453
1626
2494
3028
3068
3073
3184
3188
3189
3195
3197
3199
3201
3202
3204
3205
3206
3207
3210
3214
3216
3305
3307
3310
3312
3314
3317
3319
3324
3327
3329
3330
3332
3334
3335
3336
3339
3340
3341
3342
3433
3434
3439
3440
3446
3448
3452
3453
3456
3457
3459
3460
3461
3463
3464
3466
3468
3551
3554
3557
3558
3559
3560
3561
3564
3567
3569
3571
3575
3577
3578
3590
3591
3678
3679
3680
3681
3686
3687
3688
3689
3691
3694
3697
3698
3703
3704
3705
3706
3708
3709
3710
3713
3715
3716
3718
3802
3803
3804
3807
3810
3814
3815
3818
3821
3822
3824
3831
3833
3834
3836
3837
3936
3944
3946
3949
3956
5579
5695
5982
6205
6427
7819
8185
9952
10799
11067
