180
1449
3182
3185
3186
3198
3199
3200
3204
3205
3214
3305
3307
3308
3309
3310
3311
3314
3315
3316
3317
3325
3326
3328
3332
3333
3337
3339
3342
3432
3434
3436
3440
3441
3443
3445
3446
3447
3449
3450
3452
3453
3455
3456
3459
3463
3464
3466
3467
3468
3554
3558
3559
3561
3567
3568
3571
3572
3573
3576
3578
3580
3582
3584
3585
3586
3589
3592
3593
3678
3679
3680
3682
3683
3685
3688
3689
3690
3692
3693
3694
3698
3702
3703
3705
3712
3713
3715
3717
3718
3719
3803
3804
3805
3807
3810
3815
3819
3821
3823
3826
3827
3833
3836
3837
3842
3937
3940
3947
5703
6700
7844
8089
8191
8340
8456
8556
9069
9210
9387
9697
9810
9962
10113
10188
11074
