746
827
1183
1227
1294
1295
1296
1299
1302
1303
1305
1306
1307
1309
1311
1312
1314
1317
1419
1424
1425
1437
1438
1568
2290
2297
2308
2313
2317
2413
2415
2420
2422
2424
2425
2427
2429
2433
2434
2435
2436
2437
2445
2539
2541
2542
2544
2547
2548
2551
2555
2556
2557
2558
2564
2566
2567
2572
2574
2578
2661
2662
2664
2666
2669
2674
2675
2679
2680
2682
2683
2686
2689
2692
2693
2695
2696
2699
2700
2746
2791
2806
2807
2809
2811
2812
2816
2822
2824
2851
2898
3221
3348
3838
3935
3939
4041
4042
4045
4052
4053
4054
4057
4058
4060
4062
4066
4069
4070
4071
4072
4074
4075
4076
4165
4168
4176
4177
4184
4190
4191
4192
4193
4247
4293
4296
4299
4302
4305
4311
4312
4316
4318
4319
4321
4322
4325
4327
4412
4414
4417
4420
4421
4425
4426
4428
4430
4432
4433
4434
4435
4436
4442
4444
4479
4539
4543
4544
4545
4547
4551
4554
4559
4568
4571
4666
4668
4671
4676
4686
4689
4691
4693
4695
4696
4697
4766
4796
4803
4805
4806
4808
4814
