253
1450
1693
1961
2146
3443
3504
3555
3563
3566
3568
3572
3574
3576
3581
3582
3583
3587
3590
3591
3680
3681
3682
3683
3691
3695
3698
3700
3702
3711
3713
3715
3718
3809
3811
3812
3814
3817
3818
3820
3821
3822
3823
3824
3826
3830
3832
3836
3838
3839
3840
3841
3842
3843
3845
3926
3930
3933
3934
3935
3938
3940
3942
3943
3945
3946
3951
3952
3954
3956
3958
3963
3964
3965
4057
4060
4061
4064
4066
4067
4068
4070
4074
4075
4077
4085
4086
4090
4182
4188
4189
4191
4198
4201
4202
4204
4206
4207
4209
4210
4211
4214
4218
4318
4327
4830
5428
6335
6595
8183
8587
8933
9085
9334
10205
10453
10462
11205
