500
1466
2166
2170
2172
2175
2183
2184
2187
2193
2290
2292
2294
2296
2298
2301
2302
2304
2307
2313
2314
2316
2319
2320
2324
2411
2412
2414
2416
2417
2420
2421
2423
2426
2430
2432
2433
2434
2439
2440
2444
2446
2448
2449
2450
2452
2486
2537
2539
2541
2543
2545
2548
2549
2555
2556
2559
2563
2564
2566
2569
2570
2571
2578
2579
2661
2662
2670
2671
2672
2674
2676
2677
2678
2679
2680
2681
2682
2683
2684
2686
2690
2691
2694
2696
2697
2701
2787
2789
2793
2794
2795
2798
2801
2803
2805
2808
2812
2813
2816
2818
2819
2821
2822
2824
2827
2913
2917
2918
2921
2927
2930
2931
2936
2937
2938
2944
2970
3043
3046
3048
3050
3051
3054
3058
3062
3065
3846
4152
4608
4856
5916
5931
6053
6057
6059
6060
6923
7905
8279
9475
9762
9814
10375
12306
12311
12312
12419
12422
12424
12426
12427
12428
12431
12432
12436
12441
12442
12444
12541
12542
12544
12552
12554
12559
12564
12565
12567
12568
12569
12570
12573
