62
1304
2082
2181
2183
2187
2188
2191
2192
2196
2291
2292
2293
2298
2300
2304
2305
2308
2309
2313
2314
2316
2318
2319
2414
2415
2417
2418
2423
2427
2429
2432
2433
2435
2438
2443
2535
2538
2543
2546
2548
2557
2558
2561
2565
2566
2568
2570
2571
2575
2579
2661
2662
2665
2666
2668
2669
2670
2671
2673
2682
2683
2684
2685
2688
2690
2693
2786
2787
2789
2791
2793
2795
2796
2797
2802
2803
2804
2807
2808
2810
2812
2814
2817
2818
2819
2820
2823
2826
2827
2914
2915
2921
2923
2925
2926
2927
2929
2933
2934
2936
2938
2939
2941
3049
3051
3052
3056
3058
3059
3308
4155
4652
4818
5285
5797
5984
6078
6132
6331
6421
7049
7051
7052
7053
7060
7061
7063
7064
7065
7066
7067
7167
7168
7169
7173
7176
7179
7181
7189
7194
7198
7293
7294
7300
7302
7304
7314
