690
736
743
866
1048
1936
2423
2424
2427
2430
2433
2435
2439
2540
2542
2543
2544
2545
2549
2551
2554
2561
2565
2567
2569
2570
2573
2574
2660
2661
2665
2667
2668
2670
2671
2673
2675
2676
2677
2678
2680
2686
2694
2695
2697
2699
2700
2703
2784
2786
2787
2790
2793
2795
2796
2797
2798
2802
2803
2804
2805
2806
2807
2813
2814
2823
2911
2913
2915
2918
2920
2925
2926
2928
2929
2932
2935
2938
2939
2940
2943
2944
2946
2952
3035
3037
3041
3043
3046
3048
3053
3055
3057
3059
3061
3063
3064
3066
3067
3068
3069
3070
3071
3072
3167
3172
3175
3177
3178
3179
3181
3182
3183
3185
3186
3187
3188
3189
3190
3191
3194
3195
3288
3289
3292
3295
3296
3297
3299
3300
3302
3303
3304
3306
3308
3309
3311
3312
3314
3316
3320
3392
3419
3422
3423
3424
3426
3428
3432
3433
3434
3437
3438
3443
