2885
3442
3456
3555
3563
3566
3567
3568
3572
3573
3575
3576
3577
3578
3580
3581
3582
3583
3585
3586
3587
3681
3686
3690
3692
3693
3703
3707
3710
3717
3806
3812
3813
3814
3817
3822
3823
3825
3831
3833
3838
3839
3841
3842
3843
3844
3845
3846
3926
3933
3934
3938
3939
3940
3945
3948
3952
3956
3957
3959
3963
3964
3966
4052
4055
4056
4057
4060
4061
4066
4068
4085
4087
4090
4094
4180
4182
4183
4184
4189
4191
4192
4195
4197
4199
4200
4201
4205
4206
4207
4208
4411
6200
7819
8328
8555
8582
8809
8814
8949
8961
9189
9308
9313
9571
9708
9817
9940
9945
10318
10326
10877
11189
