1173
1820
2543
2544
2546
2553
2556
2558
2559
2565
2567
2569
2570
2573
2574
2660
2661
2666
2667
2672
2673
2676
2678
2679
2684
2685
2687
2688
2689
2690
2692
2693
2695
2697
2703
2785
2786
2787
2791
2793
2799
2804
2806
2807
2809
2814
2821
2824
2910
2912
2914
2915
2917
2920
2922
2926
2927
2928
2930
2931
2934
2936
2941
2944
2947
2952
2953
3036
3037
3038
3039
3041
3045
3048
3050
3053
3055
3057
3061
3066
3068
3069
3070
3071
3075
3077
3163
3168
3170
3171
3172
3175
3181
3186
3188
3192
3194
3199
3293
3300
3302
3303
3308
3309
3311
3312
3315
3318
3320
3424
3426
3431
3432
3438
3885
5283
6246
6249
6393
7295
7306
7310
7311
7312
7322
7415
7416
7417
7418
7419
7420
7425
7428
7431
7432
7433
7436
7438
7440
7538
7545
7547
7549
7550
7551
7560
7563
7565
