296
1357
1457
1572
1705
2452
3555
3557
3558
3559
3560
3563
3574
3577
3578
3579
3580
3581
3584
3588
3589
3590
3680
3684
3686
3689
3690
3693
3694
3698
3699
3703
3704
3706
3708
3710
3713
3718
3802
3805
3806
3807
3808
3809
3812
3816
3817
3822
3823
3829
3832
3838
3840
3841
3842
3843
3844
3845
3926
3929
3930
3933
3937
3943
3945
3946
3947
3949
3954
3956
3966
3968
3970
4010
4052
4055
4056
4057
4060
4061
4067
4068
4069
4071
4074
4079
4081
4083
4085
4086
4090
4188
4190
4191
4194
4195
4204
4213
4308
4314
4528
4570
4645
8207
8319
8823
9060
9082
9332
9754
10095
10440
11328
