1831
1947
2567
2698
3737
3827
3836
3929
3931
3937
3939
3941
3946
3948
3953
3959
3960
3961
3963
4052
4056
4060
4070
4072
4074
4075
4077
4078
4081
4091
4092
4178
4181
4182
4186
4188
4190
4193
4194
4196
4197
4198
4203
4206
4207
4208
4209
4211
4214
4216
4217
4218
4221
4303
4305
4306
4307
4311
4313
4314
4315
4317
4318
4323
4324
4327
4328
4330
4332
4335
4337
4338
4339
4340
4341
4343
4430
4432
4433
4436
4442
4444
4447
4449
4452
4454
4455
4458
4459
4464
4470
4482
4552
4553
4559
4560
4563
4565
4567
4569
4573
4574
4582
4583
4584
4586
4587
4588
4589
4590
4591
4593
4677
4681
4683
4684
4687
4688
4689
4690
4693
4694
4696
4697
4698
4700
4701
4702
4703
4705
4706
4710
4714
4720
4803
4804
4805
4807
4811
4815
4817
4818
4820
4821
4823
4824
4825
4826
4828
4831
4833
4834
4837
4838
4839
4840
4841
4842
5131
5315
5325
6324
6331
6837
7116
8465
9316
9450
9782
10089
10129
10708
11351
11458
11695
