19
510
641
1393
1644
1915
2110
2256
2438
2550
2553
2554
2555
2558
2563
2567
2569
2570
2662
2670
2673
2674
2678
2683
2685
2690
2693
2694
2699
2700
2703
2787
2789
2790
2793
2796
2799
2801
2802
2803
2805
2806
2807
2811
2812
2814
2815
2818
2819
2820
2822
2824
2825
2909
2914
2916
2917
2918
2919
2920
2922
2923
2925
2926
2930
2931
2932
2933
2934
2938
2939
2942
2943
2945
2951
3035
3043
3048
3051
3052
3053
3054
3061
3062
3064
3065
3072
3074
3164
3169
3174
3178
3179
3182
3183
3187
3191
3193
3194
3299
3303
3307
3313
3394
3570
3768
5609
5922
6452
6581
6875
7172
7450
7720
7733
7826
8041
8047
8049
8050
8051
8052
8054
8055
8056
8060
8063
8065
8069
8166
8173
8177
8183
8185
8187
8189
8193
8194
8195
8227
8291
8293
8297
8298
8305
8312
8317
8319
8320
8321
8323
8412
8414
8417
8421
8423
8424
8426
8436
8437
8439
8440
8442
8443
8445
8446
8449
8537
8539
8544
8549
8551
8555
8557
8558
8559
8560
8569
8572
8574
8662
8664
8666
8667
8670
8672
8673
8676
8678
8683
8685
8687
8688
8690
8692
8693
8694
8697
8701
8787
8796
8798
8801
8804
8805
8808
8809
8810
8814
8817
8819
8820
8821
8822
8823
8827
8913
8916
8917
8924
8925
8931
8932
8933
8934
8939
8947
8949
8952
9037
9039
9040
9042
9043
9045
9048
9049
9052
9055
9056
9059
9061
9063
9069
9073
9075
9076
9162
9167
9172
9174
9180
9183
9185
9187
9190
9191
9194
9196
9294
9295
9297
9301
9304
9308
9310
9311
9312
9313
9315
9316
9317
9422
9425
9430
9433
9434
9438
9440
9441
9445
9447
9448
9513
9543
9546
9548
9549
9551
9553
9557
9559
9561
9563
9566
9567
9669
9671
9674
9675
9676
9677
9680
9683
9684
9687
9691
9692
9693
9694
9994
10234
10986
11022
12180
