366
449
1201
2121
2193
3653
3873
3930
3933
3937
3939
3940
3942
3944
3947
3949
3950
3952
3954
3958
3959
3961
3966
3969
4053
4064
4065
4068
4071
4072
4074
4078
4079
4080
4084
4089
4091
4093
4094
4095
4176
4177
4179
4180
4182
4187
4191
4194
4195
4196
4199
4201
4204
4205
4206
4208
4210
4212
4214
4216
4301
4303
4306
4307
4308
4309
4310
4311
4314
4316
4320
4322
4325
4330
4332
4336
4337
4340
4344
4345
4427
4428
4433
4436
4438
4444
4451
4452
4456
4458
4459
4461
4463
4466
4469
4555
4556
4563
4564
4565
4566
4567
4569
4573
4574
4580
4583
4586
4587
4590
4678
4683
4686
4688
4692
4693
4695
4697
4698
4699
4700
4701
4702
4705
4706
4707
4711
4713
4716
4808
4810
4811
4812
4813
4816
4828
4829
4831
4833
4835
4838
4840
4842
5064
6327
6945
8578
8587
8934
9182
9735
10025
10065
10187
10319
10588
10837
11444
11571
