421
563
600
3831
3837
3931
3932
3939
3940
3941
3944
3949
3951
3953
3955
3958
3959
3960
3961
3968
4052
4054
4058
4061
4065
4067
4069
4072
4075
4077
4078
4079
4080
4081
4090
4091
4092
4095
4176
4178
4181
4186
4188
4193
4194
4196
4202
4206
4208
4212
4216
4217
4218
4220
4221
4303
4306
4308
4311
4317
4318
4321
4325
4328
4329
4330
4332
4333
4335
4340
4342
4419
4428
4430
4434
4435
4436
4437
4440
4442
4448
4451
4452
4453
4454
4458
4459
4461
4465
4466
4467
4552
4554
4560
4565
4566
4567
4569
4570
4571
4572
4574
4575
4576
4577
4582
4583
4584
4586
4592
4677
4682
4685
4689
4693
4696
4699
4702
4703
4710
4715
4717
4735
4793
4802
4803
4806
4808
4809
4810
4812
4813
4815
4818
4819
4824
4828
4829
4831
4832
4834
4838
5869
6324
6443
6560
6575
6665
6804
6955
8647
9317
9327
9812
9940
10017
10061
10207
10706
11443
