1821
2004
2390
2560
2563
2566
2667
2668
2670
2672
2678
2685
2686
2689
2699
2700
2785
2788
2792
2793
2797
2799
2800
2802
2807
2809
2812
2813
2815
2819
2822
2909
2910
2919
2920
2921
2922
2926
2927
2930
2934
2935
2936
2937
2938
2939
2942
2949
2951
2952
3040
3042
3043
3044
3045
3046
3050
3051
3052
3053
3054
3057
3059
3061
3063
3070
3071
3073
3075
3076
3167
3169
3172
3176
3180
3182
3187
3188
3190
3297
3300
3301
3305
3945
4158
4807
5448
6136
7192
7545
7547
7550
7551
7554
7555
7556
7560
7562
7566
7567
7628
7665
7666
7671
7672
7673
7674
7676
7677
7681
7682
7683
7687
7690
7693
7694
7696
7700
7792
7795
7799
7800
7801
7802
7804
7805
7809
7810
7811
7812
7816
7817
7821
7823
7922
7927
7931
7934
7935
7936
7937
7938
7939
7944
9826
10158
10419
10423
10434
10435
10438
10442
10546
10549
10552
10553
10557
10559
10562
