188
333
667
1262
1578
2270
2656
2674
2675
2677
2678
2679
2680
2684
2689
2799
2801
2802
2803
2804
2806
2808
2811
2815
2817
2819
2820
2864
2895
2914
2916
2919
2924
2926
2930
2931
2932
2934
2936
2939
2942
2945
2946
2947
2949
2950
2994
3036
3037
3042
3045
3048
3049
3050
3051
3052
3053
3054
3055
3060
3061
3064
3069
3070
3072
3073
3161
3162
3164
3165
3166
3168
3169
3170
3172
3173
3174
3176
3188
3189
3190
3191
3192
3193
3194
3195
3197
3198
3201
3242
3284
3286
3288
3289
3291
3296
3297
3299
3301
3302
3304
3305
3310
3312
3313
3314
3316
3320
3322
3324
3325
3326
3416
3417
3423
3426
3427
3434
3440
3442
3444
3445
3446
3452
3542
3544
3545
3548
3557
3559
3566
3575
3610
3620
3674
3678
3679
3683
3684
3685
3687
3689
3693
3696
3697
3799
3805
3812
3813
3814
