182
184
502
538
1633
2920
2929
2933
2936
2940
2941
3037
3038
3040
3041
3044
3046
3050
3051
3053
3056
3058
3059
3060
3061
3062
3064
3068
3069
3073
3161
3170
3171
3172
3173
3182
3183
3186
3188
3190
3192
3193
3195
3197
3200
3202
3284
3285
3287
3289
3295
3296
3297
3298
3300
3301
3304
3305
3306
3308
3310
3313
3315
3322
3325
3327
3328
3413
3415
3426
3428
3431
3432
3433
3435
3437
3438
3442
3444
3447
3450
3546
3548
3549
3550
3551
3552
3553
3554
3555
3560
3562
3563
3566
3567
3569
3676
3677
3681
3682
3684
3920
4228
4397
6383
7765
8214
8500
8545
8546
8547
8548
8552
8558
8563
8564
8671
8676
8678
8682
8683
8684
8691
8792
8798
8799
8801
8802
8809
8811
8815
8820
8923
8924
8926
8927
8928
8930
8932
8933
8934
8941
8942
8943
8945
8947
9038
9039
9041
9044
9045
9049
9050
9053
9054
9055
9056
9061
9063
9064
9066
9167
9168
9170
9171
9173
9174
9175
9177
9181
9183
9185
9186
9189
9190
9191
9192
9194
9195
9198
9199
9286
9288
9290
9292
9294
9295
9297
9303
9305
9308
9309
9311
9313
9318
9320
9321
9325
9415
9417
9418
9420
9422
9424
9425
9429
9431
9432
9434
9439
9440
9443
9444
9447
9451
9536
9539
9540
9543
9544
9547
9549
9550
9552
9553
9554
9556
9557
9559
9562
9563
9564
9567
9571
9572
9574
9576
9660
9664
9666
9667
9668
9670
9671
9673
9675
9676
9677
9678
9681
9684
9686
9687
9690
9692
9694
9698
9701
9764
9786
9787
9788
9790
9791
9794
9795
9804
9807
9808
9811
9816
9817
9820
9822
9825
9912
9921
9923
9925
9927
9928
9930
9931
9937
9938
9939
9942
9944
10046
10049
10050
10052
10054
10056
10058
10059
10060
10061
10062
10063
10269
10894
11545
11698
11728
12016
12102
