417
421
431
439
447
451
536
537
538
542
547
550
553
558
559
560
564
566
568
570
573
575
578
660
664
672
673
677
679
684
685
688
689
690
693
694
695
697
793
798
801
805
807
810
818
819
820
927
929
930
932
933
1236
2413
2627
4660
5538
5931
5932
5936
5937
5940
6044
6050
6051
6052
6061
6062
6068
6069
6070
6130
6160
6162
6163
6164
6165
6166
6168
6169
6171
6172
6173
6177
6178
6179
6182
6184
6185
6187
6194
6195
6200
6201
6292
6293
6295
6298
6300
6301
6302
6303
6304
6309
6310
6316
6317
6320
6483
6621
8741
10054
10056
10058
10059
11173
11429
11430
11433
11434
11436
11437
11439
11443
11527
11546
11555
