358
466
693
938
1028
1152
1590
1803
1972
2068
3068
4039
4080
4187
4190
4191
4194
4196
4199
4200
4201
4203
4207
4210
4215
4307
4312
4315
4318
4319
4320
4325
4327
4329
4338
4430
4433
4434
4435
4436
4440
4441
4443
4444
4445
4447
4452
4456
4460
4462
4463
4468
4552
4553
4554
4556
4557
4561
4562
4563
4564
4569
4570
4571
4574
4575
4581
4582
4584
4590
4593
4595
4680
4683
4688
4690
4699
4703
4706
4715
4802
4805
4807
4808
4810
4814
4816
4817
4821
4822
4827
4828
4835
4836
4837
4839
4840
4841
4846
4927
4930
4933
4934
4935
4936
4937
4942
4943
4944
4945
4947
4952
4953
4955
4956
4957
4960
4962
4967
4968
5041
5055
5056
5057
5059
5060
5062
5064
5066
5070
5077
5079
5082
5087
5088
5090
5092
5178
5179
5182
5188
5191
5196
5197
5198
5200
5202
5203
5204
5207
5208
5209
5213
5215
5303
5307
5310
5312
5313
5315
5320
5322
5324
5325
5327
5328
5331
5332
5337
5338
5340
5341
5342
5344
5429
5431
5436
5438
5439
5441
5445
5446
5448
5449
5450
5451
5456
5457
5461
5462
5467
5469
5517
5554
5557
5558
5559
5568
5569
5572
5573
5575
5576
5578
5579
5583
5588
5592
5593
5907
6444
6955
7325
9946
9955
10330
10933
11058
11577
11691
11811
