1120
1260
1312
1334
1382
1390
1404
1563
1681
1795
1797
1801
1810
1813
1816
2150
2464
2563
2848
2940
2941
2944
2971
3041
3045
3046
3049
3051
3055
3056
3058
3061
3062
3064
3067
3073
3162
3166
3172
3177
3178
3181
3185
3186
3189
3191
3193
3197
3198
3200
3287
3289
3295
3305
3308
3309
3313
3316
3317
3319
3322
3323
3326
3412
3414
3418
3422
3426
3431
3438
3439
3440
3443
3457
3666
3705
3844
4097
4478
4925
4927
4928
4931
4933
4935
4937
4940
4941
4944
4945
4946
4989
5038
5040
5042
5044
5048
5049
5051
5052
5056
5058
5063
5069
5073
5074
5091
5102
5169
5172
5181
5182
5184
5186
5188
5190
5193
5199
5200
5286
5288
5297
5298
5299
5302
5303
5304
5306
5308
5309
5310
5313
5314
5315
5317
5319
5320
5324
5414
5415
5421
5422
5423
5430
5434
5436
5437
5438
5444
5445
5446
5450
5451
5536
5539
5540
5542
5544
5545
5549
5553
5555
5557
5558
5559
5560
5561
5563
5564
5566
5567
5568
5571
5574
5577
5663
5664
5669
5671
5672
5674
5675
5676
5680
5682
5688
5689
5693
5697
5699
5777
5790
5794
5795
5796
5798
5800
5801
5803
5806
5807
5808
5813
5816
5823
