1988
2191
2301
2438
4058
4181
4188
4191
4193
4197
4199
4207
4208
4211
4216
4306
4309
4311
4317
4318
4320
4321
4324
4326
4329
4331
4334
4335
4337
4340
4341
4342
4428
4431
4432
4437
4439
4441
4443
4444
4445
4446
4447
4451
4455
4460
4464
4465
4466
4467
4468
4553
4556
4557
4560
4561
4562
4564
4565
4568
4571
4573
4574
4575
4577
4580
4582
4583
4584
4593
4597
4676
4677
4679
4683
4686
4688
4689
4691
4697
4700
4702
4703
4707
4708
4709
4710
4711
4712
4716
4719
4804
4805
4806
4807
4809
4812
4815
4819
4820
4822
4823
4826
4827
4832
4833
4835
4836
4837
4838
4841
4843
4846
4929
4930
4931
4933
4934
4937
4940
4941
4942
4943
4944
4949
4952
4953
4956
4960
4962
4968
5053
5054
5055
5064
5065
5067
5068
5070
5074
5076
5085
5087
5088
5089
5091
5092
5179
5182
5183
5184
5185
5186
5188
5191
5192
5199
5200
5203
5205
5211
5212
5214
5307
5311
5312
5313
5315
5316
5318
5320
5322
5333
5340
5401
5429
5433
5437
5438
5440
5443
5444
5445
5446
5447
5452
5454
5457
5459
5460
5462
5468
5469
5560
5563
5568
5574
5576
5579
5581
5583
5586
5588
5593
5687
7323
9679
9698
9758
9809
9818
9833
10575
10665
10708
10817
