465
1244
2028
2225
2430
2655
2943
4102
4190
4191
4196
4202
4207
4211
4212
4307
4309
4314
4315
4318
4321
4325
4329
4331
4332
4340
4438
4439
4442
4446
4448
4451
4452
4458
4459
4460
4464
4465
4468
4552
4553
4557
4559
4560
4561
4564
4567
4568
4569
4570
4571
4573
4575
4577
4579
4585
4589
4592
4594
4677
4683
4684
4687
4689
4692
4698
4702
4703
4706
4707
4709
4711
4717
4720
4766
4801
4803
4804
4805
4806
4808
4813
4815
4816
4817
4820
4821
4822
4823
4824
4827
4828
4832
4836
4837
4838
4839
4841
4842
4846
4929
4930
4933
4936
4939
4940
4941
4942
4943
4947
4951
4954
4955
4957
4959
4960
4965
4967
4970
5058
5062
5066
5067
5068
5069
5070
5073
5079
5085
5087
5088
5090
5091
5177
5178
5179
5183
5184
5191
5192
5194
5196
5197
5198
5203
5207
5208
5209
5213
5214
5307
5308
5316
5318
5319
5320
5321
5325
5326
5331
5332
5333
5335
5336
5337
5338
5339
5340
5431
5437
5438
5440
5441
5447
5448
5450
5452
5454
5457
5461
5462
5467
5469
5557
5562
5564
5566
5568
5570
5573
5576
5579
5585
5588
5700
5706
5823
5833
6567
6940
6974
7053
7534
7955
8068
8113
8771
9460
9695
9831
10319
10430
10604
10654
10785
10806
11206
11383
11438
11564
