85
183
196
409
510
555
557
561
563
580
640
670
671
685
687
689
690
691
692
802
807
810
811
818
905
919
920
921
923
925
926
932
933
936
937
939
941
1054
1057
1058
1088
1423
1687
2074
2459
2643
2672
2673
2674
2679
2681
2682
2683
2685
2686
2791
2792
2793
2794
2797
2800
2801
2804
2805
2806
2809
2810
2813
2817
2819
2821
2913
2914
2917
2920
2923
2924
2926
2928
2929
2930
2932
2938
2939
2943
2945
2948
2949
3038
3043
3052
3055
3056
3058
3059
3061
3062
3066
3067
3068
3069
3070
3071
3074
3075
3113
3162
3163
3164
3171
3173
3174
3177
3178
3180
3181
3185
3186
3188
3189
3190
3193
3197
3203
3204
3250
3287
3288
3291
3292
3293
3296
3302
3304
3305
3307
3308
3310
3311
3313
3314
3317
3320
3323
3329
3374
3392
3409
3410
3413
3416
3417
3419
3423
3436
3450
3452
3537
3539
3541
3542
3543
3544
3547
3550
3551
3553
3554
3555
3559
3561
3562
3563
3565
3566
3568
3571
3572
3574
3599
3665
3668
3673
3674
3677
3680
3685
3687
3688
3689
3695
3697
3699
3747
3796
3800
3802
3812
3814
3817
