583
684
687
1944
3318
4065
4183
4185
4186
4189
4195
4196
4197
4200
4202
4204
4206
4207
4209
4212
4220
4308
4311
4318
4319
4321
4324
4327
4331
4335
4336
4337
4340
4341
4428
4430
4437
4438
4441
4442
4446
4449
4450
4452
4453
4456
4460
4461
4463
4468
4552
4559
4561
4562
4566
4568
4571
4573
4574
4576
4577
4578
4579
4580
4584
4588
4594
4666
4681
4682
4683
4686
4687
4689
4690
4692
4693
4696
4698
4703
4709
4710
4711
4717
4718
4719
4720
4802
4805
4808
4810
4812
4815
4816
4819
4820
4821
4822
4823
4825
4827
4828
4829
4830
4832
4837
4838
4839
4840
4841
4930
4933
4941
4942
4943
4946
4949
4950
4952
4955
4957
4960
4962
4963
4968
4969
5055
5056
5059
5061
5065
5067
5068
5069
5070
5071
5074
5075
5076
5077
5079
5085
5087
5089
5092
5095
5177
5178
5179
5183
5186
5190
5191
5193
5195
5200
5202
5207
5209
5212
5217
5291
5305
5306
5307
5308
5310
5311
5312
5316
5318
5320
5321
5324
5327
5329
5333
5336
5337
5339
5429
5431
5433
5434
5436
5440
5444
5445
5446
5454
5460
5461
5462
5466
5560
5565
5568
5569
5573
5576
5579
5581
5582
5583
5584
5588
5589
5692
5702
5706
6449
8101
9369
10213
10328
10431
11066
11454
11470
11998
