574
944
950
1945
2439
2570
4443
4578
4813
4818
4822
4823
4825
4830
4840
4930
4935
4944
4949
4952
4957
4959
4965
4966
4969
5052
5053
5056
5057
5059
5063
5064
5065
5066
5068
5069
5070
5073
5074
5076
5077
5079
5082
5085
5086
5090
5092
5095
5177
5179
5182
5185
5186
5188
5189
5190
5191
5193
5194
5195
5198
5200
5213
5215
5216
5218
5307
5308
5316
5320
5321
5322
5324
5325
5327
5330
5331
5332
5336
5338
5345
5427
5428
5434
5436
5437
5438
5439
5441
5443
5444
5451
5453
5456
5457
5458
5459
5460
5461
5463
5464
5468
5471
5553
5559
5564
5565
5568
5569
5572
5573
5575
5577
5578
5581
5583
5587
5588
5591
5592
5594
5596
5679
5680
5681
5682
5688
5690
5692
5694
5695
5697
5702
5703
5704
5706
5707
5708
5709
5710
5715
5717
5718
5719
5720
5801
5803
5805
5807
5810
5812
5813
5815
5818
5819
5822
5823
5827
5830
5832
5834
5835
5836
5838
5840
5841
5936
5938
5939
5940
5942
5943
5945
5947
6059
6124
6562
7210
8498
10075
10201
10333
10677
10759
10834
11050
11210
11869
12213
