1758
3590
3993
4685
4699
4807
4813
4814
4816
4817
4818
4821
4823
4825
4829
4832
4837
4838
4932
4934
4936
4940
4945
4948
4949
4951
4953
4954
4957
4958
4959
4963
4964
4970
5051
5052
5055
5056
5061
5064
5065
5067
5068
5070
5072
5075
5076
5079
5080
5082
5084
5086
5087
5091
5093
5176
5177
5185
5187
5188
5189
5193
5195
5197
5199
5200
5201
5207
5209
5220
5303
5307
5308
5311
5319
5325
5327
5328
5331
5332
5333
5335
5336
5337
5338
5344
5345
5346
5427
5429
5434
5436
5437
5444
5445
5450
5451
5454
5463
5466
5467
5468
5470
5471
5552
5553
5555
5556
5559
5564
5565
5566
5567
5569
5578
5581
5582
5583
5593
5595
5596
5677
5679
5681
5685
5688
5690
5692
5694
5700
5701
5702
5703
5704
5705
5706
5707
5709
5711
5713
5714
5715
5716
5718
5720
5721
5803
5804
5806
5811
5815
5819
5820
5822
5824
5834
5835
5839
5843
5930
5931
5938
5941
5943
5944
5945
5946
5948
6086
6496
6577
6717
6841
7126
7218
7325
10451
10467
10690
11060
11078
11154
11319
11592
11946
