552
577
1214
1606
2071
2705
3035
3196
4431
4438
4575
4687
4697
4812
4813
4817
4819
4820
4821
4823
4829
4831
4832
4834
4843
4931
4940
4942
4944
4945
4946
4947
4948
4949
4951
4954
4956
4957
4958
4961
4963
4966
5052
5057
5059
5062
5064
5065
5066
5070
5077
5079
5080
5082
5087
5092
5179
5181
5182
5183
5184
5185
5186
5189
5193
5197
5198
5200
5204
5205
5207
5208
5211
5214
5220
5302
5303
5305
5309
5310
5311
5312
5314
5315
5316
5318
5319
5323
5325
5326
5328
5329
5330
5333
5334
5337
5343
5345
5426
5436
5438
5441
5445
5448
5450
5451
5453
5454
5459
5460
5463
5464
5466
5468
5470
5551
5552
5553
5554
5556
5562
5565
5566
5567
5569
5572
5573
5574
5577
5578
5579
5582
5583
5585
5590
5591
5593
5594
5676
5677
5681
5684
5689
5690
5692
5701
5703
5705
5706
5707
5709
5710
5718
5721
5807
5810
5811
5816
5822
5823
5824
5825
5826
5832
5835
5838
5842
5931
5934
5935
5939
5940
5943
5945
5947
5948
6066
7612
8824
9367
9945
10435
10697
10946
10960
10993
11779
11933
