9
40
61
165
215
852
1179
1181
1188
1227
1292
1293
1295
1299
1300
1301
1304
1305
1306
1307
1308
1309
1312
1313
1319
1322
1414
1415
1416
1420
1421
1424
1425
1427
1429
1430
1431
1432
1433
1434
1436
1438
1440
1442
1445
1447
1449
1450
1535
1538
1550
1551
1553
1554
1555
1557
1560
1563
1564
1569
1570
1574
1575
1576
1578
1662
1663
1664
1668
1669
1670
1672
1675
1676
1677
1683
1684
1685
1687
1693
1694
1698
1700
1727
1791
1793
1796
1803
1804
1806
1809
1811
1812
1814
1816
1819
1820
2103
2152
2194
2501
3171
3173
3180
3181
3189
3192
3195
3196
3197
3252
3290
3291
3293
3296
3298
3300
3305
3306
3310
3312
3315
3322
3391
3417
3421
3422
3424
3426
3431
3432
3435
3436
3439
3442
3446
3447
3452
3537
3540
3542
3543
3544
3545
3546
3549
3550
3551
3552
3554
3558
3560
3562
3563
3566
3575
3663
3664
3668
3670
3671
3674
3676
3680
3681
3683
3686
3689
3690
3691
3692
3696
3699
3785
3788
3793
3797
3798
3801
3802
3805
3809
3810
3818
3819
3820
3822
3823
3915
3918
3920
3921
3922
3927
3934
3939
4055
4611
4627
4809
4962
5037
5363
5569
5876
6178
6179
6181
6183
6186
6188
6194
6197
6198
6288
6289
6291
6292
6293
6295
6296
6297
6301
6303
6308
6309
6312
6314
6315
6318
6319
6321
6324
6326
6328
6415
6416
6417
6421
6422
6428
6429
6434
6445
6447
6449
6548
6550
6551
6554
6561
6566
6568
6591
6682
6685
7545
7796
7798
7802
7808
7812
7814
7818
7819
7921
7922
7926
7927
7929
7930
7933
7936
7939
7940
7941
7943
7946
7949
7950
7951
8036
8040
8043
8045
8046
8048
8050
8052
8053
8055
8056
8061
8062
8066
8067
8068
8069
8073
8163
8164
8166
8167
8168
8173
8176
8177
8178
8183
8184
8185
8187
8188
8190
8191
8192
8287
8290
8293
8304
8305
8306
8307
8308
8309
8310
8312
8313
8315
8319
8320
8322
8323
8326
8413
8421
8422
8423
8424
8425
8428
8429
8430
8435
8438
8439
8441
8445
8448
8540
8544
8550
8555
8557
8559
8561
8562
8564
8568
8570
8572
8573
8665
8672
8674
8675
8676
8679
8680
8681
8682
8684
8686
8687
8688
8758
8793
8796
8797
8798
8802
8806
8808
8809
8811
8812
8814
8817
8818
8819
8923
8924
8927
8928
8929
8930
8936
8942
9048
9052
9056
9061
9064
9373
9772
10715
10924
10926
10928
10929
10931
10933
10934
10935
10938
10941
10980
11039
11043
11045
11048
11050
11051
11054
11055
11057
11059
11064
11066
11067
11071
11072
11163
11169
11174
11176
11177
11179
11180
11181
11183
11190
11192
11193
11195
11197
11293
11294
11295
11297
11300
11302
11310
11311
11312
11313
