41
244
416
420
421
423
426
431
436
439
440
441
443
446
449
539
540
541
542
543
547
550
551
553
558
559
560
561
562
566
568
569
575
576
666
676
677
678
679
680
681
682
683
684
686
691
692
693
694
791
793
794
795
797
798
801
808
809
815
818
821
922
924
930
932
933
1078
1124
1346
2045
2046
2047
2055
2056
2059
2061
2062
2068
2162
2165
2168
2174
2179
2186
2188
2190
2192
2193
2198
2218
2285
2290
2293
2295
2296
2299
2300
2301
2304
2305
2307
2308
2314
2316
2318
2319
2323
2325
2328
2410
2411
2413
2415
2422
2424
2426
2428
2429
2431
2432
2435
2436
2437
2441
2444
2445
2446
2449
2451
2452
2536
2538
2541
2542
2543
2549
2550
2552
2554
2555
2558
2560
2564
2565
2568
2573
2575
2663
2669
2671
2672
2673
2675
2676
2677
2678
2679
2683
2687
2691
3258
4092
4422
4423
4425
4429
4432
4437
4544
4546
4547
4548
4550
4553
4554
4558
4560
4561
4564
4566
4570
4669
4671
4674
4676
4680
4681
4682
4683
4687
4688
4690
4695
4696
4790
4791
4795
4802
4803
4806
4808
4809
4813
4815
4816
4821
4824
4912
4916
4917
4918
4919
4920
4921
4924
4926
4927
4928
4930
4932
4934
4935
4937
4940
4941
4946
4947
4948
4952
4991
5036
5037
5038
5040
5043
5044
5048
5054
5059
5063
5064
5065
5067
5105
5164
5168
5169
5171
5172
5175
5176
5177
5178
5179
5181
5184
5186
5191
5192
5194
5196
5200
5289
5294
5299
5304
5305
5307
5308
5309
5310
5311
5312
5313
5315
5317
5318
5321
5411
5412
5413
5417
5418
5420
5421
5427
5428
5433
5435
5437
5446
5449
5537
5538
5540
5541
5542
5545
5546
5547
5550
5553
5555
5556
5559
5560
5573
5574
5669
5670
5681
5683
5685
5693
5698
5751
5793
5798
5801
5807
5810
5813
5814
5817
6276
6306
6315
6740
6931
6981
7012
7042
7049
7052
7058
7060
7061
7066
7069
7163
7165
7166
7172
7176
7181
7186
7188
7191
7194
7199
7200
7225
7287
7289
7290
7292
7293
7294
7295
7296
7298
7299
7300
7302
7307
7309
7313
7317
7571
7580
7689
7731
8082
8335
8386
8489
9682
9814
9989
10050
10052
10056
10059
10064
10065
10066
10169
10176
10178
10180
10181
10183
10187
10188
10192
10193
10196
10197
10293
10294
10295
10297
10299
10300
10302
10303
10304
10308
10313
10421
10429
10433
10437
10441
10444
10615
10694
10873
11386
11798
11801
11804
11806
11807
11812
11813
11923
11926
11927
11929
11932
11934
11937
11939
11941
12029
12050
12051
12057
12062
