     349.3
     507.6
     917.8
    1132.0
    1174.7
    1196.6
    1642.3
    1731.2
    2395.7
    2467.7
    2629.6
    2651.8
    2719.6
    2744.5
    3035.4
    3525.6
    4007.0
    4186.1
    4590.3
    4591.3
    4907.3
    4927.7
    5252.6
    5286.5
    5670.2
    5925.6
    6211.2
    6551.2
    6588.8
    6645.6
    6810.0
    7103.0
    7184.5
    7239.2
    7407.8
    7625.3
    7672.6
    7737.9
    7920.9
    8167.2
    8221.4
    8327.0
    8335.6
    8361.4
    8593.7
    8660.4
    9120.8
    9278.0
   10138.1
   10151.6
   10605.1
   11015.6
   11371.8
   11412.5
   11469.8
   12101.9
   12244.2
   12306.1
   12428.5
   12740.6
   13009.1
   13294.8
   13458.6
   13628.5
   14197.7
   14293.1
   14533.4
   14593.7
   14714.6
   15159.8
   15724.8
   15835.6
   15866.7
   15928.3
   16263.0
   16413.8
   16680.0
   16802.6
   16943.4
   17024.0
   17550.6
   17636.0
   17716.2
   17753.2
   17799.5
   17972.3
   18657.4
   19042.2
   19109.7
   19277.6
   19482.3
   19503.4
   19680.9
   19724.8
   19819.2
   19899.9
   19908.4
   19949.3
   19973.8
   20137.9
   20402.6
   20854.8
   20886.0
   21351.3
   21367.5
   21526.2
   21968.6
   22234.2
   22286.6
   22644.4
   22845.9
