     439.4
     491.2
     641.4
     643.1
     650.8
     820.0
     880.6
     935.0
    1053.5
    1140.5
    1383.2
    1668.4
    2545.0
    2569.1
    3101.7
    4033.4
    4117.7
    4714.3
    4868.5
    5069.8
    5081.0
    5231.5
    5265.0
    5408.9
    5497.2
    5870.6
    6239.5
    6369.6
    6487.4
    6797.8
    6840.7
    6979.9
    7042.8
    7195.5
    7576.2
    7802.7
    7804.4
    7862.7
    8121.1
    8262.4
    8269.4
    8734.2
    9017.0
    9048.7
    9321.4
    9596.0
    9903.3
   10222.3
   10367.8
   10596.4
   10656.6
   11006.4
   11061.6
   11183.8
   11208.7
   12288.5
   12378.7
   12532.2
   12574.1
   12706.0
   12930.0
   12968.1
   13400.8
   13496.1
   13754.8
   14123.5
   14149.1
   14164.9
   14562.7
   14586.1
   14587.7
   14727.0
   14759.9
   14799.4
   15126.9
   15172.7
   15256.0
   15486.9
   15502.4
   15911.7
   16525.5
   16848.6
   16893.6
   16922.6
   16993.8
   17025.9
   17185.9
   17485.6
   17572.7
   17689.5
   18013.7
   18373.6
   19057.2
   19136.2
   19152.6
   19225.5
   19976.7
   20050.6
   20230.6
   20414.9
   20671.4
   20880.3
   20944.3
   21165.7
   21257.3
   21339.7
   21354.0
   21431.6
   21508.2
   21567.2
   22030.4
   22056.7
   22499.5
   22501.4
   22599.5
   22925.7
