      80.0
     180.9
     281.7
     569.6
     902.8
    1254.9
    1413.2
    1942.9
    2072.5
    2130.5
    2181.5
    2337.8
    2367.0
    2447.2
    2701.4
    3048.0
    3154.2
    3454.8
    3477.1
    3677.4
    3898.5
    3915.8
    3962.1
    4051.9
    4308.5
    4518.0
    4713.2
    4884.8
    4931.2
    4969.1
    5042.4
    6096.8
    6198.1
    6325.1
    6514.2
    6642.2
    6706.2
    6752.6
    6773.3
    6845.8
    7085.6
    7124.3
    7178.7
    7737.0
    7867.0
    8047.3
    8665.7
    8921.3
    9238.4
    9720.3
   10189.5
   10528.5
   10880.0
   11228.6
   11425.8
   11537.1
   11763.4
   12361.3
   12384.2
   12568.5
   12814.4
   12918.7
   12984.5
   13039.7
   13220.8
   13230.3
   13308.6
   13537.5
   13554.1
   13759.4
   14083.0
   14083.6
   14282.0
   14638.7
   14881.2
   15272.5
   15599.3
   16046.8
   16115.5
   16200.6
   16470.3
   16679.6
   16772.1
   17274.8
   17352.2
   17432.7
   17831.5
   18219.1
   18287.1
   18402.4
   18623.7
   18691.3
   18908.0
   19051.2
   19574.3
   19735.3
   19735.8
   20315.5
   20357.1
   20453.7
   20521.8
   20595.2
   21005.0
   21230.2
   21273.3
   21487.3
   21544.1
   21654.9
   21730.8
   21908.3
   21957.8
   22010.8
   22121.7
   22645.9
   22732.3
