     417.5
     675.6
    1072.0
    1254.1
    1290.2
    1334.2
    1756.9
    1811.9
    1824.5
    2341.2
    3234.6
    3736.5
    3857.5
    4239.8
    4252.9
    4461.5
    4505.0
    4560.2
    4739.1
    4880.7
    5032.6
    5468.2
    5697.8
    5708.6
    5714.5
    5954.5
    6384.7
    6664.8
    6999.5
    7106.5
    7159.5
    7349.4
    7454.1
    7534.1
    7640.0
    7784.1
    7982.5
    8199.2
    8240.0
    8553.4
    8682.8
    8734.3
    8880.6
    9040.6
    9305.5
    9398.4
   10266.6
   10400.6
   10441.3
   10768.7
   11358.8
   11511.3
   12105.9
   12301.5
   12409.4
   12912.1
   12942.8
   13098.1
   13521.4
   13594.2
   13821.1
   13880.0
   13935.4
   13996.7
   14030.3
   14559.6
   15074.5
   15340.9
   15392.0
   15408.1
   15433.4
   16374.8
   16519.3
   16675.6
   16879.3
   17836.4
   18098.0
   18127.6
   18538.9
   18570.5
   18784.5
   19079.9
   19244.5
   19589.6
   19652.1
   19834.0
   19975.8
   20145.3
   20480.3
   20542.3
   20712.8
   20789.3
   21271.6
   21311.2
   21545.6
   21831.1
   22002.0
   22054.4
   22102.0
   22117.6
   22329.8
   22330.9
   22468.0
   22735.3
   22956.3
