      22.4
     195.5
     362.9
     501.5
     564.2
     658.4
     728.6
     786.2
     972.8
    1801.6
    1865.4
    2080.7
    2571.6
    2613.1
    2902.4
    3434.6
    3627.8
    3660.9
    3770.6
    4299.6
    4627.3
    4645.8
    5016.0
    5460.4
    5875.5
    6070.1
    6296.2
    6600.7
    6610.3
    6718.0
    6949.1
    7180.1
    7258.6
    7336.8
    7422.4
    7840.1
    8388.6
    8535.0
    8635.3
    9061.3
    9104.9
    9482.1
   10148.9
   10153.6
   10191.7
   10379.5
   10400.1
   10650.2
   10653.5
   10973.5
   10979.9
   11113.4
   11173.2
   12176.9
   12596.6
   12684.7
   12757.3
   12806.6
   12821.4
   13196.2
   13235.0
   13252.0
   13409.7
   13941.9
   14127.7
   14302.2
   15323.1
   15474.1
   15511.9
   15739.0
   15832.4
   15881.3
   15909.0
   15950.3
   16039.2
   16525.7
   16965.2
   17236.2
   17385.8
   17515.6
   18214.5
   18325.3
   19021.4
   19095.9
   19357.0
   20304.0
   21296.3
   21612.8
   21628.1
   22119.0
   22252.6
   22385.4
   22640.8
   22646.7
   22660.2
   22714.3
   22904.5
