      31.0
     203.1
     256.2
     446.3
     716.6
    1037.7
    1398.9
    1443.9
    2079.4
    2323.8
    2552.7
    2860.9
    3148.2
    3528.9
    3820.9
    4424.7
    4599.5
    4851.1
    5268.1
    5303.3
    5513.1
    5777.1
    5796.8
    5900.3
    5970.4
    6528.7
    7250.5
    7357.2
    7455.3
    7468.6
    7587.9
    7598.3
    7754.8
    7853.7
    8007.7
    8169.4
    8315.3
    8615.2
    8940.6
    9680.0
   10153.0
   10378.1
   10907.0
   11154.6
   11164.4
   11373.1
   11489.3
   12165.8
   12858.3
   12864.4
   13041.6
   13058.6
   13071.3
   13140.1
   13404.5
   13653.5
   13925.6
   13983.5
   14683.0
   14705.6
   14969.5
   14970.5
   15100.2
   15184.1
   15206.1
   15231.6
   15658.5
   16113.6
   16515.0
   17140.4
   17490.1
   18216.0
   18341.4
   18574.0
   18640.6
   18659.0
   18793.7
   18891.9
   19100.7
   19224.7
   19273.9
   19376.9
   19829.7
   20158.7
   20167.1
   20299.9
   20356.6
   20475.0
   20654.4
   21070.7
   21927.5
   22712.3
   22857.4
