     452.5
     534.8
     969.1
    1004.7
    1031.6
    1060.8
    1366.1
    1557.4
    1887.4
    2099.3
    2113.9
    2742.2
    2796.6
    3028.8
    3141.2
    3195.1
    3380.3
    3419.6
    3420.1
    3458.1
    3664.9
    4026.7
    4134.7
    4360.5
    4362.3
    4527.7
    4609.8
    4825.4
    4881.7
    4927.9
    5472.2
    5695.8
    5790.8
    6202.9
    6242.3
    6570.1
    6664.3
    6769.5
    6807.5
    6954.7
    7153.9
    7202.8
    7434.8
    7649.2
    7766.7
    7904.3
    8088.0
    8120.1
    8131.0
    8149.8
    8252.6
    8765.7
    9110.5
    9115.9
    9184.1
    9514.6
    9540.0
    9941.8
   10161.4
   10267.0
   10316.4
   10434.5
   10863.2
   10921.6
   11054.7
   11344.6
   11521.8
   11795.8
   11946.0
   12147.6
   12350.4
   12376.5
   12394.5
   12586.1
   12624.7
   12699.4
   12703.3
   12778.0
   13233.5
   13234.8
   13789.3
   14135.2
   14172.9
   14435.5
   14671.5
   14739.3
   14826.9
   14887.7
   15087.1
   15668.0
   15943.3
   16526.9
   16760.5
   16966.0
   17169.5
   17183.3
   17349.7
   17461.2
   17562.6
   17822.1
   17879.5
   18354.9
   18533.0
   18538.2
   18560.6
   18723.6
   19301.7
   19354.8
   19781.4
   19879.8
   20575.3
   20687.9
   20941.2
   21074.3
   21123.0
   21337.0
   21403.0
   21471.7
   21666.4
   22788.4
   22890.2
