     439.6
     476.9
     859.9
    1242.3
    1311.8
    1376.1
    1534.1
    1780.8
    1960.9
    2252.4
    2355.6
    2380.2
    2444.1
    2872.8
    2893.6
    2958.6
    3059.8
    3222.6
    3648.3
    3924.8
    4381.8
    4435.4
    4505.8
    4552.8
    4633.5
    4752.4
    5126.4
    5302.3
    5380.3
    5524.1
    5681.6
    5697.9
    5939.8
    6710.2
    6954.8
    7241.9
    7884.7
    8091.3
    8333.2
    8458.4
    8575.1
    8716.9
    9148.0
    9277.7
    9562.3
    9829.3
   10187.8
   10680.6
   10716.1
   10759.0
   10864.1
   10943.0
   11081.5
   11233.1
   11466.1
   11480.6
   11800.2
   11927.3
   11963.6
   12036.6
   12053.6
   12127.6
   12642.7
   12709.5
   12822.4
   13583.5
   13769.8
   14051.0
   14079.6
   14190.5
   14424.6
   14467.6
   14725.2
   15328.1
   15517.2
   15587.7
   15852.3
   16137.9
   16487.3
   16653.7
   16671.8
   17046.0
   17773.3
   17816.1
   18178.5
   18856.2
   19047.1
   19665.4
   19756.1
   19776.2
   20278.4
   20283.3
   20751.8
   20807.1
   21054.7
   21469.7
   21883.2
   21895.6
   22098.0
   22423.2
   22709.2
