     198.1
     473.2
     717.1
     772.1
    1182.5
    1196.7
    1389.6
    1419.5
    1554.5
    1735.5
    2192.4
    2282.0
    2445.7
    2806.9
    3231.1
    3234.2
    3284.9
    3378.2
    4026.0
    4202.9
    4415.8
    5147.1
    5263.0
    5310.9
    6028.3
    6138.8
    6141.6
    6152.5
    6274.3
    6344.2
    6464.3
    7231.1
    7303.8
    7859.2
    7912.3
    8003.3
    8023.9
    8160.2
    8209.6
    8282.4
    8292.5
    8359.6
    8382.1
    8502.1
    8506.3
    8517.1
    8603.8
    8658.3
    8994.2
    9117.8
    9147.9
    9305.6
    9342.1
    9428.3
    9587.4
   10315.9
   10543.2
   10641.1
   10652.4
   10957.5
   11016.2
   11115.9
   11132.5
   11184.8
   11232.9
   11435.9
   11550.5
   11561.3
   11885.8
   12087.5
   12115.9
   12213.7
   12282.0
   12827.6
   12922.4
   13315.3
   13374.6
   13845.6
   13989.8
   14178.4
   14312.8
   14530.6
   14564.4
   14617.2
   14910.0
   14939.5
   14948.6
   15184.7
   15357.2
   15431.0
   15474.0
   15530.1
   15637.1
   15646.6
   15667.7
   16158.1
   16358.6
   16497.5
   16568.4
   16939.3
   17492.1
   17583.4
   17716.2
   17748.3
   17899.6
   18138.9
   18254.0
   18264.6
   18456.5
   19503.5
   20203.8
   20228.5
   20448.5
   20479.4
   20487.8
   20591.6
   20600.1
   20614.1
   20634.0
   20727.6
   20776.3
   20893.3
   21061.7
   21188.5
   21406.7
   21821.2
   21961.1
   22061.5
   22137.5
   22199.2
   22324.7
   22367.8
   22397.2
   22836.5
