     439.2
     510.3
    1282.9
    1340.4
    1436.9
    1479.0
    1525.7
    1877.2
    2241.5
    2368.7
    2537.1
    2590.7
    2797.8
    2960.8
    3000.7
    3011.4
    3017.9
    3113.1
    3681.3
    3716.3
    3808.3
    3880.6
    4111.3
    4206.9
    4445.0
    4956.4
    5104.7
    5108.9
    5144.9
    5151.9
    5192.1
    5485.6
    5596.0
    5610.3
    5818.6
    6102.4
    6196.6
    6275.8
    6298.8
    6565.4
    7082.7
    7133.9
    7372.6
    7645.2
    7835.0
    8089.6
    8389.7
    8753.7
    8879.0
    8967.9
    8987.3
    9016.5
    9107.4
    9165.9
    9219.5
    9365.7
    9478.9
    9934.6
   10002.1
   10087.8
   10286.3
   10624.5
   10644.6
   11532.5
   11695.1
   11740.5
   11811.1
   12087.6
   12314.2
   12435.6
   12857.7
   12924.2
   13206.8
   13334.2
   13412.9
   13801.9
   13822.1
   13839.8
   13927.3
   14060.9
   14077.7
   14330.1
   14392.3
   14659.2
   14674.3
   14930.0
   15155.6
   15243.8
   15512.4
   15760.5
   15777.1
   15893.2
   16076.1
   16401.2
   16469.6
   16601.3
   16602.1
   16665.0
   16738.7
   16945.9
   16999.7
   17377.5
   17550.6
   17823.8
   17939.5
   18403.6
   18862.1
   18865.7
   18873.8
   18896.5
   19358.9
   19373.0
   19517.6
   19851.7
   19919.2
   20018.5
   20115.5
   20156.3
   20293.5
   20438.6
   20542.7
   20849.7
   20906.3
   21272.0
   21274.2
   21762.4
   21824.5
   21873.4
   22037.3
   22240.9
   22620.3
   22626.5
   22886.2
