       0.0
      96.5
     216.3
     337.0
     770.7
    1019.2
    1147.4
    1394.6
    1409.9
    1580.5
    1880.3
    2325.5
    2554.8
    2862.9
    2950.6
    3225.9
    3267.1
    3272.8
    3321.8
    3401.2
    3406.6
    3636.0
    3914.6
    3929.8
    3978.9
    4149.6
    4169.0
    4260.8
    4335.5
    4543.2
    4693.0
    4888.7
    5221.0
    5452.5
    5669.8
    5824.0
    5925.6
    5930.2
    5936.2
    6479.6
    7882.8
    8014.3
    8500.3
    8542.7
    8671.8
    8767.6
    9139.6
    9245.0
    9418.4
    9505.9
    9510.5
    9538.9
    9757.3
    9865.7
    9945.0
   10032.6
   10340.7
   10432.7
   10465.2
   10525.2
   10618.2
   10687.0
   10782.3
   11292.4
   11522.9
   11555.0
   11589.7
   11722.1
   12089.6
   12285.4
   12366.7
   12438.7
   12523.2
   12620.2
   12689.8
   12708.0
   12835.3
   12849.6
   13363.2
   13417.4
   13552.1
   13639.3
   13725.7
   13749.1
   14009.4
   14142.9
   14603.8
   14865.6
   15153.4
   15338.4
   15348.1
   15503.3
   15710.5
   16122.9
   16831.8
   16917.0
   17016.4
   17071.5
   17390.8
   17574.6
   17589.7
   17950.7
   17979.5
   17981.1
   18021.5
   18183.0
   18293.0
   18460.2
   18582.5
   18805.3
   18941.3
   19085.0
   19258.7
   19324.0
   19440.7
   19725.6
   19916.6
   20098.0
   20252.3
   21006.8
   21170.5
   21380.6
   21671.7
   21852.1
   22230.3
   22522.6
   22657.3
   22733.7
