     217.8
     337.1
     679.4
     736.2
    1231.6
    1307.1
    1366.9
    1420.0
    1523.6
    1530.6
    1764.3
    2010.9
    2046.6
    2156.7
    2250.0
    2328.4
    2566.3
    2841.3
    3420.3
    3812.2
    4444.3
    4661.1
    5203.6
    5248.4
    5835.8
    5849.3
    5869.3
    6030.1
    6243.5
    6578.3
    6617.7
    6723.5
    6919.2
    7166.0
    7410.8
    7434.4
    7847.9
    8462.9
    8607.1
    8625.8
    8693.3
    8842.0
    9253.1
    9277.2
    9365.1
    9490.5
    9757.4
    9798.9
   10115.3
   10280.6
   10366.1
   10863.2
   11091.5
   11202.7
   11412.2
   12032.8
   12215.8
   12232.3
   12274.4
   12458.6
   12506.4
   12546.9
   12708.1
   12995.4
   13183.8
   13431.6
   14025.3
   14793.3
   15570.3
   15750.8
   15802.6
   15805.4
   16676.6
   16699.2
   16714.2
   16733.3
   16734.1
   16802.8
   16990.1
   17314.0
   17435.0
   17514.4
   17574.0
   17632.0
   17701.7
   17702.0
   17884.8
   17955.9
   18498.9
   18595.9
   18715.1
   18927.3
   19105.1
   19574.6
   19623.6
   20277.2
   20478.7
   20888.9
   20923.5
   21170.5
   21327.2
   21615.0
   21787.4
   21800.7
   22036.8
   22180.1
   22344.8
   22902.1
   22918.8
