    1371.9
    1543.5
    1743.3
    1944.2
    2446.0
    2497.4
    2872.5
    2886.7
    2935.0
    3198.6
    3206.3
    3382.4
    3503.9
    3641.9
    3675.8
    3846.2
    4145.5
    4402.1
    4511.6
    4694.9
    4799.3
    4812.0
    4892.4
    5640.1
    5785.2
    5806.0
    6248.9
    6319.7
    6554.7
    6583.3
    6645.9
    6923.2
    7076.7
    7140.6
    7595.7
    7649.6
    7670.4
    7678.6
    7773.5
    7880.7
    9101.5
    9126.0
    9145.5
    9176.8
    9535.0
    9719.0
    9959.7
   10039.2
   10215.0
   10274.9
   10345.9
   10556.8
   10731.7
   10745.1
   11212.4
   11623.1
   11767.8
   11940.4
   12069.9
   12094.2
   12120.2
   12709.2
   13199.8
   13290.2
   13429.0
   13681.2
   14206.4
   14313.2
   14645.2
   14654.5
   14810.1
   14834.5
   14876.7
   15159.6
   15410.7
   15436.2
   15705.0
   15711.0
   15949.4
   15975.5
   16282.5
   16439.1
   17236.6
   17549.0
   17690.5
   18035.1
   18107.0
   18872.4
   18917.8
   18942.2
   19344.4
   19671.0
   19692.5
   19838.8
   19967.9
   20181.1
   20281.2
   20309.9
   20474.8
   20502.3
   20772.2
   20800.9
   21207.0
   21304.1
   21314.8
   21990.5
   22359.2
   22547.0
   22721.0
   22804.0
