     230.5
     423.1
     594.8
     808.7
    1605.0
    1620.2
    1942.7
    2152.1
    2167.7
    2316.9
    2340.6
    2348.8
    2626.7
    2787.2
    2843.0
    2870.5
    3286.6
    3406.9
    4062.4
    4098.1
    4656.1
    4882.1
    5129.5
    5266.2
    5333.3
    5393.2
    5441.1
    5452.7
    5748.0
    6027.0
    6053.5
    6112.1
    6125.3
    6136.5
    6455.1
    6620.1
    6637.0
    6692.3
    6824.1
    7141.8
    7162.0
    7346.7
    7618.1
    8043.3
    8177.0
    8367.1
    8731.1
    8900.7
    9361.8
    9371.0
    9881.2
    9891.5
    9980.0
   10000.5
   10323.6
   10480.7
   10523.7
   10820.8
   10948.1
   11298.3
   11332.4
   11347.3
   11500.9
   11578.7
   11579.2
   11659.6
   12316.1
   12504.1
   12680.6
   12694.2
   12728.6
   12821.3
   12824.4
   13002.6
   13018.6
   13260.8
   13423.0
   13550.9
   13617.0
   13860.9
   13949.4
   14128.3
   14260.7
   14628.4
   14666.3
   15049.7
   15310.8
   15880.0
   16127.1
   16813.6
   16850.9
   17399.0
   17555.1
   17805.6
   18127.1
   18206.6
   18341.8
   18352.5
   18645.0
   18751.7
   19082.4
   19158.3
   19172.0
   19276.3
   19347.3
   19587.1
   19812.0
   19855.3
   19914.1
   20121.3
   20146.7
   20208.8
   20209.0
   20213.9
   20289.3
   20409.4
   20761.5
   20825.4
   20970.3
   21063.6
   21079.1
   21258.5
   21406.8
   21674.3
   21863.9
   21924.5
   21972.5
   22321.1
   22597.0
   22611.2
   22865.3
