      61.9
     133.3
     269.6
     350.8
     352.4
     604.9
     892.5
     905.9
    1230.0
    1274.7
    1333.1
    1549.2
    1568.7
    2583.2
    2729.9
    2804.1
    2936.6
    3018.4
    3349.5
    3357.5
    3478.1
    3782.6
    3884.9
    4451.0
    4490.4
    4542.5
    4740.5
    4752.3
    5034.3
    5082.3
    5100.1
    5791.2
    6238.0
    6414.0
    6991.2
    7018.0
    7091.0
    7092.9
    7191.3
    7213.5
    7349.3
    7598.0
    7627.4
    7674.3
    8182.1
    8245.7
    8381.8
    8431.8
    8641.7
    8651.2
    8805.9
    8827.9
    8890.2
    8971.0
    9065.1
    9123.1
    9445.1
    9508.0
   10027.9
   10031.1
   10398.9
   10646.1
   10660.9
   10702.4
   10989.3
   11024.3
   11379.6
   11795.6
   12202.5
   12331.1
   12379.5
   12644.8
   12660.6
   12747.3
   12906.7
   13028.6
   13107.5
   13214.4
   13684.4
   14258.1
   14322.7
   14450.5
   14466.6
   14654.2
   14970.2
   14980.2
   15348.3
   15593.9
   15882.3
   16051.7
   16185.7
   16287.5
   16403.6
   16570.6
   16817.1
   16898.2
   17233.9
   17366.5
   17661.3
   17694.3
   17813.2
   18343.4
   18457.3
   18523.5
   19008.9
   19059.2
   19218.6
   19374.1
   19442.5
   19935.1
   20249.0
   20477.2
   20563.2
   20594.3
   20795.9
   21998.6
   22721.2
   22968.9
