      20.4
     152.4
     650.3
     920.5
     957.2
    1177.7
    1613.4
    1817.0
    1920.0
    2332.4
    2485.3
    2611.8
    2878.9
    2893.5
    2998.5
    3377.1
    3478.3
    3538.8
    3622.2
    3709.2
    3862.7
    4111.5
    4163.3
    4279.4
    4416.5
    4421.2
    4434.1
    4490.9
    4585.8
    4679.0
    4726.0
    4953.4
    4989.5
    5020.7
    5684.7
    5821.3
    5908.7
    6049.0
    6217.7
    6552.8
    6604.8
    6859.0
    7069.3
    7327.2
    7369.2
    7401.9
    7405.2
    7422.2
    7620.0
    7756.7
    8244.5
    8401.7
    8438.7
    8560.6
    8570.6
    9436.6
    9529.6
    9891.3
   10254.8
   10487.3
   10507.4
   10610.5
   10944.8
   11164.1
   11225.0
   11386.6
   11386.9
   12264.7
   12293.3
   12680.5
   12759.9
   12780.1
   12928.4
   13052.2
   13496.2
   13522.4
   13702.7
   13736.9
   13741.9
   13916.0
   14053.5
   14593.2
   15047.7
   15315.2
   15363.5
   15501.9
   15991.1
   16140.4
   16336.2
   16340.2
   16360.8
   16416.0
   16551.6
   16998.9
   17298.9
   17798.6
   17813.7
   18026.0
   18237.3
   19020.2
   19026.4
   19073.6
   19126.9
   19172.4
   19376.8
   19406.9
   19650.0
   19775.0
   19837.5
   20098.9
   20120.3
   20139.3
   20355.0
   20762.4
   20895.4
   20901.3
   20961.0
   21034.8
   21090.4
   21539.2
   21878.0
   21992.6
   22370.3
   22626.9
   22798.3
   22844.4
