       5.6
     100.3
     150.2
     273.9
     301.3
     563.5
    1076.4
    1228.5
    1266.9
    1804.8
    2727.5
    2837.3
    3262.6
    3616.0
    3720.0
    3846.8
    4060.7
    4156.2
    4166.4
    4300.8
    4406.1
    4536.3
    4733.1
    5032.3
    5365.3
    5528.7
    5843.8
    6205.4
    6318.8
    6388.5
    6685.7
    6701.7
    7053.9
    7631.9
    8195.5
    8204.2
    8501.6
    8551.3
    8566.6
    8571.2
    8654.4
    8676.6
    8957.8
    8973.2
    9010.1
    9354.3
    9459.8
    9466.6
    9564.4
    9586.7
    9888.1
   10066.6
   11341.0
   11401.8
   11412.4
   11606.6
   11620.4
   11950.6
   12053.3
   12172.4
   12232.4
   12373.4
   12401.9
   12421.5
   12570.2
   12590.6
   12612.5
   12632.4
   13087.5
   13112.1
   13182.3
   13418.4
   13504.8
   13734.6
   14137.1
   14352.3
   14372.2
   14402.0
   14422.0
   14621.1
   14682.3
   15498.6
   16063.1
   16093.3
   16201.3
   16536.2
   16778.2
   17263.6
   17490.9
   17530.1
   17676.0
   17785.6
   17815.4
   18019.0
   18073.8
   18243.7
   18410.8
   18850.1
   18947.1
   19081.9
   19314.8
   19374.4
   19424.5
   19460.9
   19590.6
   19844.1
   19926.4
   19998.1
   20040.9
   20450.3
   20613.0
   20747.3
   20792.3
   21255.8
   21462.0
   21608.6
   21685.8
   21815.6
   21949.7
   22063.2
   22364.6
   22375.7
