     139.7
     846.1
     917.7
     932.0
    1078.7
    1504.1
    1943.4
    1997.8
    2300.5
    2475.6
    2745.7
    3631.1
    3632.7
    3805.7
    4311.7
    4454.5
    4761.4
    5125.4
    5167.8
    5173.1
    5237.2
    5500.7
    5569.6
    5615.9
    5913.5
    5955.5
    6551.9
    6558.6
    6992.2
    7064.9
    7295.3
    7455.7
    7456.3
    7472.5
    7593.2
    7726.7
    7762.7
    8038.1
    8169.7
    8202.0
    8261.7
    8342.2
    8365.2
    8987.7
    9116.8
    9378.8
    9542.1
    9559.0
   10128.5
   10140.5
   10221.7
   10438.2
   10460.8
   10972.7
   10974.2
   11123.1
   11984.4
   12201.0
   12565.7
   12876.0
   12917.0
   12991.1
   13459.9
   13500.6
   13551.8
   13622.6
   14152.7
   14356.0
   14787.3
   15399.0
   15406.5
   15523.7
   15592.2
   15748.8
   15778.0
   16488.8
   16590.4
   16743.1
   17414.5
   17423.0
   17582.1
   17679.7
   17690.4
   17724.0
   17725.5
   17764.8
   17805.8
   18269.8
   18574.1
   18662.5
   18672.8
   18796.1
   18994.9
   19153.9
   19393.0
   19770.0
   20012.1
   20364.2
   20769.1
   21021.6
   21105.0
   21139.2
   21288.7
   21644.6
   21809.6
   22434.8
   22494.8
   22760.3
   22781.7
   22783.3
   22836.3
   22948.2
