     155.2
     291.2
     337.1
     630.1
     649.9
     752.9
     821.7
    1145.5
    1507.5
    1849.5
    2045.9
    2160.0
    2176.4
    2265.6
    2613.6
    2704.8
    2787.2
    2836.8
    2969.9
    3199.2
    3554.9
    3814.5
    3898.5
    4008.9
    4060.4
    4386.7
    4392.2
    4398.0
    4446.0
    4555.3
    4571.6
    4630.7
    4734.9
    4931.7
    5235.4
    5351.3
    5469.8
    5573.1
    5633.6
    5734.9
    5972.1
    6046.0
    6093.7
    6268.8
    6369.9
    6905.8
    6994.6
    7061.0
    7421.0
    7444.1
    7615.3
    7770.2
    8019.1
    8065.7
    8128.7
    8291.9
    8348.0
    8494.5
    9013.7
    9526.3
    9586.5
    9640.9
    9884.9
   10077.7
   10470.3
   11071.7
   11250.9
   11310.4
   11363.2
   11414.5
   11800.2
   11926.5
   12286.4
   12292.2
   12311.2
   13181.2
   13517.7
   13655.3
   13685.6
   13848.9
   13923.1
   14020.3
   14124.6
   14187.7
   14286.9
   14434.5
   14614.0
   14860.0
   15066.1
   15169.4
   15174.8
   15402.4
   15484.6
   15533.1
   15611.2
   15869.5
   16079.7
   16369.2
   16476.2
   16501.9
   16653.8
   16897.2
   17086.0
   17182.2
   17289.9
   17359.1
   17540.6
   18229.4
   18474.3
   18484.8
   18854.3
   19483.0
   19541.6
   19700.0
   19704.3
   19747.4
   19876.7
   20018.7
   20336.9
   20387.5
   20905.3
   21127.9
   21449.7
   21692.8
   22264.3
   22795.6
