     225.5
     607.1
     674.9
    1182.7
    1348.4
    1568.0
    1756.5
    2222.2
    2389.4
    3291.5
    3852.6
    3891.9
    4023.9
    4189.1
    4322.3
    4354.7
    4357.4
    4495.4
    4697.1
    4968.9
    5044.4
    5152.9
    5383.2
    5543.8
    5570.4
    5863.5
    5969.8
    6573.3
    7321.1
    7525.2
    7570.4
    7922.2
    8113.0
    8270.1
    8408.5
    8504.7
    9055.7
    9286.7
    9413.2
    9475.1
    9773.1
    9806.6
    9826.5
   10053.3
   10240.5
   10442.6
   10615.9
   10645.7
   10996.0
   11355.5
   11379.2
   11450.6
   11534.2
   11857.0
   11892.4
   12131.5
   12743.8
   12847.1
   12921.6
   13226.4
   13325.7
   13333.3
   13364.3
   13497.0
   13506.5
   13571.0
   13583.9
   13605.9
   13748.3
   13835.9
   13870.6
   14001.7
   14280.2
   14403.5
   15060.7
   15128.5
   16041.0
   16429.3
   16668.9
   16808.4
   16958.7
   16966.1
   17242.2
   17294.3
   17294.4
   17926.0
   18546.2
   18591.5
   18766.0
   18890.9
   18981.1
   18993.6
   19050.8
   19188.3
   19433.2
   19436.7
   19552.7
   19807.6
   19931.9
   20026.8
   20056.9
   20258.9
   20596.5
   20644.0
   20689.5
   21161.3
   21308.4
   21687.8
   21801.6
   22155.4
   22891.6
   22910.4
