     174.2
     238.2
     517.9
     601.5
     673.6
    1012.8
    1263.5
    1444.4
    1901.3
    2144.3
    2194.7
    2329.8
    2342.9
    2665.1
    3059.6
    3189.3
    3344.8
    3596.5
    3689.9
    3738.1
    3855.4
    3911.7
    4294.3
    4334.5
    4532.5
    4799.2
    4899.4
    4945.6
    4984.2
    5199.4
    5220.0
    5371.3
    5554.9
    5600.7
    5659.4
    5732.8
    5737.2
    6296.7
    6350.3
    6394.1
    6508.6
    6545.8
    6680.5
    7177.1
    7272.2
    7329.2
    7361.0
    7363.8
    7553.1
    7639.0
    7648.4
    7716.5
    7820.8
    7921.5
    8014.2
    8079.3
    8427.1
    8818.2
    8829.7
    8871.6
    9100.7
    9312.9
   10048.8
   10221.1
   10356.1
   10506.2
   10928.2
   12327.4
   12416.9
   12431.8
   12936.7
   13319.3
   13579.3
   13656.5
   14097.6
   14290.7
   14580.8
   15481.6
   15570.2
   15635.6
   15637.2
   15716.5
   15772.2
   16771.4
   16990.3
   17186.4
   17219.1
   17246.9
   17433.7
   17942.8
   18120.5
   18404.1
   18532.8
   18856.6
   19267.6
   19358.2
   19456.7
   19487.3
   19653.9
   19901.0
   19932.0
   20391.5
   20447.3
   20610.8
   20933.6
   21356.0
   21482.6
   21508.2
   22188.4
   22443.1
   22634.1
