     189.2
     245.2
     306.1
     841.6
    1236.4
    1242.0
    1424.5
    1520.0
    1967.8
    2007.8
    2323.0
    2367.5
    3253.3
    3385.4
    3847.1
    4338.0
    4663.5
    4791.1
    4975.4
    5914.0
    6268.0
    6293.5
    6648.4
    6735.0
    6774.8
    7368.0
    7853.0
    8152.0
    8353.2
    8928.0
    9061.5
    9523.7
   10478.3
   10552.0
   10570.5
   10934.1
   11036.1
   11813.5
   11999.9
   12235.8
   12389.7
   12500.4
   13267.9
   13532.2
   13672.2
   13842.9
   14418.2
   14666.1
   14881.0
   15068.8
   15152.5
   15263.2
   15594.1
   15845.9
   15897.3
   16063.9
   16078.3
   16180.5
   16226.6
   16431.4
   16501.0
   16553.6
   16810.1
   16876.3
   16962.4
   17026.3
   17786.1
   17790.8
   18081.2
   18295.5
   18516.6
   18564.6
   18617.4
   18678.2
   18781.9
   18922.6
   19078.7
   19494.1
   19524.7
   19612.1
   19888.9
   20189.2
   20328.1
   20355.8
   20364.6
   20489.2
   20682.5
   20761.2
   20838.8
   20848.8
   20883.0
   20938.8
   20977.1
   21003.4
   21415.3
   21509.8
   21525.7
   21579.8
   21700.0
   21920.1
   21978.9
   22142.6
   22179.8
   22203.4
   22294.9
   22507.0
   22676.0
   22827.1
