      17.7
     184.5
     262.9
     454.4
     684.9
     746.6
     918.3
    1060.0
    1144.3
    1417.9
    1577.0
    1634.1
    1651.9
    1656.5
    1781.0
    1927.3
    1970.9
    2707.2
    2776.4
    3041.4
    3915.9
    4288.1
    4464.9
    4934.1
    5178.7
    5224.8
    5430.0
    5446.9
    5721.2
    5722.5
    5861.2
    6073.5
    6229.3
    6383.8
    6442.7
    6469.0
    6627.6
    6774.1
    7324.1
    7332.2
    7450.0
    7479.2
    7491.9
    7741.3
    7763.2
    8136.0
    8544.1
    8565.4
    8748.9
    8873.9
    9185.7
    9255.1
    9551.5
    9698.5
    9768.2
    9776.6
   10156.7
   10194.1
   10198.6
   10656.6
   10859.4
   10920.9
   10977.8
   11390.8
   11392.9
   11646.1
   11713.9
   11882.2
   11898.0
   12025.8
   12202.3
   12458.1
   12477.6
   12570.4
   12695.2
   12957.1
   13075.1
   13395.7
   13456.9
   13694.1
   13739.6
   14312.9
   14339.8
   14864.7
   14968.1
   14989.1
   15153.2
   15281.2
   15315.6
   15454.2
   15533.4
   15545.8
   15770.1
   15883.1
   15973.6
   16089.9
   16351.2
   16385.6
   16596.8
   16759.4
   16801.8
   16834.0
   16854.3
   16925.9
   17114.1
   17669.0
   17705.1
   17719.7
   17783.8
   18088.2
   18458.0
   18517.7
   18528.3
   18873.0
   19069.7
   19399.7
   19527.3
   19583.6
   19601.0
   20055.0
   20128.6
   20289.5
   20343.2
   20345.6
   21454.2
   21456.6
   21663.9
   21979.8
   22412.9
   22686.8
   22771.2
