      26.7
     455.2
     623.3
     771.6
     863.8
     913.8
    1108.4
    1140.4
    1212.0
    1326.3
    1711.5
    1759.0
    1831.8
    2107.6
    2118.4
    2244.3
    2276.7
    2549.9
    2888.0
    3002.9
    3125.9
    3408.1
    3802.1
    4136.0
    4284.1
    4382.4
    4568.3
    4656.0
    4706.1
    4754.3
    4989.8
    5589.6
    5949.2
    6370.7
    6863.6
    6904.8
    6926.8
    7389.6
    7391.2
    7698.8
    8111.9
    8227.0
    8236.5
    8502.3
    8601.2
    8621.6
    8644.9
    8947.7
    9016.4
    9124.2
    9304.6
    9376.2
    9413.6
    9669.2
    9795.7
    9806.2
    9931.7
    9970.6
   10232.0
   10233.2
   10297.8
   10554.1
   10664.8
   11059.5
   11272.4
   11644.7
   11964.5
   11968.6
   12233.6
   12950.7
   13011.7
   13028.8
   13034.4
   13037.1
   13141.4
   13449.6
   13536.7
   13627.6
   13656.5
   13872.9
   13932.0
   14195.2
   14201.1
   14298.3
   14357.4
   14510.1
   14521.9
   14663.5
   14813.2
   15214.7
   15370.3
   15412.0
   15491.5
   15515.8
   15665.3
   16296.1
   16795.9
   16914.2
   17013.7
   17115.4
   17244.1
   17411.6
   17985.2
   18016.0
   18061.2
   18092.1
   18513.6
   18670.3
   19085.7
   19233.5
   19510.1
   19732.0
   19733.4
   19906.9
   19971.4
   20017.4
   20097.7
   20221.9
   20355.4
   20453.2
   20743.4
   20822.8
   20837.3
   21010.2
   21058.9
   21189.2
   21292.9
   21548.2
   21763.8
   22074.7
   22160.1
   22170.9
   22257.7
   22417.4
   22820.0
