     165.0
     320.4
     448.3
     505.4
     585.5
     836.6
     993.8
    1134.1
    1458.7
    1606.1
    1769.7
    1876.4
    1928.8
    2012.9
    2560.4
    2981.9
    2985.6
    3293.0
    3558.1
    3666.4
    3733.3
    4070.4
    4142.9
    4235.2
    4375.5
    4383.0
    4456.9
    4473.5
    4513.5
    5340.7
    5710.6
    5762.7
    6150.5
    6384.2
    6510.8
    6512.8
    6786.9
    6803.1
    6879.3
    7387.9
    8597.8
    8677.0
    8833.2
    8888.3
    9033.7
    9120.5
    9123.3
    9791.5
   10979.9
   11037.0
   11093.5
   11126.0
   11134.5
   11153.2
   11316.0
   11569.3
   11612.5
   12079.8
   12108.1
   12110.6
   13040.4
   13341.1
   13416.8
   13763.6
   14117.7
   14628.3
   14768.7
   14810.2
   14928.2
   15085.0
   15247.3
   15533.1
   15593.8
   15658.6
   15756.9
   16016.6
   16244.1
   16694.6
   16802.3
   16918.8
   17099.6
   17320.2
   17346.3
   17541.4
   17802.7
   18093.5
   18202.9
   18424.0
   19073.4
   19611.9
   19736.1
   19855.4
   20188.9
   20288.2
   20470.1
   20666.9
   21053.7
   21333.7
   21574.8
   21601.9
   21826.0
   21830.1
   21837.6
   22266.1
   22468.5
   22713.1
   22842.5
   22994.0
