     104.2
     113.2
     127.9
     172.6
     431.5
     584.0
     612.5
    1021.4
    1220.7
    1439.0
    1821.5
    2233.3
    2600.5
    2607.9
    2618.1
    3047.1
    3088.5
    3508.0
    3920.1
    3998.5
    4206.4
    4304.3
    4322.7
    4535.6
    4712.5
    4782.6
    4828.1
    4992.5
    4998.2
    5182.0
    5394.9
    5641.3
    6765.0
    7107.8
    7337.3
    7350.8
    7459.2
    7542.7
    7798.6
    7940.8
    7942.6
    8130.3
    8287.4
    8973.6
    9017.0
    9654.8
    9843.6
    9933.9
    9987.7
   10246.5
   10529.1
   10556.6
   10808.2
   10942.2
   10960.2
   11151.1
   11163.5
   11416.2
   11821.7
   11826.2
   12032.5
   12304.4
   12633.3
   12971.8
   12983.5
   13071.3
   13134.4
   13269.4
   13389.8
   13493.5
   13527.4
   13887.7
   13978.8
   14004.2
   14432.2
   14493.3
   14633.1
   14657.7
   14706.9
   14935.2
   14944.3
   15341.1
   15388.3
   15440.8
   15543.2
   15690.8
   15844.6
   15866.5
   15887.9
   16236.6
   16341.8
   16509.7
   16539.0
   16963.4
   17079.1
   17446.3
   17707.0
   17763.7
   17980.2
   17980.8
   18264.8
   18417.3
   18445.5
   18526.2
   18766.1
   18991.5
   19036.3
   19238.6
   19440.1
   19450.5
   19580.3
   19592.3
   19713.6
   19966.2
   20072.1
   20263.7
   20458.8
   20829.5
   20859.7
   20898.4
   21287.9
   21745.8
   22074.7
   22082.7
   22215.3
   22903.9
   22905.1
   22969.9
