      70.7
     109.9
     185.0
     359.5
     362.2
     483.4
     588.9
     944.0
    1430.2
    1480.8
    1572.8
    1708.1
    1747.6
    2224.6
    2388.2
    2389.2
    2536.4
    2565.3
    2960.5
    3117.3
    3598.9
    3827.4
    3970.6
    3982.1
    4230.7
    4491.2
    4610.7
    4974.7
    5193.3
    5230.6
    5260.4
    5303.4
    5318.3
    5474.4
    5639.8
    5929.0
    5990.5
    6203.9
    6641.3
    6939.6
    6952.2
    6985.5
    7590.2
    7618.5
    7675.6
    8014.5
    8095.2
    8335.1
    8559.7
    8749.9
    8952.5
    9202.8
    9361.6
    9411.9
    9591.3
    9915.5
   10417.8
   10629.8
   10659.0
   10761.1
   10995.1
   11040.7
   11187.7
   11277.8
   11482.3
   11689.0
   11984.3
   12179.6
   12731.0
   12760.5
   12904.3
   12938.2
   13358.8
   13622.7
   13958.6
   14016.7
   14034.4
   14251.7
   15181.5
   15297.7
   15558.8
   15656.4
   15801.0
   15847.3
   15932.1
   16274.6
   16341.3
   16668.9
   16714.6
   16964.3
   16981.7
   17053.9
   17085.6
   17471.5
   17607.8
   17670.6
   17760.2
   17916.9
   17979.7
   18131.5
   18197.3
   18408.9
   18776.9
   19410.0
   19479.3
   19536.5
   19568.3
   19654.8
   20301.5
   20700.1
   20717.9
   21209.2
   21275.8
   21279.1
   21539.2
   21580.4
   21826.2
   22031.6
   22219.9
   22379.6
   22429.7
   22524.2
   22541.7
   22698.9
