     525.6
     672.2
     987.7
    1196.0
    1332.5
    1403.2
    1807.0
    2012.2
    2331.1
    2333.3
    2593.0
    2596.2
    2620.5
    2722.1
    2985.3
    3086.9
    3167.7
    3527.0
    4096.1
    4212.5
    4240.2
    4376.2
    4391.0
    4515.3
    4537.2
    4681.2
    4751.6
    4758.2
    5418.8
    5675.0
    5847.3
    6084.5
    6090.7
    6102.7
    6189.7
    6293.2
    6622.2
    6736.6
    6977.8
    7421.5
    7422.6
    7812.9
    7887.4
    8075.2
    8494.4
    8900.1
    8974.8
    9113.2
    9164.8
    9255.6
    9686.5
    9782.7
    9806.6
    9834.5
   10746.1
   10940.2
   11382.3
   11785.3
   11857.6
   12454.8
   12469.3
   12997.7
   13118.8
   13153.8
   13425.6
   13468.1
   13807.8
   14175.7
   14225.8
   14441.8
   14591.0
   14630.7
   14774.0
   14895.7
   14965.7
   15113.5
   15175.1
   15297.1
   15337.0
   15440.5
   15485.6
   15681.9
   15765.3
   15807.8
   15846.6
   15932.0
   16590.7
   16597.5
   16976.7
   17229.7
   17326.4
   17660.6
   17703.9
   17906.2
   18155.2
   18559.3
   18860.7
   19015.4
   19063.8
   19132.5
   19135.0
   19611.7
   19693.6
   19832.9
   19973.4
   20023.5
   20876.7
   21142.4
   21256.1
   21552.5
   22105.1
   22339.0
   22994.4
