     226.9
     228.7
     408.9
    1084.5
    1113.5
    1173.8
    1289.9
    1356.6
    1489.6
    1801.0
    1870.5
    2299.7
    2914.1
    2952.5
    2956.0
    3091.1
    3377.7
    4116.8
    4532.9
    4623.5
    4779.8
    4798.3
    5004.0
    5008.4
    5130.2
    5352.8
    5420.6
    5828.6
    6203.0
    6242.2
    6406.0
    6543.0
    6709.4
    6827.7
    7041.6
    7355.4
    7416.3
    8058.3
    8155.5
    8437.3
    8700.0
    8969.2
    9058.4
    9066.8
    9144.8
    9168.2
    9181.2
    9634.5
    9705.3
    9763.2
    9873.4
   10445.9
   10810.7
   11076.0
   11124.0
   11180.1
   11431.2
   11471.8
   11642.2
   11856.0
   12146.4
   12153.0
   12563.6
   12598.9
   12670.7
   13061.6
   13309.9
   13540.2
   13804.0
   13863.8
   13867.9
   14295.1
   14505.0
   14643.2
   14705.9
   14775.0
   14949.7
   15105.1
   15271.8
   15431.1
   15524.6
   15604.0
   15910.6
   15949.4
   15963.3
   16135.7
   16210.4
   16356.5
   16720.0
   16738.1
   16817.1
   16877.0
   16936.7
   17633.4
   17707.4
   17819.9
   17826.6
   18324.5
   18702.1
   18804.9
   18972.1
   19054.8
   19223.1
   19343.5
   19400.7
   19525.0
   19561.5
   19605.9
   19622.6
   19685.1
   19770.5
   19951.1
   20088.0
   20126.4
   20374.9
   20399.2
   20502.2
   20516.7
   20833.8
   20867.3
   21053.2
   21094.7
   21410.1
   22128.9
   22287.3
   22356.3
   22522.2
   22799.4
   22893.4
