     336.3
     740.5
     952.7
    1386.7
    2049.8
    2142.6
    2163.2
    2538.8
    2571.3
    3645.2
    3935.0
    4125.6
    4523.5
    4833.3
    4983.8
    5022.2
    5083.9
    5100.5
    5129.4
    5359.3
    5724.8
    5825.4
    6610.0
    7291.3
    7361.0
    7528.6
    7529.0
    7899.7
    8282.2
    8456.8
    8511.4
    8611.5
    9491.9
    9586.3
    9659.0
   10135.1
   10288.9
   10614.9
   10749.8
   10832.3
   11018.9
   11059.6
   11862.0
   12063.2
   12069.5
   12078.4
   12310.3
   12382.7
   12501.6
   12637.9
   12654.0
   13029.9
   13355.3
   13395.3
   13496.1
   13652.0
   13670.6
   13808.1
   14100.9
   14725.5
   14836.2
   14908.9
   14916.5
   15564.1
   15674.1
   16035.4
   16371.3
   16510.5
   16695.2
   17069.6
   17098.2
   17197.8
   17705.2
   18092.5
   18671.5
   19014.2
   19407.8
   19467.6
   19638.4
   19837.9
   20315.7
   20347.2
   20477.4
   20506.3
   20682.7
   20866.6
   21101.9
   21184.8
   21375.0
   21476.4
   21628.9
   21824.0
   22183.0
   22197.5
   22407.3
   22521.2
   22577.5
   22875.0
