      31.7
     210.8
     551.7
     997.5
    1154.7
    1407.7
    1741.3
    2163.9
    2175.4
    2199.2
    2559.0
    2796.6
    3004.0
    3136.4
    3250.4
    3424.6
    3566.4
    3730.0
    3746.8
    3833.9
    3922.1
    3967.8
    4188.8
    4273.4
    4278.4
    5315.8
    5331.5
    5381.6
    5695.1
    6376.7
    6559.8
    6650.8
    7310.9
    7505.5
    7628.2
    7661.6
    8028.1
    8048.7
    8054.5
    8165.6
    8367.1
    8455.4
    8630.3
    8766.5
    8808.9
    8974.8
    9325.6
    9386.2
    9430.4
   10099.6
   10615.0
   10778.3
   10800.9
   10881.2
   10904.8
   11056.2
   11069.4
   11223.0
   11230.8
   11237.8
   11423.2
   11735.5
   12670.6
   12678.2
   12946.9
   13419.1
   13602.2
   13657.9
   13739.9
   13867.4
   14033.7
   14311.6
   14332.2
   14369.3
   14693.7
   14714.6
   15201.2
   15261.0
   15338.6
   15359.9
   15366.7
   15627.2
   15913.1
   15918.3
   16013.6
   16037.8
   16273.1
   16602.0
   16628.8
   16861.3
   17103.3
   17201.3
   17362.1
   17444.4
   17553.3
   17736.6
   17768.7
   17901.9
   17904.5
   18211.4
   18293.2
   18568.4
   19018.1
   19064.0
   19424.6
   19570.7
   19635.2
   20115.2
   20181.1
   20269.8
   20290.0
   20402.4
   20410.2
   20412.2
   20433.9
   20486.9
   20695.8
   20754.2
   21066.0
   21140.6
   21162.1
   21182.9
   21390.6
   21412.8
   22057.2
   22163.9
   22214.5
   22281.3
   22300.6
   22816.4
   22855.2
   22964.6
