     112.5
     130.0
     413.7
     512.1
     604.8
    1160.8
    1275.3
    1279.3
    1580.8
    1849.6
    1886.6
    2243.9
    2446.8
    2645.5
    2682.2
    2698.9
    3324.2
    3340.9
    3384.0
    3396.7
    3486.1
    3753.9
    3829.2
    4472.9
    4499.3
    4773.8
    4784.5
    4986.1
    5090.1
    5122.6
    5139.6
    5307.9
    5488.6
    5720.5
    5724.8
    6190.5
    6585.6
    6799.7
    6809.5
    6921.8
    7157.8
    7261.4
    7272.2
    7709.1
    8089.1
    8256.5
    8273.9
    8428.0
    8831.6
    8882.5
    9156.3
    9333.3
    9473.4
    9474.7
    9565.4
   10071.7
   10137.8
   10178.0
   10298.2
   10439.0
   10570.8
   10964.7
   11079.0
   11083.0
   11105.6
   11489.2
   11653.4
   11733.6
   12117.5
   12140.9
   12296.4
   12384.3
   12686.9
   13025.7
   13409.6
   13439.7
   14065.9
   14157.5
   14172.3
   14348.4
   14384.6
   14583.7
   14653.0
   14895.6
   15220.1
   15317.5
   15400.4
   15860.4
   16134.1
   16264.8
   16336.8
   16361.9
   16618.8
   16986.3
   17263.1
   17612.7
   17669.2
   17670.9
   17862.2
   18039.2
   18188.7
   18214.6
   18244.9
   18393.0
   19351.5
   19442.1
   19461.0
   19638.4
   19755.6
   19979.2
   20323.2
   20425.1
   20474.0
   20664.6
   21176.9
   21286.6
   21397.1
   21549.1
   21553.4
   21836.9
   22079.3
   22235.5
   22530.8
   22748.1
   22800.3
