     250.3
     783.8
     786.2
    1137.1
    1190.1
    1259.5
    1414.9
    1760.7
    2217.8
    2220.8
    2223.5
    2506.5
    2618.2
    2859.8
    3048.3
    3112.6
    3209.8
    3734.1
    3975.3
    4063.1
    4112.5
    4401.5
    4658.2
    5334.0
    5393.0
    5405.7
    5462.1
    5707.8
    5841.8
    6077.4
    6309.0
    6354.2
    6663.0
    6821.8
    6876.1
    6915.6
    7038.1
    7085.2
    7482.5
    7894.3
    8100.5
    8166.5
    8642.6
    8969.7
    9434.4
    9499.5
    9840.7
   10695.6
   10929.3
   11092.9
   11146.7
   11623.7
   11648.3
   11654.0
   11655.9
   12255.6
   12320.0
   12637.2
   12925.7
   13141.4
   13269.0
   13840.9
   14122.1
   14260.1
   14755.0
   15060.6
   15408.3
   15478.4
   15537.1
   15547.3
   15747.4
   16004.7
   16050.9
   16213.2
   16751.5
   16821.3
   17081.6
   17105.6
   17217.6
   17253.5
   17300.0
   17989.4
   18502.2
   18507.8
   18727.3
   19030.5
   19162.7
   19306.5
   19394.3
   19506.9
   19718.0
   19915.9
   20201.4
   20252.2
   20473.8
   20542.9
   20587.6
   20648.0
   21398.8
   21672.5
   21900.1
   21948.2
   22397.4
   22562.4
   22723.0
   22820.0
   22855.5
   22913.6
