      32.1
     677.5
     698.3
     830.2
     882.9
     884.1
    1117.9
    1145.1
    1553.3
    1587.7
    1637.4
    1938.6
    1984.5
    2034.1
    2077.2
    2245.9
    2433.1
    2574.5
    2629.6
    2758.9
    3174.2
    3260.2
    3265.5
    4058.7
    4522.1
    4555.7
    4997.1
    5391.1
    5414.2
    5443.2
    5543.6
    5724.0
    5742.9
    6054.6
    6347.7
    6393.6
    6959.3
    7244.1
    7275.3
    7364.9
    7378.5
    7401.9
    7466.5
    7631.2
    7805.5
    7830.1
    7866.6
    8237.2
    8756.5
    9240.1
    9330.2
    9356.2
    9807.9
    9880.9
   10224.7
   10239.7
   10466.3
   11011.8
   11065.7
   11245.2
   11497.3
   11592.3
   11602.4
   11602.7
   12252.6
   12425.4
   12950.1
   13071.0
   13439.4
   13522.5
   13857.9
   14287.1
   14358.1
   14406.0
   14465.7
   14700.5
   14909.0
   14931.1
   15261.0
   15425.8
   15484.9
   15542.1
   15831.7
   16268.5
   16363.6
   16560.8
   16682.9
   16759.8
   16997.1
   17177.8
   17289.6
   17299.3
   17349.8
   17399.4
   17684.7
   17839.6
   17879.2
   17996.1
   18180.3
   18261.9
   18285.5
   18429.9
   18494.4
   18587.3
   18602.6
   18914.0
   19147.9
   19184.9
   19220.1
   19367.0
   19538.6
   19760.6
   19941.0
   20094.6
   20135.4
   20205.7
   20209.8
   20405.7
   20642.2
   21149.2
   21289.7
   21541.3
   21639.9
   21687.9
   21987.6
   22182.8
   22321.7
   22327.1
   22705.0
