     111.4
     501.6
     740.9
     902.3
     935.5
    1039.5
    1115.1
    1174.1
    1663.0
    1719.5
    1807.2
    1930.7
    1946.2
    2277.6
    2609.7
    2767.0
    2879.0
    2981.5
    3430.0
    3457.7
    3677.8
    4189.4
    4495.1
    4724.3
    4773.2
    4927.4
    5148.3
    5679.0
    5749.5
    5941.4
    6357.8
    6371.3
    6375.4
    6624.7
    6944.4
    7089.1
    7524.8
    7752.9
    8108.1
    8465.3
    8587.7
    8591.6
    8683.5
    9004.1
    9266.6
    9275.5
    9516.0
    9788.9
    9992.2
   10601.3
   10655.9
   11129.9
   11151.0
   11155.5
   11461.9
   11566.9
   11622.4
   12090.3
   12152.7
   12297.7
   12408.2
   12439.4
   12450.8
   12547.2
   12561.6
   12714.1
   13140.7
   13161.2
   13190.2
   13469.5
   13500.4
   13509.4
   13520.0
   13865.2
   14036.0
   14042.7
   14083.5
   14117.4
   14307.0
   14348.7
   14445.4
   14450.7
   14668.9
   14689.3
   14751.7
   15009.4
   15254.2
   15271.8
   15392.3
   15564.9
   15811.5
   15816.5
   15851.5
   15871.4
   16035.7
   16057.5
   16126.9
   16230.3
   16432.0
   16438.0
   16997.3
   17189.8
   17304.9
   17685.7
   17854.0
   18105.4
   18120.3
   18167.8
   18183.7
   18301.5
   18489.3
   18675.3
   18697.5
   18897.2
   18940.3
   19186.2
   19346.0
   19952.5
   20189.7
   20244.0
   20300.2
   20555.5
   20672.8
   20776.2
   20973.8
   21187.7
   21239.4
   21481.4
   21783.3
   21825.6
   22107.7
   22114.0
