       3.5
      38.0
     103.9
     111.9
     203.6
     767.3
    1134.9
    1200.7
    1603.0
    1889.6
    2226.9
    2272.6
    2548.4
    2658.2
    2737.4
    2897.2
    2931.7
    2968.2
    3122.0
    3130.7
    3343.2
    3537.2
    4173.3
    4645.0
    4649.2
    4773.5
    5183.6
    5313.2
    5357.5
    6018.2
    6143.1
    6638.0
    6663.4
    7031.4
    7423.5
    7705.0
    8352.7
    8752.4
    8862.1
    8865.4
    9050.8
    9118.3
    9416.7
   10185.8
   10684.7
   10692.1
   10713.0
   11234.2
   11426.2
   11618.8
   11643.3
   11903.0
   12133.0
   12191.9
   12231.0
   12826.4
   12866.4
   12893.9
   12976.1
   13526.6
   13542.8
   13662.0
   13676.2
   13844.4
   13869.8
   14082.3
   14122.2
   14228.1
   14613.7
   14734.2
   15262.8
   15754.6
   15851.4
   16045.7
   16062.8
   16693.6
   16828.9
   17220.6
   17385.2
   17415.5
   17513.4
   17656.3
   17725.8
   17799.5
   17983.7
   18076.3
   18123.0
   18147.5
   18158.5
   18231.0
   18290.3
   18291.4
   18349.7
   18477.6
   18672.9
   18837.1
   19056.2
   19173.8
   19360.4
   19556.3
   19645.7
   19650.9
   20013.5
   20254.4
   20405.5
   21107.1
   21210.8
   21573.4
   21968.3
   22192.1
   22274.8
   22328.4
   22341.6
   22915.2
   22941.3
   22968.0
   22982.3
