     150.9
     151.9
     495.9
     552.0
     610.9
    1366.2
    1389.7
    1549.2
    1749.5
    1780.9
    1957.0
    2120.3
    2505.7
    2896.4
    3249.5
    3265.5
    3380.8
    3575.0
    3827.8
    4197.9
    4372.6
    4478.0
    4798.9
    4883.1
    5057.1
    5845.7
    5919.2
    5996.0
    6072.4
    6346.6
    6914.4
    7045.7
    7064.8
    7187.5
    7325.9
    7399.6
    7539.2
    7738.6
    8036.6
    8194.8
    8231.2
    8237.7
    8359.9
    8611.8
    8650.0
    9062.1
    9112.2
    9335.1
    9766.1
    9766.3
   10016.4
   10144.7
   10198.3
   10390.4
   10770.8
   10870.0
   11026.4
   11032.6
   11366.9
   11404.6
   11476.7
   11479.9
   11548.3
   11550.0
   11686.2
   11719.4
   12004.3
   12061.9
   12562.1
   12883.9
   12944.2
   13183.4
   13298.3
   13520.3
   13525.7
   14158.5
   14266.9
   14397.2
   14571.7
   14669.2
   14746.1
   14747.5
   14836.9
   15012.0
   15069.0
   15125.6
   15483.9
   15494.4
   15510.2
   15634.9
   15735.2
   16103.8
   16351.9
   16428.1
   16596.5
   16685.7
   17046.4
   17125.1
   17177.2
   17212.3
   17301.5
   17335.5
   17619.3
   17628.0
   17861.5
   17954.7
   18101.1
   18313.4
   18412.7
   18482.9
   18595.0
   18832.4
   18912.6
   19573.9
   19850.8
   19933.8
   20369.7
   20470.7
   20504.7
   20545.8
   20554.6
   20573.5
   20601.1
   20845.8
   21004.6
   21129.4
   21666.6
   21734.3
   22053.5
   22235.1
   22303.0
   22378.7
   22524.4
   22591.0
   22658.4
   22722.0
   22766.1
