     474.0
     607.9
     951.8
    1024.5
    1062.3
    1168.0
    1238.9
    1274.5
    1565.7
    1572.0
    1705.3
    1806.4
    1963.1
    2102.1
    2199.1
    2259.1
    2662.9
    2688.4
    2977.7
    3141.8
    3193.0
    3530.9
    3560.3
    3567.4
    3923.3
    4146.3
    4241.5
    4419.8
    4496.6
    4799.2
    4952.3
    4964.6
    5418.3
    5515.3
    5745.3
    6495.6
    6543.6
    7077.8
    7721.7
    7977.6
    8099.0
    8329.2
    8392.2
    8400.6
    8422.8
    8697.2
    9118.5
    9314.7
    9473.5
    9736.3
    9819.2
   10003.0
   10042.7
   10096.4
   10313.9
   10418.7
   10439.2
   10485.0
   10844.5
   10921.8
   11091.0
   11185.6
   11455.5
   11872.9
   12349.1
   12399.9
   12431.6
   12549.2
   12625.2
   12796.9
   12927.0
   13473.5
   13711.2
   13873.9
   13966.7
   14031.3
   14034.9
   14074.1
   14573.3
   15173.5
   15459.1
   15491.6
   15802.5
   15906.0
   15977.2
   16063.9
   16267.3
   16365.2
   16594.0
   16884.3
   17089.2
   17224.9
   17296.4
   17462.4
   18029.0
   18356.2
   18444.2
   18841.9
   19299.7
   19402.3
   19603.0
   19608.8
   19633.1
   19862.7
   20295.7
   20667.1
   20722.4
   20870.3
   20873.3
   20910.4
   20982.4
   21140.2
   21293.6
   21602.9
   21989.3
   22041.0
   22421.0
   22484.8
   22525.2
   22974.4
