     182.2
     188.3
     579.3
     773.0
    1132.9
    1581.6
    1617.5
    2009.4
    2119.7
    2224.7
    2525.5
    2717.7
    2909.8
    3852.2
    3984.2
    4024.3
    4275.6
    4341.1
    4341.7
    4379.5
    4409.4
    4522.2
    4749.9
    4804.5
    5021.7
    5129.8
    5316.7
    5336.0
    5448.3
    5501.5
    5544.5
    5593.0
    5767.6
    6504.5
    6510.6
    6520.1
    6529.4
    6552.0
    7186.7
    7288.1
    7395.3
    7410.1
    7469.6
    7822.0
    7882.0
    8359.4
    8474.3
    8700.3
    8776.7
    8845.9
    8850.0
    9066.9
    9415.0
    9611.8
    9799.4
    9913.5
    9935.4
   10002.7
   10320.5
   10352.0
   10616.0
   10729.3
   10982.1
   11337.5
   11403.6
   11640.4
   12292.4
   12571.2
   12602.3
   12858.9
   12934.7
   12935.5
   13018.8
   13108.4
   13246.7
   13291.9
   13501.3
   13556.1
   13652.9
   13977.6
   14341.8
   14430.8
   14564.4
   14993.1
   15119.4
   15227.3
   15229.5
   15424.1
   15481.3
   15585.7
   16288.6
   16587.4
   17019.8
   17031.3
   17702.7
   17979.7
   18204.9
   18412.1
   18530.1
   19694.2
   19783.9
   19840.7
   19858.8
   19893.3
   20138.2
   20567.3
   20922.0
   20936.0
   21184.2
   21389.7
   21425.3
   21445.2
   21978.6
   22027.2
   22234.6
