     531.7
     634.4
     941.7
    1069.3
    1559.9
    2582.0
    2614.2
    2961.5
    2967.7
    3068.5
    3366.2
    3377.7
    3659.1
    3659.3
    3839.0
    3857.1
    3989.8
    4235.4
    4669.4
    4947.6
    5170.5
    5566.5
    5596.9
    5677.3
    5707.2
    5933.2
    5992.4
    6881.6
    6999.9
    7373.0
    8058.2
    8099.0
    8489.3
    8680.7
    8780.4
    9219.5
    9342.4
    9821.5
    9934.3
   10483.0
   10736.4
   11383.5
   11412.6
   11836.4
   11891.2
   11938.0
   12049.1
   12369.0
   12419.2
   12536.0
   12859.4
   13018.2
   13681.4
   13853.1
   13999.8
   14055.6
   14519.9
   14529.6
   14621.5
   14722.0
   14760.7
   14814.2
   15017.5
   15257.0
   15388.8
   15432.1
   15778.0
   16048.0
   16088.5
   16103.5
   16776.8
   17200.8
   17268.9
   18348.0
   18428.3
   18439.0
   18708.0
   18719.9
   19050.9
   19298.7
   19404.5
   19462.5
   19468.1
   19591.9
   19606.4
   19752.7
   19786.3
   19836.6
   20480.9
   20760.2
   20911.2
   21038.0
   21413.4
   21648.3
   21736.7
   21999.3
   22235.3
   22430.5
   22480.2
   22868.2
