      14.0
      16.6
     331.1
     554.7
    1002.3
    1122.3
    1625.1
    1668.7
    1675.4
    1701.4
    2292.6
    2408.9
    2598.6
    2894.2
    3283.3
    3416.2
    3530.4
    4276.2
    4276.6
    4983.7
    5121.4
    5513.2
    5666.9
    5886.1
    5962.2
    6116.0
    6148.8
    6217.2
    6423.5
    6645.7
    6646.6
    6665.0
    6738.2
    6823.6
    7087.3
    7179.3
    7740.1
    7768.3
    8097.2
    8259.4
    8413.5
    8662.0
    8876.9
    8928.8
    8984.7
    9207.4
    9407.0
    9787.8
    9803.1
   10094.8
   10179.3
   10661.7
   10810.3
   10880.6
   11099.5
   11194.6
   11202.3
   11320.8
   11390.7
   11748.5
   11884.8
   12052.5
   12276.0
   12287.4
   12410.2
   12530.7
   12611.7
   12626.5
   12715.5
   13177.1
   13546.8
   13617.4
   13810.8
   13942.9
   14164.2
   14259.0
   14363.8
   14389.6
   14684.1
   15293.7
   15354.6
   15406.4
   15433.0
   15477.4
   16033.9
   16062.2
   16101.9
   16214.8
   16341.8
   16691.5
   16782.9
   17012.4
   17099.3
   17236.7
   17424.3
   17466.9
   17640.2
   18000.0
   18766.6
   18887.6
   18995.6
   19457.6
   19532.2
   19898.1
   19982.5
   20087.1
   20319.1
   20364.4
   20609.9
   20613.3
   20785.4
   20827.8
   20911.1
   20949.1
   21255.3
   21280.9
   21314.4
   21467.7
   21727.4
   22158.8
   22173.4
   22379.0
   22771.6
