     213.4
     882.9
    1038.5
    1235.0
    1268.6
    1761.5
    1835.6
    2075.7
    2417.3
    2781.9
    2825.6
    2959.9
    3011.9
    3037.0
    3087.4
    3365.2
    3421.1
    3779.6
    3852.0
    3876.0
    4033.2
    4065.3
    4137.2
    4248.4
    4273.6
    4359.9
    4401.2
    4698.0
    4871.0
    4896.1
    4923.4
    5039.9
    5216.8
    5257.4
    5394.3
    5398.6
    5596.1
    5613.4
    6002.0
    6174.4
    6269.4
    6486.7
    6776.8
    6832.2
    7063.9
    7205.9
    7321.2
    7473.7
    7651.5
    7742.6
    7844.6
    7916.0
    7957.3
    8201.5
    8297.3
    8840.4
    8922.7
    8998.4
    9043.7
    9059.7
    9262.2
    9391.1
   10117.2
   10942.9
   11325.8
   11599.8
   11711.8
   12081.5
   12466.9
   12608.4
   12620.3
   12901.3
   12953.8
   13770.8
   13887.2
   13900.7
   13902.0
   14688.5
   14745.1
   14751.3
   14813.6
   15599.3
   15646.5
   15687.3
   15960.5
   15971.5
   16290.6
   16390.1
   16489.7
   16596.1
   16728.2
   16868.9
   17356.3
   17416.2
   17509.4
   17515.2
   17539.3
   17563.1
   17703.1
   17793.8
   17955.8
   17977.4
   18079.8
   18562.2
   18568.7
   18605.9
   18693.1
   19220.3
   19504.8
   19590.2
   19649.5
   19806.4
   19939.4
   20083.9
   20227.7
   20278.7
   20631.6
   21203.5
   21799.9
   22365.4
   22477.9
