     348.2
     524.3
     532.2
     687.2
    1134.5
    1366.6
    1476.1
    1631.2
    1745.5
    1811.7
    1878.3
    1998.9
    2253.9
    2531.8
    2544.0
    2576.3
    2694.8
    2871.5
    2929.6
    3030.8
    3608.5
    3717.1
    3984.6
    3999.4
    4138.3
    4158.1
    4202.1
    4255.3
    4529.8
    4943.5
    4958.7
    5173.0
    5548.9
    5793.3
    5976.3
    6075.8
    6135.0
    6138.1
    6302.3
    6320.1
    6691.8
    6811.9
    6848.0
    7223.8
    7483.0
    7807.7
    8042.3
    8098.6
    8278.6
    8493.4
    8575.4
    8759.4
    8800.7
    8856.8
    8893.2
    9153.5
    9158.9
    9651.0
    9684.7
    9734.7
    9924.1
   10630.5
   10743.1
   10986.5
   11092.6
   11187.8
   11290.7
   11371.0
   11377.4
   11526.4
   11934.8
   12626.2
   13396.3
   13509.1
   13566.6
   13778.3
   13815.7
   14203.9
   14664.4
   14787.4
   15152.6
   15273.2
   15409.2
   15513.8
   15972.1
   16127.3
   16145.9
   16178.3
   16247.0
   16789.1
   16838.8
   17170.5
   18207.7
   18338.0
   18453.5
   18592.3
   18598.0
   18702.2
   18777.3
   18819.6
   18933.6
   19005.1
   19028.9
   19345.4
   19530.9
   19568.2
   19695.8
   20173.3
   20516.7
   20685.6
   21011.2
   21266.7
   21284.4
   21535.5
   21890.9
   22122.4
   22710.8
