     124.0
     197.6
     564.9
     811.2
     841.8
    1232.8
    1497.0
    1603.3
    1940.0
    2222.9
    2235.1
    2281.1
    2925.1
    3042.0
    3071.4
    3140.9
    3194.0
    3217.6
    3227.1
    3268.2
    3317.3
    3415.8
    3471.4
    3589.0
    3863.7
    3965.6
    3979.1
    4164.7
    4911.5
    5036.3
    5410.5
    5609.1
    5657.9
    7375.6
    7386.4
    7409.3
    7447.0
    7493.6
    7615.5
    7949.8
    7961.9
    8020.1
    8064.1
    8333.4
    8347.3
    8768.2
    8892.9
    8993.4
    9939.4
   10624.8
   10750.2
   10835.2
   11209.1
   11302.1
   11529.1
   11840.7
   12206.0
   12303.2
   12419.0
   12440.9
   13017.0
   13043.8
   13244.0
   13828.1
   13836.1
   13920.5
   13957.0
   14186.8
   14251.6
   14415.9
   14936.9
   15102.9
   15177.1
   15204.6
   15368.6
   15814.6
   15848.7
   16150.1
   16501.8
   16749.1
   16776.4
   16876.8
   16881.6
   17310.5
   17467.8
   18249.6
   18306.8
   18628.7
   18791.8
   18881.8
   19441.0
   19482.0
   19523.3
   19594.9
   19644.8
   19652.4
   19894.3
   19937.2
   20219.5
   20378.0
   20584.5
   20735.1
   20755.6
   20815.3
   20984.8
   21492.6
   21509.6
   21804.6
   21809.4
   21826.8
   21999.0
   22262.0
   22393.6
   22702.3
   22818.1
   22965.4
