     102.2
     617.2
     915.5
    1060.8
    1221.5
    1518.5
    1808.5
    1944.3
    2239.4
    2250.7
    2357.2
    2398.5
    2476.7
    2503.8
    2570.2
    2589.3
    2703.4
    3143.8
    3227.9
    3316.9
    3361.7
    3489.0
    4188.6
    4277.1
    4634.4
    4649.0
    4676.9
    4733.4
    4777.8
    4811.8
    5482.7
    6032.0
    6463.9
    6619.0
    6926.1
    7155.5
    7373.2
    7630.6
    7725.6
    7983.8
    8451.5
    8789.0
    8849.5
    9048.5
    9101.1
    9114.5
    9161.8
    9277.2
    9612.2
    9861.5
   10153.8
   10393.8
   10718.1
   10986.0
   11025.7
   11428.9
   11462.7
   11662.8
   11712.1
   11716.5
   11771.1
   11809.5
   11872.7
   11900.1
   11940.6
   11942.7
   12147.7
   12170.3
   12252.4
   12386.1
   12436.0
   12994.5
   13438.7
   13471.0
   13838.5
   13896.6
   14215.8
   14439.9
   14573.2
   14974.5
   15336.6
   15648.3
   15807.4
   16102.3
   16347.3
   16503.1
   16817.5
   17012.0
   17030.9
   17038.1
   17385.9
   17520.3
   17827.9
   18281.5
   18431.3
   18689.9
   18950.2
   19982.4
   20092.1
   20158.1
   20510.0
   20520.4
   20605.3
   20912.0
   21003.8
   21230.8
   21508.1
   21569.4
   21681.3
   21745.7
   21757.1
   21976.9
   22120.6
   22313.1
   22412.9
   22461.3
   22987.9
