     373.3
     565.4
     923.8
    1161.5
    1217.4
    1628.6
    1664.3
    1756.9
    2280.8
    2289.4
    2824.3
    3039.2
    3121.6
    3431.1
    3570.2
    3937.0
    3940.1
    4028.2
    4125.9
    4544.7
    4841.6
    4867.0
    5306.2
    5460.7
    5531.5
    5549.0
    5789.6
    5830.8
    5902.8
    6022.1
    6051.0
    6300.1
    6951.9
    7445.6
    7814.8
    7911.5
    8016.6
    8081.1
    8454.0
    8766.2
    8853.2
    8883.6
    9066.6
    9196.5
    9481.3
    9549.4
    9724.2
    9725.3
    9750.2
   10043.0
   10242.6
   10356.2
   10636.6
   10948.2
   10974.6
   10998.5
   11143.9
   11205.7
   11243.8
   11450.2
   11481.0
   11732.4
   11929.9
   11985.6
   11993.3
   12554.6
   12560.7
   13113.7
   13212.9
   13376.2
   13408.5
   13961.1
   13989.5
   13995.0
   14011.7
   14144.9
   14339.6
   14748.7
   14765.6
   15049.5
   15190.5
   15473.4
   15522.7
   15545.0
   15585.9
   15747.7
   16406.1
   16441.5
   16452.0
   16516.5
   16619.6
   16713.1
   16832.2
   17189.2
   17270.2
   17550.8
   17648.5
   17683.4
   18119.3
   18229.2
   18564.9
   19052.9
   19061.6
   19440.8
   19591.3
   19836.0
   19898.4
   20189.6
   20205.6
   20256.8
   20907.5
   21187.0
   21203.3
   21263.7
   21471.4
   21479.1
   21779.3
   22161.6
   22369.3
   22390.2
   22586.4
   22778.7
