      26.1
     440.2
     696.9
     777.3
     785.1
    1030.0
    1074.2
    1501.5
    1619.8
    1780.2
    1882.8
    2102.7
    2131.8
    2196.5
    2959.8
    2974.6
    2985.1
    3028.6
    3089.2
    3090.1
    3502.8
    3544.2
    3594.1
    3631.6
    3727.9
    3775.1
    3995.0
    4918.1
    5029.3
    5152.2
    5155.4
    5435.7
    5532.2
    5882.6
    6021.9
    6257.4
    6306.9
    6314.6
    6467.6
    6483.2
    6520.8
    6535.9
    6585.1
    6900.6
    7173.0
    7221.9
    7379.9
    7531.4
    7704.8
    7975.3
    8298.3
    8683.2
    8849.9
    9090.1
    9182.4
    9268.7
    9433.9
   10381.7
   10481.7
   10641.2
   10779.9
   10789.6
   10942.3
   11040.1
   11257.8
   11386.7
   11453.6
   11680.0
   11717.9
   11900.2
   11955.5
   12117.1
   12141.3
   12369.6
   12397.5
   12788.5
   12794.0
   13121.5
   13124.3
   13201.6
   13296.6
   13368.5
   13375.3
   13495.0
   13920.6
   14240.5
   14555.8
   14785.7
   14982.7
   15676.6
   16218.0
   16390.0
   16443.4
   16559.5
   16584.3
   16645.0
   16722.0
   16824.4
   17267.6
   17446.2
   18501.5
   19251.6
   19455.9
   19473.8
   19610.8
   19634.2
   19666.3
   19742.6
   19780.8
   19791.6
   20045.9
   20309.2
   20505.7
   21048.8
   22508.7
   22592.6
   22723.0
   22984.1
