      40.6
     144.4
     153.6
     574.8
     609.5
     644.0
     666.1
     903.8
    1403.5
    1699.2
    2162.5
    2164.4
    2399.4
    2527.7
    2563.5
    2963.7
    3112.3
    3286.8
    3341.8
    3430.9
    3484.0
    3561.2
    3622.7
    3691.8
    3718.8
    4014.2
    4096.2
    4101.7
    4328.8
    5453.4
    6373.8
    6940.6
    6964.5
    7001.3
    7048.6
    7320.1
    7472.1
    7743.9
    7819.4
    7874.8
    8015.3
    9128.2
    9147.8
    9480.1
    9496.1
    9523.0
    9551.3
    9612.6
    9701.1
    9730.2
   10016.1
   10106.4
   10125.6
   10173.2
   10181.6
   10243.8
   10698.4
   11008.2
   11164.4
   11434.1
   11650.0
   11674.0
   12058.0
   12125.0
   12138.0
   12190.9
   12422.1
   12801.1
   12954.6
   13047.5
   13094.2
   13148.2
   13159.2
   13346.0
   13480.1
   13649.8
   14046.8
   14970.4
   14979.0
   15154.3
   15177.9
   15488.0
   15518.8
   15642.9
   15703.3
   15970.9
   16249.2
   16527.1
   16685.2
   17005.6
   17240.9
   17545.8
   17576.4
   17576.7
   17676.7
   18104.3
   18127.0
   18904.1
   18947.9
   19174.3
   19304.1
   19315.2
   19438.3
   19453.3
   19502.7
   19530.2
   20072.8
   20346.2
   20469.5
   20494.0
   20783.0
   20987.8
   21111.4
   21122.2
   21602.7
   22261.7
   22412.0
   22704.2
   22812.3
