     500.5
     727.8
     892.7
     903.5
     935.5
     999.8
    1083.1
    1328.8
    2079.9
    2152.1
    2238.8
    2479.8
    2506.3
    2515.2
    2589.9
    2649.8
    2813.4
    3107.9
    3220.1
    3560.5
    3572.3
    3612.5
    3755.2
    4022.6
    4213.8
    4751.5
    4889.7
    5233.1
    5308.2
    5380.4
    5539.2
    5628.9
    5680.9
    5855.5
    5992.0
    6311.2
    6867.1
    7037.8
    7124.6
    7489.8
    8073.7
    8135.7
    8197.3
    8434.2
    8741.1
    9601.2
    9681.0
    9725.7
    9757.3
   10464.0
   10495.8
   10598.1
   10984.3
   11155.7
   11353.3
   11452.6
   11472.1
   11669.7
   11813.7
   12183.3
   12587.5
   12880.6
   12922.8
   13236.2
   13312.2
   13668.8
   13937.7
   14088.1
   14173.6
   14581.5
   14938.1
   15014.7
   15174.9
   15202.8
   15334.1
   15479.2
   15602.7
   15608.4
   15620.6
   15673.6
   15943.2
   15987.6
   16336.9
   16363.1
   16467.2
   16468.1
   17248.8
   17275.1
   17968.6
   18379.8
   18514.6
   18569.5
   19118.6
   19416.0
   19715.2
   19784.8
   19827.4
   19962.0
   19965.0
   20038.1
   20105.5
   20638.3
   20804.5
   21078.0
   21784.2
   21784.8
   22119.8
   22650.9
   22862.4
