     127.3
     273.7
     377.8
     528.7
     546.1
     997.9
    1118.5
    1236.1
    1540.1
    1871.7
    1941.6
    2071.2
    2084.0
    2236.9
    2532.8
    2968.4
    3297.1
    3744.1
    3744.5
    3972.1
    4009.0
    4334.1
    4436.9
    4580.8
    4913.1
    4915.7
    4958.8
    5083.9
    5168.8
    5461.6
    5632.9
    6244.0
    6370.3
    6426.0
    6443.2
    6557.2
    6578.1
    6723.8
    6772.4
    7086.5
    7664.6
    7671.3
    7693.6
    7752.4
    7808.3
    7844.5
    7893.0
    7934.3
    7945.8
    7967.0
    8052.7
    8100.4
    8196.8
    8279.8
    8666.5
    8760.0
    8915.5
    8969.7
    8977.9
    9292.7
    9339.6
    9511.0
    9674.2
    9787.6
    9990.0
   10047.0
   10379.9
   10560.5
   10579.8
   10604.5
   10836.1
   11047.8
   11103.3
   11231.5
   11353.2
   11999.2
   12224.1
   12340.2
   13031.4
   13382.6
   13422.0
   13498.0
   14169.8
   14304.7
   14311.4
   14730.6
   14802.0
   14807.7
   14835.8
   14955.3
   15159.9
   15289.7
   15369.7
   15417.9
   15601.2
   15867.2
   15940.1
   16080.9
   16146.7
   16182.3
   16603.9
   16780.8
   16886.4
   17068.4
   17147.8
   17750.5
   18161.1
   18353.0
   18698.3
   19021.3
   19655.6
   19899.0
   20005.9
   20108.6
   20480.2
   21524.5
   21536.9
   21926.5
   22019.6
   22128.0
   22159.2
   22171.5
   22312.4
   22374.9
   22509.6
   22739.6
