      24.3
     222.5
     415.9
     472.5
     511.9
     569.4
     665.7
     861.5
    1083.3
    1258.6
    1362.6
    1428.6
    1507.2
    1561.1
    1895.9
    2032.3
    2041.5
    2149.9
    2383.1
    2458.8
    2765.3
    3894.4
    4347.3
    4356.4
    4790.2
    5086.6
    5406.6
    5819.8
    5998.4
    6050.0
    6082.8
    6239.1
    6386.5
    7456.2
    8419.0
    8670.2
    9191.6
    9191.7
    9543.8
   10344.1
   10641.8
   10727.5
   10803.8
   11184.2
   11197.5
   11446.2
   11538.8
   11539.3
   11654.9
   11662.8
   11695.6
   12369.7
   12370.1
   12382.1
   13002.0
   13223.6
   13393.4
   14132.1
   14138.4
   14507.2
   14527.5
   14546.3
   14687.5
   15271.9
   15401.0
   15495.3
   15535.0
   15834.6
   15976.1
   16000.3
   16012.2
   16303.2
   16405.0
   16427.9
   16466.0
   16589.0
   16675.3
   17134.8
   17200.9
   18784.7
   19105.0
   19347.5
   19367.5
   19424.8
   19676.0
   19765.8
   19785.1
   20232.4
   20494.1
   20800.0
   20873.9
   21014.0
   21031.2
   21408.8
   21570.6
   21783.5
   22135.5
   22368.3
   22374.3
   22409.2
   22843.1
   22891.8
   22952.7
