     111.0
     172.4
     209.5
     302.5
     400.2
     458.7
     626.9
     958.1
    1022.1
    1287.4
    1378.4
    1577.4
    1673.2
    2086.2
    2112.5
    2185.5
    2257.2
    2370.2
    2465.5
    2709.7
    2874.6
    3125.8
    3274.1
    3433.1
    3926.1
    4337.2
    4602.2
    4835.2
    4869.6
    5020.1
    5315.5
    5341.7
    5810.1
    5835.5
    5900.6
    6127.2
    6140.2
    6488.7
    6731.9
    6989.5
    7101.6
    7449.2
    7741.1
    8166.6
    8288.8
    8542.0
    8590.0
    9073.3
    9187.1
    9584.1
    9672.2
    9814.2
    9877.3
    9948.8
   10030.9
   10074.5
   10545.2
   10682.7
   10785.5
   10893.6
   10958.5
   11015.8
   11169.9
   11171.1
   11401.9
   11674.4
   11827.6
   11849.0
   12848.2
   13108.2
   13221.7
   13249.3
   13270.6
   13934.1
   14065.2
   14115.8
   14132.7
   14457.7
   14535.0
   14592.6
   14724.8
   14817.6
   14856.6
   15122.3
   15171.8
   15186.2
   15440.2
   15866.1
   15938.7
   16019.5
   16313.2
   16411.6
   16665.6
   16749.5
   17072.1
   17147.6
   17223.6
   17505.8
   17860.7
   17932.4
   18112.8
   18224.4
   18400.4
   18563.8
   18940.2
   19011.7
   19068.8
   19344.7
   19392.6
   19555.4
   19905.8
   19977.3
   20226.2
   20628.1
   20827.8
   21310.4
   21458.2
   21981.6
   22035.4
   22094.4
   22238.2
   22456.5
   22730.9
   22841.4
   22927.9
