     421.4
     469.3
     721.6
    1392.8
    1510.9
    1770.9
    1864.0
    2041.3
    2220.8
    2227.6
    2345.4
    2440.6
    2558.3
    2682.4
    2726.8
    2932.1
    3021.8
    3059.5
    3213.4
    3318.3
    3595.1
    3597.4
    4265.9
    4421.1
    4429.7
    4429.8
    4560.3
    4860.8
    4861.9
    5067.3
    5174.2
    5571.0
    5644.1
    6167.6
    6484.0
    6521.0
    6780.0
    6874.5
    7000.9
    7297.2
    7316.0
    7820.0
    7857.2
    8666.8
    8954.0
    9092.3
   10337.9
   10940.9
   11469.9
   11604.4
   11629.1
   11740.1
   12078.8
   12324.5
   12433.3
   12776.9
   12778.1
   12977.6
   13278.7
   13518.8
   13535.6
   13551.6
   13688.3
   13710.6
   13808.3
   14092.8
   14176.6
   14488.9
   14634.9
   14889.4
   14983.4
   15207.7
   15353.3
   16273.6
   16378.5
   16579.8
   17051.1
   17083.2
   17152.6
   17305.2
   17311.7
   17727.8
   17876.2
   17889.9
   18364.4
   18449.5
   18476.9
   18704.3
   19142.5
   19336.9
   20345.1
   20348.6
   20497.6
   20703.9
   20963.7
   21079.6
   21303.6
   21408.3
   21727.6
   22078.2
   22522.1
   22552.2
   22575.9
