     182.2
     356.3
     502.5
    1017.5
    1193.9
    1415.6
    1817.3
    1901.4
    2303.9
    2862.9
    3450.9
    3642.8
    3820.4
    4110.7
    4174.0
    4536.7
    4616.8
    5000.5
    5109.8
    5131.6
    5340.5
    6208.2
    6334.3
    6462.8
    6591.4
    6614.8
    6633.1
    6817.6
    6841.0
    6857.7
    6890.1
    6895.6
    7124.1
    7207.4
    7252.4
    7611.6
    7912.1
    7961.3
    8052.2
    8076.0
    8205.8
    8414.7
    8529.8
    8786.4
    8865.2
    8922.3
    8971.6
    8984.5
    9551.5
    9661.5
    9665.4
    9674.6
    9842.3
    9888.2
    9969.5
   10064.6
   10849.8
   10943.6
   11142.4
   11446.1
   11652.2
   11870.9
   11931.5
   12320.9
   12760.1
   12970.2
   13598.8
   13725.6
   13751.4
   13806.4
   14503.9
   14677.1
   14690.4
   14883.8
   15091.6
   15424.7
   15530.4
   15693.0
   15801.1
   16373.7
   16509.4
   16538.5
   16610.5
   16676.2
   16801.1
   16919.3
   17030.3
   17160.7
   17436.5
   17439.7
   17792.6
   17919.5
   18135.7
   18735.9
   18765.6
   18828.8
   18905.4
   18918.0
   19064.5
   19094.4
   19512.8
   19585.1
   19946.7
   20062.7
   20141.6
   20415.9
   20572.1
   20914.2
   21333.9
   21378.9
   21652.2
   22178.1
   22416.7
   22571.7
   22906.5
