     120.1
     651.9
     689.2
     983.3
    1121.8
    1122.8
    1192.9
    1564.8
    1649.9
    1743.8
    1801.7
    1917.9
    2085.4
    2529.3
    2681.2
    2896.0
    3119.8
    3137.5
    3140.1
    3142.0
    3262.5
    3543.5
    3611.2
    3616.8
    3714.5
    3857.1
    4170.0
    4473.3
    4579.0
    4594.3
    4688.2
    4961.4
    4981.3
    4990.7
    5130.9
    5323.6
    5354.7
    5561.5
    5908.1
    6562.1
    6632.5
    6746.3
    6851.1
    7306.1
    7376.9
    7493.1
    8166.8
    8479.6
    8745.9
    8817.7
    8864.8
    9253.4
    9323.2
    9380.1
    9427.4
    9691.2
    9691.5
    9886.7
   10015.7
   10201.6
   10346.8
   10559.1
   10891.3
   10972.2
   11343.9
   11384.6
   11664.0
   11962.3
   12416.0
   12422.0
   12464.7
   12829.3
   12845.8
   12991.6
   13265.8
   13518.5
   13587.8
   13730.4
   13836.0
   13982.8
   14083.1
   14139.4
   14228.9
   14334.0
   14499.4
   14615.0
   14850.0
   14894.4
   14941.2
   15004.7
   15058.5
   15078.0
   15345.1
   15686.2
   16520.9
   16735.3
   16769.8
   17274.7
   17513.8
   17655.9
   17701.9
   17989.6
   18144.3
   18319.4
   18567.4
   18592.4
   18633.4
   19036.1
   19200.3
   19206.1
   19230.5
   19257.4
   19548.2
   19586.5
   20163.2
   20179.3
   20265.8
   20595.7
   20831.8
   20841.4
   21278.1
   21390.2
   21728.6
   21937.2
   22167.6
   22283.7
   22460.4
   22994.7
