     316.3
     431.2
     819.2
     848.7
    1000.1
    1030.1
    1122.2
    1557.1
    1898.0
    2497.3
    2792.3
    2841.3
    3258.1
    3488.5
    3650.8
    3722.3
    4244.4
    4306.5
    4421.9
    4445.0
    4558.4
    4642.5
    4914.1
    5278.2
    5857.5
    5865.0
    5960.9
    6180.9
    6185.1
    6517.5
    6776.9
    6970.2
    7114.0
    7135.5
    7189.0
    7208.3
    7265.8
    7848.4
    8099.7
    8746.6
    9165.9
    9301.9
    9336.7
    9710.8
    9943.1
   10316.5
   10468.6
   10480.0
   10501.0
   10753.7
   10819.6
   10872.8
   11135.3
   11203.1
   11241.6
   11308.6
   11348.2
   11371.7
   11372.0
   11462.9
   11635.3
   11739.4
   11790.2
   11812.5
   11942.2
   11994.1
   12113.3
   12141.7
   12196.2
   12269.1
   12575.7
   12630.3
   12841.8
   13539.1
   13659.8
   13825.5
   14201.8
   14220.1
   14283.0
   14662.1
   15314.7
   15511.4
   15544.8
   15743.0
   15758.5
   16255.2
   16265.5
   16410.9
   16769.2
   16919.5
   16923.6
   17031.5
   17156.8
   17204.8
   17317.7
   17414.7
   17536.8
   17690.7
   17784.9
   17880.7
   17971.4
   18030.6
   18246.9
   18391.1
   18513.2
   18944.5
   19020.3
   19152.9
   19308.9
   19386.7
   19403.4
   19404.6
   19618.9
   19827.3
   19856.9
   19995.3
   20091.5
   20277.8
   20289.2
   20331.2
   20345.6
   20678.3
   20799.5
   20816.5
   21303.8
   21514.2
   21956.0
   22014.2
   22732.9
   22902.9
