     918.4
    1553.3
    1702.3
    1817.2
    1923.6
    2179.4
    2223.7
    2251.6
    2263.9
    2451.6
    2624.4
    3064.9
    3075.1
    3299.3
    3736.7
    4172.8
    4182.5
    4414.4
    4890.5
    5046.8
    5491.6
    6082.8
    6229.0
    6236.5
    6241.6
    6376.2
    6648.4
    6690.1
    6740.5
    6923.2
    7181.1
    7193.5
    7450.5
    7650.6
    8040.7
    9054.6
    9479.0
    9622.2
    9687.3
    9718.2
    9927.8
   10241.0
   10280.1
   10617.5
   10670.7
   10714.7
   10838.8
   11243.6
   11287.8
   11354.2
   11388.4
   11481.1
   11745.1
   11789.8
   11808.7
   11964.3
   12121.1
   12364.2
   12429.4
   12463.4
   12514.2
   12622.3
   13313.9
   13522.6
   13907.7
   14101.9
   14204.1
   14321.6
   14480.4
   14511.4
   14987.8
   15683.8
   15708.3
   15727.9
   15760.5
   15795.8
   15801.2
   15846.7
   15974.2
   16091.1
   16154.1
   16281.0
   16487.5
   16555.6
   16801.6
   16983.3
   17122.6
   17284.9
   17435.1
   17505.0
   17924.1
   18188.2
   18236.7
   18334.3
   18828.3
   18948.4
   19261.4
   19421.0
   19527.2
   19655.9
   20096.4
   20200.0
   20593.1
   20614.3
   20799.7
   20955.5
   21070.5
   21166.3
   21230.4
   21352.2
   21421.5
   21427.9
   21910.6
   22025.6
   22059.4
   22471.6
   22602.5
