      38.1
      38.4
      97.4
     272.0
     697.9
     803.1
     976.1
    1199.8
    1250.2
    1391.1
    1486.1
    1524.6
    1794.2
    2270.2
    2273.5
    2601.7
    2866.3
    3458.8
    3466.9
    3813.2
    4254.3
    4304.6
    4345.8
    5004.9
    5152.2
    5355.2
    5771.3
    5789.3
    5908.3
    6433.6
    6634.3
    6863.2
    6959.7
    7118.1
    7279.9
    7449.1
    7550.5
    7620.1
    7707.0
    8299.4
    8548.4
    9048.4
    9187.9
    9190.8
    9473.3
    9609.9
    9697.3
   10547.0
   10982.5
   11828.8
   12073.6
   12365.2
   12626.5
   12750.7
   12930.1
   13114.2
   13655.1
   13724.5
   14015.1
   14022.9
   14069.0
   14139.7
   14282.5
   14556.8
   15141.3
   15384.7
   15812.3
   16171.1
   16321.1
   16336.8
   16512.5
   16622.8
   16663.9
   16678.7
   16908.3
   17310.2
   17517.3
   17681.9
   17795.8
   17850.7
   18134.9
   18190.5
   18453.1
   18860.4
   18901.4
   19092.1
   19100.0
   19373.8
   19437.6
   19873.6
   19881.3
   20053.7
   20064.5
   20110.8
   20463.5
   20548.4
   20662.5
   20901.5
   20902.5
   21357.0
   21537.7
   21568.6
   22066.2
   22213.9
   22528.7
   22739.3
