     264.8
     373.0
     373.3
    1263.2
    1500.1
    1592.3
    1761.4
    2201.5
    2333.7
    2511.9
    2954.2
    3011.7
    3263.6
    3289.5
    3427.9
    3471.2
    3502.7
    3580.1
    3608.7
    3610.6
    3629.5
    3725.9
    3884.2
    3987.2
    3989.5
    5055.0
    5275.7
    5740.5
    6213.0
    6263.9
    6268.1
    6396.4
    6495.5
    6674.1
    6707.1
    6828.9
    6861.6
    7663.4
    7818.1
    8037.0
    8567.7
    8646.9
    8830.1
    8946.7
    9422.2
    9568.6
    9748.0
    9888.9
    9943.7
   10327.0
   10428.4
   10548.9
   10597.8
   10870.7
   11231.4
   11353.1
   11590.5
   11735.4
   11937.8
   12140.4
   12166.3
   12262.0
   12281.0
   12433.1
   12596.5
   12717.0
   12839.1
   13145.0
   13330.9
   13567.4
   13734.2
   13846.1
   14117.0
   14160.8
   14440.3
   14453.0
   14527.1
   14773.6
   14776.5
   14838.9
   15357.6
   15402.5
   15450.7
   15607.5
   16534.3
   16769.8
   17130.6
   17602.9
   17774.6
   17898.6
   18310.5
   18514.8
   18810.8
   19017.9
   19393.5
   19605.9
   19686.4
   20225.4
   20469.3
   20764.0
   21121.7
   21179.0
   21381.0
   21409.7
   21599.5
   21655.0
   21729.1
   21844.0
   21856.7
   22071.4
   22532.3
