      67.7
     148.3
     201.9
     251.5
     429.0
     749.1
     761.5
    1335.3
    1437.0
    1565.2
    1607.6
    1614.4
    1989.8
    2718.2
    2754.3
    2808.6
    2964.6
    3250.2
    3516.8
    3771.9
    3986.9
    4083.5
    4315.2
    4471.8
    4505.9
    4550.6
    4675.9
    4680.9
    4724.8
    5219.9
    5370.1
    5391.7
    5605.9
    5832.5
    6365.5
    6384.9
    6461.7
    6532.8
    7215.7
    7701.5
    7712.9
    7778.9
    8059.9
    8876.8
    8927.2
    9153.4
    9381.4
    9483.6
   10112.2
   10341.6
   10412.8
   10416.8
   10692.0
   10743.6
   11419.2
   11468.5
   11522.8
   12041.7
   12058.8
   12115.9
   12160.8
   12401.1
   12420.4
   12604.6
   12847.2
   12904.8
   12995.3
   13059.6
   13155.7
   13467.8
   13533.5
   13667.9
   13680.6
   13695.4
   13760.2
   13846.1
   14069.0
   14223.6
   14281.2
   14367.1
   14400.8
   14403.4
   14916.1
   14947.7
   15062.9
   15228.0
   15248.4
   15418.1
   15465.5
   15616.2
   15658.5
   16107.7
   16504.7
   16785.4
   17107.2
   17757.1
   17771.6
   17831.1
   17926.7
   17946.9
   18572.5
   18988.1
   19162.0
   19260.8
   19568.9
   19691.6
   19694.9
   20016.4
   20083.5
   20163.9
   20318.9
   20748.3
   21048.4
   21395.1
   21476.9
   21496.6
   21610.8
   21709.1
   21896.2
   21990.4
   22008.1
   22054.7
   22062.8
   22234.6
   22492.8
   22646.5
