      23.0
     271.4
     601.2
    1134.8
    1297.5
    1301.6
    1340.2
    1667.8
    1732.5
    1947.7
    2092.5
    2929.4
    3018.2
    3049.4
    3703.9
    4004.5
    4006.1
    4291.7
    4359.8
    4836.4
    5337.0
    5413.1
    5424.2
    5873.1
    5881.2
    5935.6
    6123.7
    6139.9
    6260.8
    6447.6
    6488.8
    6515.0
    6777.0
    7011.5
    7036.8
    7109.7
    7132.2
    7838.0
    8029.6
    8043.6
    8180.3
    8420.1
    8515.9
    9031.6
    9570.6
    9620.9
    9661.1
    9928.0
    9970.5
   10040.5
   10192.1
   10290.6
   10416.0
   10625.6
   10677.2
   10730.1
   10827.8
   10865.7
   11291.8
   11420.6
   11830.5
   12039.6
   12165.6
   12370.0
   12498.3
   12635.3
   12888.5
   12996.7
   13679.1
   13721.4
   13730.1
   13907.6
   14000.1
   14250.7
   14314.6
   14770.6
   14908.4
   14910.6
   15223.1
   15281.7
   15351.4
   15361.4
   15415.5
   15549.9
   15987.5
   16396.1
   16410.0
   16431.6
   16592.3
   16903.0
   16951.2
   16968.6
   16989.8
   17051.9
   17425.3
   17532.5
   17602.0
   17688.1
   17708.4
   18018.2
   18104.8
   18469.8
   19333.0
   19483.9
   19506.4
   19946.2
   20282.3
   20304.4
   20327.8
   20348.2
   20785.4
   20824.4
   21179.3
   21298.6
   21814.5
   21823.6
   22140.1
   22637.3
   22656.5
   22726.4
   22931.5
