     737.6
     861.9
    1625.6
    1835.3
    2085.1
    2136.1
    2248.8
    2255.6
    2332.3
    2338.5
    2634.1
    3335.6
    3597.0
    3894.2
    3923.6
    4326.3
    5152.6
    5620.5
    6356.5
    6600.6
    6840.7
    7093.0
    7247.4
    7500.5
    7556.2
    7717.0
    7796.1
    7969.8
    8103.6
    8244.3
    8397.5
    8435.0
    8470.1
    9266.6
    9436.2
    9516.1
    9543.6
    9636.6
    9761.1
   10572.6
   10730.6
   10841.3
   11061.0
   11085.2
   11129.7
   11152.9
   11290.0
   11814.1
   11822.2
   12126.1
   12225.4
   12506.4
   12512.4
   12525.3
   12631.8
   12708.6
   12917.2
   13132.7
   13345.7
   13498.1
   13569.9
   13864.1
   13999.2
   14051.6
   14167.0
   14341.2
   14807.9
   14831.4
   15791.4
   15945.5
   15991.5
   16781.4
   16798.7
   16804.7
   16814.7
   17165.7
   17245.2
   18180.1
   18330.4
   18335.7
   18383.5
   18396.4
   18399.1
   18565.4
   18628.5
   18807.8
   19520.4
   19603.5
   19818.1
   19854.5
   20155.8
   20497.4
   20503.6
   20640.1
   20725.9
   21129.3
   21348.9
   21701.0
   21954.8
   22040.0
   22055.1
   22067.1
   22532.5
   22564.1
   22805.3
   22970.8
