     262.4
     340.5
     370.8
    1135.6
    1150.3
    1350.5
    1458.0
    1481.0
    1486.9
    1576.2
    1855.1
    2348.1
    2521.1
    2543.1
    2578.4
    2764.1
    2766.1
    3087.3
    3241.0
    3334.8
    3484.2
    3586.1
    3794.0
    4174.1
    4865.9
    5138.7
    5158.8
    5299.1
    5401.9
    5459.9
    5552.2
    5643.4
    6124.3
    6137.5
    6287.7
    6312.6
    6381.7
    6749.7
    7242.6
    7260.5
    7463.3
    7473.0
    8365.7
    8375.0
    8428.3
    8668.8
    8897.8
    9117.7
    9214.7
    9936.4
    9956.6
   10202.5
   10569.1
   10618.3
   10669.5
   10673.0
   10689.5
   10737.1
   10751.7
   10801.2
   10875.6
   11265.8
   11397.3
   11404.1
   11460.9
   11809.3
   12237.8
   12252.3
   13132.2
   13165.4
   13183.3
   13191.3
   13571.1
   13767.0
   13916.8
   13945.6
   14373.8
   14382.1
   14446.5
   14555.5
   14942.1
   15688.3
   16183.7
   16720.8
   17200.9
   17223.8
   17456.2
   18315.5
   18632.5
   19190.8
   19588.0
   19892.4
   20216.8
   20460.3
   20468.8
   21345.0
   21520.1
   21535.9
   22280.4
   22401.1
   22576.2
