     172.8
     261.4
    1123.1
    1251.2
    1326.8
    1346.0
    1861.5
    2041.4
    2133.8
    2237.1
    2667.9
    3415.1
    4030.0
    4237.0
    4342.5
    4532.9
    4713.9
    5058.2
    5101.8
    5122.7
    5180.3
    5761.8
    6241.2
    6379.6
    6429.1
    6649.7
    7027.0
    7217.3
    7242.8
    7259.8
    7263.9
    7433.9
    7668.6
    7687.4
    7886.3
    7974.2
    8111.8
    8246.0
    8255.3
    8346.0
    9062.2
    9088.6
    9347.7
    9585.4
    9969.1
   10472.6
   11330.6
   11361.6
   11603.7
   11689.1
   11747.3
   11857.9
   12049.3
   12397.6
   12610.9
   12617.4
   12724.5
   12801.9
   12920.9
   12993.0
   13070.6
   13193.9
   13386.9
   13850.7
   14062.3
   14242.5
   14248.3
   14390.2
   14593.6
   14635.6
   14655.0
   14694.8
   14718.1
   14765.2
   15788.7
   15924.8
   15929.6
   16005.4
   16167.8
   16297.4
   16306.7
   16610.5
   17012.0
   17192.1
   17412.9
   17486.3
   17609.2
   18059.0
   18094.7
   18217.6
   18678.8
   18707.7
   18740.7
   18759.0
   18775.7
   19115.8
   19530.6
   19605.6
   19840.4
   19929.5
   19963.5
   20409.9
   20638.6
   20756.4
   21035.1
   21044.3
   21280.4
   21541.2
   21683.8
   22005.9
   22126.4
   22275.9
   22577.9
   22606.2
   22714.0
   22717.7
   22771.1
