     183.7
     226.7
     352.1
     464.7
     518.1
     628.2
     867.5
     912.4
    1056.0
    1231.1
    1248.0
    1395.4
    1473.7
    1519.1
    2620.4
    2831.5
    2936.3
    3115.8
    3315.1
    3323.4
    3343.8
    3392.4
    3421.0
    3547.4
    3678.3
    4037.7
    4211.3
    4378.3
    4480.1
    4643.6
    5175.2
    5231.0
    5699.5
    5744.6
    5764.9
    6264.2
    6291.5
    6548.4
    6558.7
    6564.4
    6690.2
    6859.1
    7322.1
    7390.2
    7830.1
    7959.2
    8039.6
    8197.6
    8200.8
    8333.3
    8366.3
    8466.1
    8521.9
    8767.1
    8848.3
   10063.7
   10108.7
   10109.4
   10329.2
   10503.4
   10809.7
   10823.1
   10935.1
   11285.5
   11285.9
   11919.3
   12009.1
   12180.7
   12283.9
   12295.9
   12491.3
   12645.0
   12657.1
   12705.0
   13697.2
   14175.7
   14731.6
   14908.5
   15008.7
   15490.7
   15554.8
   15903.2
   15911.6
   15918.7
   15923.5
   16090.1
   16165.9
   16173.9
   16220.9
   16364.3
   16539.5
   16552.5
   16565.3
   16568.8
   17016.0
   17188.9
   17407.6
   17426.5
   17880.6
   18240.7
   18372.0
   18389.7
   18784.9
   19522.0
   19691.8
   19837.4
   19875.1
   20001.2
   20306.3
   20519.2
   20539.8
   20696.7
   20808.3
   20943.0
   21077.8
   21200.2
   21266.0
   21466.0
   21560.8
   22085.3
   22185.0
   22392.0
   22865.4
   22910.0
   22942.9
