     802.3
     817.2
     877.5
    1452.9
    1690.5
    1760.2
    2242.8
    2576.2
    2620.8
    2985.7
    3136.2
    3642.0
    3955.5
    4428.4
    4546.6
    5113.0
    5497.4
    5733.4
    6085.4
    6332.1
    6541.9
    6683.4
    6770.0
    6860.0
    7243.5
    7329.7
    7449.4
    7857.6
    7926.5
    8036.3
    8358.8
    8837.6
    9345.2
    9967.0
    9984.5
   10106.4
   10177.1
   10279.3
   10350.7
   11144.9
   11224.0
   11365.8
   11390.1
   11562.2
   11946.1
   11966.7
   12112.8
   12301.2
   12525.8
   12550.6
   12565.4
   12634.7
   13013.5
   13021.8
   13251.3
   13359.7
   13361.9
   13711.5
   13777.4
   14161.8
   14247.5
   14450.9
   14940.5
   15132.9
   15520.5
   15561.2
   15886.7
   16070.0
   16160.1
   16333.4
   16531.9
   16568.5
   16694.5
   16786.2
   16930.8
   16939.8
   17086.2
   17334.1
   17334.5
   17679.9
   18233.9
   18980.0
   19044.6
   19145.4
   19332.5
   19478.7
   19527.2
   19742.4
   20144.6
   20192.0
   20383.6
   21058.7
   21443.1
   21580.2
   22287.7
   22511.0
   22737.3
