      79.8
      81.3
     188.1
    1119.8
    1435.4
    1477.5
    1781.3
    1846.1
    2178.7
    2382.3
    2553.5
    2813.4
    2869.6
    3309.0
    3654.8
    3890.7
    3952.3
    4437.3
    4621.5
    4740.2
    4743.0
    5067.6
    5241.6
    5590.2
    5976.7
    6152.4
    6631.1
    6694.3
    6799.0
    6846.4
    7328.7
    7589.3
    7648.6
    7780.6
    7866.7
    8136.4
    8221.8
    8424.0
    8663.8
    8700.9
    8977.6
    9076.8
    9178.3
    9198.5
    9405.8
    9545.6
    9680.7
    9804.5
    9858.0
    9933.9
   10276.6
   10352.1
   10579.9
   10640.3
   10956.2
   11072.7
   11136.3
   11348.6
   11817.1
   12180.0
   12487.0
   12572.8
   12622.3
   12655.7
   12757.9
   12900.2
   13369.5
   13712.7
   13764.4
   14078.2
   14149.8
   14314.8
   14315.2
   14338.8
   14376.7
   14444.6
   15000.8
   15046.4
   15106.1
   15286.8
   15539.8
   15794.5
   15805.6
   15970.8
   16017.3
   16044.4
   16467.1
   16499.1
   16901.5
   17147.0
   17249.3
   17405.5
   17454.3
   17637.6
   17669.9
   17730.1
   17838.4
   18396.5
   18888.2
   18927.4
   19016.2
   19340.4
   19432.7
   19717.1
   19828.0
   19863.9
   19882.1
   20151.0
   20179.2
   20706.2
   20781.7
   21063.5
   21145.0
   21187.0
   21277.5
   21286.9
   21307.0
   21410.2
   21432.3
   21566.1
   21577.7
   21674.7
   21765.7
   21773.6
   22800.9
   22837.7
   22864.8
