     220.7
     434.3
     579.2
     581.9
     612.7
     696.4
     955.9
     964.3
    1309.3
    1422.0
    1468.6
    1542.5
    1613.5
    2146.4
    2296.5
    2429.9
    2492.8
    3433.9
    3448.9
    3469.0
    4045.8
    4047.0
    4079.2
    4126.1
    4204.7
    4206.4
    4228.9
    4643.1
    4710.9
    5439.6
    6383.0
    6480.1
    6725.9
    7275.3
    7612.5
    7691.0
    7985.0
    7990.6
    8357.0
    8480.7
    8530.9
    8536.4
    8600.1
    8761.2
    8821.0
    8836.6
    8964.1
    9026.8
    9228.1
    9374.8
    9397.6
    9436.7
    9568.0
    9569.9
    9675.1
    9848.5
   10158.6
   10497.7
   10511.8
   10792.7
   10811.2
   11040.9
   12036.9
   12191.7
   12452.9
   12627.8
   12703.5
   12732.9
   12771.7
   12781.8
   13095.6
   13509.6
   14682.4
   14924.5
   14996.9
   15142.6
   15510.1
   15632.0
   15771.0
   15886.9
   16545.2
   16577.7
   16805.9
   17306.8
   17389.1
   17467.6
   17530.5
   17546.2
   17841.9
   18036.4
   18110.3
   18352.9
   18387.6
   18902.9
   18965.7
   19231.4
   19305.1
   19504.6
   20618.1
   20801.9
   21063.2
   21184.5
   21197.1
   21435.5
   21598.7
   21634.0
   21669.1
   22403.8
   22517.8
   22782.6
