     546.1
     586.6
     720.9
     903.1
    1577.9
    2222.1
    2442.0
    2768.9
    2974.7
    3125.5
    3233.3
    3504.9
    4049.7
    4140.9
    4194.1
    4664.5
    4822.6
    4866.5
    5180.3
    5278.9
    5438.8
    5441.1
    5664.6
    5770.8
    5785.2
    5817.0
    6299.1
    6320.1
    6423.2
    6443.6
    6473.9
    6690.7
    6732.1
    6784.0
    6809.5
    6809.9
    6894.4
    7179.9
    7352.1
    7643.4
    7805.4
    8022.4
    8515.7
    8595.1
    8725.6
    8792.3
    9413.8
    9555.6
    9724.1
   10008.9
   10083.4
   10161.8
   10389.1
   10491.2
   10601.7
   10670.0
   10720.3
   10723.5
   11097.4
   11476.8
   12097.5
   12180.1
   12198.7
   12202.1
   12327.0
   12418.8
   12525.2
   12632.1
   12738.3
   12813.1
   12962.6
   12999.8
   13010.2
   13075.2
   13430.3
   13498.7
   14113.3
   14381.7
   14460.5
   14553.5
   14625.9
   15355.5
   15454.0
   15654.8
   16138.2
   16234.3
   16254.4
   16394.6
   16490.4
   16698.1
   16737.3
   17155.3
   17290.0
   17424.5
   17450.0
   17488.4
   17546.1
   17601.3
   17750.6
   17980.0
   18178.9
   18403.3
   18578.4
   18648.7
   19520.7
   19628.5
   19737.0
   19789.1
   19795.6
   20009.2
   20025.1
   20088.9
   20315.5
   20431.1
   20571.3
   20613.1
   20673.0
   20753.2
   20840.8
   21083.7
   21229.0
   21257.6
   21846.9
   21850.4
   22253.8
   22370.6
   22579.7
   22910.6
