     849.5
    1215.1
    1300.8
    1505.1
    1661.1
    1716.6
    1932.9
    1956.7
    2156.6
    2734.4
    2755.8
    2874.1
    3440.2
    3555.4
    3607.4
    3893.3
    3935.6
    4154.5
    4172.2
    4183.8
    4389.1
    4693.0
    4736.3
    4845.5
    5089.2
    5461.0
    5542.9
    5616.7
    6096.2
    6765.1
    6883.4
    7037.0
    7258.5
    7655.3
    7679.4
    7764.1
    8216.1
    8553.4
    8568.6
    8606.2
    8779.3
    8876.6
    8991.3
    9022.9
    9081.2
    9249.6
    9676.7
    9684.9
    9686.6
    9830.5
    9964.9
    9983.8
   10042.6
   10047.2
   10063.2
   10578.7
   10614.3
   10851.0
   11039.4
   11442.0
   11514.1
   11896.9
   12080.6
   12122.4
   12186.5
   12464.0
   12474.6
   12572.9
   12599.3
   12657.5
   12842.7
   12858.4
   12925.1
   13118.5
   13773.2
   13947.5
   14009.0
   14166.5
   14386.5
   14418.8
   14643.8
   14649.2
   14817.7
   15238.7
   15592.5
   15633.8
   15749.1
   16029.9
   16094.8
   16632.8
   17228.1
   17269.2
   17484.1
   17516.8
   17806.5
   18053.5
   18311.3
   18322.6
   18436.8
   18736.9
   19063.0
   19213.5
   19213.9
   19387.8
   19426.4
   19487.7
   19740.9
   20526.0
   20540.2
   21094.8
   21174.9
   21251.2
   21307.3
   21786.9
   21914.0
   22385.5
   22461.7
   22817.0
   22947.1
