     156.3
     528.4
     904.6
    1120.0
    1187.4
    1224.5
    1411.6
    1548.0
    1779.1
    1822.0
    2019.4
    2191.0
    2215.9
    2777.6
    2861.3
    2966.7
    3039.0
    3200.6
    3237.4
    3507.2
    3556.5
    3742.1
    3913.9
    4087.8
    4091.2
    4652.6
    4720.4
    5130.9
    5146.8
    5420.7
    5471.2
    5552.4
    5868.0
    5934.2
    6022.1
    6364.3
    6415.4
    6865.9
    6975.0
    7779.3
    7904.5
    7923.5
    8038.9
    8040.1
    8111.6
    8463.7
    8484.1
    8945.3
    9207.8
    9262.8
    9473.7
    9622.2
    9864.5
   10391.8
   10713.1
   10921.4
   11138.1
   11279.3
   11526.8
   11760.1
   12025.2
   12874.0
   12925.9
   13183.9
   13265.6
   13357.8
   13380.0
   13706.5
   13975.2
   14098.7
   14132.6
   14323.2
   14707.4
   15524.0
   15588.7
   15644.2
   16300.5
   16426.6
   16865.5
   16971.4
   17148.4
   17281.4
   17396.3
   17650.6
   17908.9
   17927.1
   18228.7
   18342.8
   18743.1
   19101.1
   19233.8
   19276.6
   19424.3
   19489.0
   19923.9
   19956.5
   20171.6
   20782.6
   20887.3
   20997.1
   21158.8
   21229.3
   21499.8
   21615.9
   21828.6
   21951.0
   21963.2
   22259.4
   22423.5
   22675.9
