     478.8
    1309.1
    1325.3
    1368.0
    1606.7
    1707.2
    1739.4
    1741.0
    1756.7
    1760.0
    1892.1
    1893.0
    2234.2
    2401.4
    2649.7
    2653.9
    2694.3
    2842.8
    2998.9
    3056.9
    3212.4
    3262.2
    3326.4
    3508.4
    3940.3
    4017.7
    4317.8
    4409.8
    4759.8
    5155.2
    5252.9
    5336.6
    5454.6
    5547.9
    5789.5
    5834.4
    6296.9
    6324.1
    6463.3
    6576.1
    6642.0
    6775.2
    7032.3
    7132.6
    7254.7
    7417.7
    7467.4
    7627.4
    7684.7
    7736.3
    7771.9
    7901.7
    8014.7
    8142.1
    8540.0
    8586.2
    8685.3
    8831.0
    8919.4
    9185.9
    9684.4
    9734.9
    9842.3
   10094.1
   10114.0
   10148.3
   10186.6
   10405.3
   10746.0
   10887.8
   11017.6
   11275.2
   11475.0
   11788.2
   12014.9
   12568.8
   12734.6
   12942.2
   13036.8
   13095.3
   13104.3
   13241.5
   14490.4
   14519.9
   14574.3
   15152.2
   15276.7
   15532.7
   15643.3
   15943.9
   16001.1
   16102.3
   16867.8
   16883.1
   17209.2
   17361.8
   17853.7
   18483.4
   18668.3
   18920.6
   19233.9
   19395.0
   19694.8
   19868.1
   20252.1
   20283.1
   20382.9
   20402.9
   20470.2
   20480.3
   21044.5
   21067.2
   21522.1
   21800.4
   22354.0
   22415.1
   22465.7
   22480.5
