     195.4
     203.3
     239.2
     517.7
     754.7
     755.8
     801.2
     958.8
    1163.1
    1251.8
    2232.3
    2344.7
    2621.8
    2686.6
    2998.8
    3030.6
    3124.1
    3146.4
    3274.8
    3393.6
    3549.0
    3843.6
    4411.3
    4772.5
    4782.2
    4893.5
    5162.7
    5440.8
    5634.3
    5960.7
    6045.0
    6239.5
    6456.7
    6469.2
    6591.4
    6604.6
    6655.5
    6662.3
    7454.3
    8250.1
    8298.1
    8431.5
    8857.9
    9175.2
    9238.4
    9531.8
    9662.4
    9841.0
    9841.8
   10125.0
   10181.3
   10219.7
   10438.8
   10464.2
   10637.9
   10724.6
   10987.3
   11112.3
   11157.7
   11357.4
   11458.5
   11629.5
   11788.4
   11848.5
   12283.2
   12534.4
   13094.9
   13537.4
   14049.4
   14184.5
   14425.5
   14443.8
   15578.5
   15863.8
   15934.9
   15956.0
   16177.8
   16242.4
   16490.8
   16573.2
   16777.3
   16786.1
   17015.5
   17788.2
   18000.4
   18075.3
   18244.3
   18477.7
   18649.5
   18707.4
   18980.7
   19214.1
   19822.2
   19940.9
   19981.4
   20001.8
   20031.1
   20072.1
   20095.8
   20210.5
   20266.9
   20526.7
   20738.7
   20939.2
   21238.5
   21288.7
   21331.6
   21815.2
   21918.7
   22101.4
   22194.8
   22512.1
   22792.0
   22941.4
