      19.0
     204.2
     242.9
     284.6
     514.8
     566.4
     910.5
    1081.9
    1160.2
    1186.0
    1190.5
    1207.7
    1773.9
    2178.2
    2319.9
    2322.9
    2719.5
    3033.4
    3195.7
    3407.5
    3754.7
    3794.7
    3857.9
    4150.0
    4181.1
    4240.7
    4399.8
    4605.5
    4642.7
    4728.3
    5388.1
    5398.4
    5536.7
    5901.7
    5930.1
    6095.7
    6113.4
    6415.1
    7576.7
    7859.7
    8157.8
    8228.3
    8766.6
    8931.1
    9310.2
    9341.8
    9603.1
    9755.8
    9878.4
    9961.3
   10080.6
   10465.1
   10496.1
   10609.4
   10811.6
   11173.7
   11180.4
   11713.0
   11725.5
   11836.0
   12021.9
   12131.0
   12254.1
   12327.8
   12353.8
   12371.4
   13029.7
   13502.1
   13624.2
   13704.4
   14435.5
   14467.6
   14567.6
   14681.5
   14728.7
   14808.1
   14961.3
   15079.5
   15575.4
   15609.2
   16027.4
   16238.4
   16273.5
   16594.9
   16676.5
   16785.5
   16888.6
   16900.4
   17136.8
   17339.0
   17668.0
   17686.9
   18005.8
   18181.8
   18233.9
   18253.6
   18424.5
   18473.7
   18714.4
   18761.2
   18763.0
   19015.7
   19113.9
   19123.5
   19248.8
   19642.0
   20183.7
   20325.1
   20400.9
   20414.3
   20539.2
   20919.5
   21130.9
   21142.5
   21217.6
   21248.9
   21515.3
   21687.0
   21705.6
   21858.5
   22005.1
   22187.9
   22534.6
   22581.7
   22620.9
   22727.4
   22928.6
