      21.6
     390.5
     680.3
     740.6
     895.9
    1149.3
    1483.1
    1895.1
    1921.6
    2069.0
    2477.4
    2557.2
    2713.1
    2894.8
    2941.3
    3014.2
    3453.2
    3735.6
    3769.3
    3900.7
    4457.4
    4623.1
    4692.4
    4926.6
    4986.5
    5951.1
    6262.0
    6375.5
    6392.0
    6506.1
    6885.1
    7168.0
    7289.7
    7359.3
    7370.7
    7507.2
    7599.9
    7680.4
    7684.4
    7839.7
    7874.1
    7972.7
    8026.4
    8040.2
    8496.7
    8837.6
    8842.1
    9396.5
    9423.2
    9498.0
    9508.2
    9575.0
    9662.2
    9787.5
   10045.8
   10135.2
   10154.6
   10306.2
   10908.0
   10953.5
   11023.6
   11121.3
   11411.4
   11597.0
   11673.4
   11678.0
   12064.1
   12515.0
   12772.7
   13099.2
   13267.5
   13567.4
   13624.1
   13663.7
   13778.6
   13866.4
   13951.9
   14040.5
   14296.1
   14382.0
   14558.4
   15156.7
   15224.1
   15328.7
   15773.4
   15802.1
   15863.7
   16136.6
   16272.0
   16378.0
   16844.8
   16895.7
   17007.1
   17196.2
   17692.8
   17751.3
   17873.7
   18151.9
   18824.1
   18843.5
   19228.8
   19415.5
   19757.5
   19952.0
   19957.7
   20145.5
   20636.0
   21223.3
   21276.8
   21282.3
   21471.3
   21814.3
   22112.6
   22315.5
   22433.0
   22467.0
   22825.7
   22973.8
