      36.0
      41.1
     325.7
     533.4
     675.2
     842.7
     968.8
    1034.2
    1042.4
    1144.8
    1696.0
    1751.0
    1855.4
    2269.9
    2463.5
    2675.2
    2731.2
    2733.6
    2835.8
    2905.4
    3390.6
    3460.0
    3555.3
    4065.8
    4127.0
    4929.3
    5013.9
    5022.2
    5150.5
    5413.7
    5533.4
    5713.2
    6301.2
    6641.6
    6719.6
    6728.0
    6838.4
    7051.8
    7130.0
    7168.5
    7211.1
    7331.9
    7579.4
    7919.2
    8072.3
    8577.5
    8824.8
    9273.9
    9588.3
    9781.0
    9802.2
    9915.5
   10213.7
   10255.8
   10315.6
   10393.4
   10726.6
   10732.4
   10964.7
   11000.2
   11188.6
   11219.7
   11221.1
   11576.8
   11761.6
   11790.3
   12168.7
   12390.8
   12478.9
   12610.3
   12617.5
   12657.6
   12675.1
   12923.3
   13825.4
   13942.3
   14088.5
   14101.6
   14111.6
   14118.2
   14134.8
   14261.5
   14443.3
   14856.9
   16028.3
   16259.8
   16349.3
   16721.4
   17603.6
   18053.1
   18251.7
   18417.3
   18657.0
   18727.0
   18970.1
   19060.2
   19363.8
   19400.0
   19604.7
   20097.3
   20309.6
   20813.4
   20851.7
   21100.5
   21132.2
   21541.2
   21654.5
   21883.4
   22172.5
   22196.6
   22315.4
   22643.0
   22725.7
   22932.2
