      30.8
     166.5
     238.9
     277.1
     462.2
     608.2
     941.6
    1934.3
    1934.9
    2103.4
    2668.3
    2703.3
    2749.7
    2998.5
    3628.6
    3698.8
    3754.1
    4114.2
    4553.0
    4711.3
    4718.9
    4757.6
    5300.9
    5450.9
    5735.5
    6379.2
    6607.3
    6732.0
    7075.5
    7112.6
    7195.3
    8072.8
    8123.8
    9219.3
    9680.4
    9748.5
    9956.2
   10105.8
   10276.5
   10293.8
   10410.0
   10543.7
   10563.4
   10703.6
   10944.8
   10962.4
   11256.7
   11677.0
   12163.9
   12402.5
   12464.6
   12779.9
   12999.0
   13477.4
   13770.2
   13874.3
   14156.9
   14203.3
   14266.7
   14311.0
   14549.5
   14873.5
   15035.5
   15231.0
   15601.6
   15743.7
   16181.6
   16212.0
   16304.5
   16427.9
   16459.5
   16749.6
   17335.3
   17442.9
   17601.5
   17713.7
   17737.3
   17907.7
   17940.5
   18007.7
   18137.3
   18169.3
   18631.2
   19643.2
   19786.2
   20363.7
   20454.6
   20495.9
   20677.8
   20928.0
   21119.2
   21171.8
   21282.7
   21422.2
   21433.2
   21577.7
   21911.9
   21978.2
   22031.8
   22102.0
   22124.9
   22630.1
   22636.4
   22668.2
   22720.4
