     197.9
     432.4
    1068.2
    1216.3
    1233.5
    1442.1
    1972.5
    2295.5
    2323.6
    2534.4
    2701.6
    2783.5
    2998.2
    3182.9
    3227.8
    3740.5
    3981.2
    4096.2
    4387.0
    4439.6
    4629.6
    4704.4
    4882.3
    4932.6
    4933.7
    4945.9
    4969.3
    5122.7
    5318.6
    5574.1
    5660.7
    5766.2
    5766.8
    5819.4
    5821.6
    5937.3
    6235.9
    6380.6
    6540.6
    6576.0
    6608.4
    6624.6
    6782.1
    6948.9
    7136.8
    7198.4
    7395.9
    8044.6
    8137.9
    9369.8
    9623.0
    9765.8
   10211.3
   10310.9
   10424.4
   10734.2
   11050.8
   11172.1
   11824.8
   11909.8
   12038.0
   12149.8
   12163.5
   12337.0
   12670.4
   12949.4
   12969.8
   13415.4
   13428.7
   13449.3
   13533.1
   13587.8
   13887.2
   13951.2
   14085.5
   14268.2
   14482.1
   14556.6
   15052.2
   15617.0
   15761.4
   16174.0
   16288.4
   16297.2
   16443.6
   16473.1
   16686.1
   17022.8
   17055.9
   17109.0
   17455.3
   17993.4
   18318.3
   18364.8
   18642.0
   18895.0
   19013.8
   19046.0
   19135.3
   19951.4
   20074.0
   20435.3
   20441.9
   21219.7
   21428.4
   21651.4
   21652.4
   21703.4
   21896.5
   22213.0
   22339.2
   22430.6
   22542.2
   22581.5
   22909.8
