       9.1
     111.2
     191.2
     477.9
     562.2
    1101.3
    1170.0
    1464.3
    1604.1
    1728.6
    1907.6
    1909.5
    1932.7
    1990.2
    2198.3
    2314.0
    2646.7
    2653.8
    2685.9
    2880.8
    2935.3
    3328.9
    3453.1
    3520.3
    3573.0
    3580.0
    3607.2
    3632.3
    3695.4
    3778.1
    4281.0
    4588.2
    4782.5
    4793.6
    5020.9
    5034.9
    5458.1
    5572.0
    5844.6
    6121.5
    6890.7
    6958.0
    7234.0
    7334.7
    7645.4
    7702.7
    8959.5
    9060.5
    9153.6
    9380.0
    9647.9
    9723.7
   10120.1
   10587.2
   10956.5
   11043.8
   11175.8
   11466.8
   11526.1
   11739.4
   11848.3
   11854.5
   12072.4
   12170.6
   12552.5
   12733.8
   12757.7
   12862.4
   12953.4
   12994.4
   13451.7
   13583.5
   13814.0
   14091.5
   14416.0
   14998.8
   15073.9
   15431.4
   15496.8
   15565.0
   15568.2
   15579.1
   15949.5
   16031.8
   16138.6
   16392.8
   16511.2
   17171.8
   17347.7
   17380.7
   17667.7
   17743.1
   17764.0
   17891.4
   17905.1
   18043.0
   19059.9
   19197.0
   19426.1
   19757.4
   19862.2
   19969.4
   20020.9
   20126.4
   20141.5
   20363.9
   20509.2
   20602.0
   20890.1
   21053.0
   21251.1
   21380.9
   21488.6
   21581.7
   21600.6
   21614.9
   22027.6
   22896.3
   22910.8
   22927.0
   22931.7
