     244.6
     681.7
     701.4
     988.9
    1070.8
    1404.5
    1427.1
    1529.8
    1807.6
    2037.0
    2224.2
    2293.5
    2444.3
    2532.3
    2612.8
    2623.4
    2697.8
    2717.5
    2898.2
    2899.8
    3053.5
    3160.0
    3343.1
    4035.7
    4636.0
    4951.0
    5311.2
    5590.8
    5658.3
    5797.3
    5990.5
    6393.7
    6450.4
    6457.0
    6668.0
    6697.7
    6909.4
    7272.9
    7582.1
    7592.3
    7615.1
    7634.1
    7689.0
    7901.6
    8033.4
    8656.0
    8737.2
    8870.9
    8942.9
    9484.7
    9499.9
    9866.8
   10285.9
   10669.0
   10674.9
   11061.1
   11341.3
   11617.1
   11687.9
   11871.2
   12140.4
   12149.7
   12459.1
   12526.3
   12692.7
   13265.7
   13295.4
   13337.2
   13557.1
   13807.7
   14016.9
   14809.6
   14917.7
   15192.4
   15539.9
   15691.6
   15916.1
   16188.8
   16551.1
   16673.4
   17164.4
   17231.6
   17359.8
   17727.6
   17934.5
   18208.1
   18289.3
   18484.6
   18500.6
   18749.5
   19012.8
   19118.2
   19390.9
   19391.7
   19618.3
   20113.3
   20251.4
   20322.4
   20427.4
   20858.4
   21174.3
   21192.1
   21604.6
   21634.5
   21681.5
   22109.1
   22329.7
   22376.4
   22384.8
   22392.6
   22543.9
   22565.0
