     316.6
     461.6
     682.9
     891.4
    1030.2
    1054.7
    1382.6
    1385.9
    1437.7
    1463.8
    1486.0
    1489.0
    1745.6
    1813.8
    2219.2
    2345.1
    2467.9
    2636.3
    2691.3
    2950.6
    3699.4
    4127.7
    4133.4
    4471.8
    4473.9
    4523.1
    5173.8
    5533.8
    5605.5
    5723.2
    5775.8
    5818.4
    5971.7
    6021.9
    6199.0
    6404.9
    6469.4
    6485.4
    6762.3
    7036.3
    7232.0
    7236.1
    7271.4
    7601.1
    8118.0
    8340.1
    8812.3
    9236.9
    9682.6
    9798.3
    9799.8
   10226.3
   10895.6
   11133.3
   11168.6
   11781.9
   11945.1
   12047.1
   12124.1
   12179.1
   12484.2
   12864.5
   13053.7
   13212.1
   13553.0
   13568.9
   13866.4
   13980.1
   14017.8
   14665.1
   14706.5
   15408.9
   15501.1
   15690.0
   16000.0
   16221.7
   16429.0
   16512.3
   16668.5
   16719.8
   16918.5
   17355.7
   17589.5
   17705.0
   18092.3
   18252.4
   18299.6
   18603.2
   18650.3
   18678.3
   19582.8
   19726.3
   19751.0
   19767.8
   19896.8
   19997.3
   19999.1
   20069.3
   20237.1
   20603.3
   20915.6
   21054.6
   21718.1
   21740.3
   21922.4
   22058.6
