     259.4
     415.2
     727.6
     845.4
    1149.5
    1802.0
    1840.9
    1845.1
    2342.5
    2462.6
    2483.5
    2510.7
    3021.8
    3172.7
    3359.9
    3413.1
    3602.5
    3779.6
    3780.3
    3932.4
    4577.0
    4691.9
    4702.1
    5084.5
    5172.2
    5525.6
    6207.5
    6427.6
    6713.1
    7090.1
    7264.6
    7937.8
    8025.9
    8158.7
    8171.7
    8550.1
    8820.2
    9067.8
    9224.8
    9268.8
    9296.1
    9431.9
    9464.9
    9828.3
    9992.8
   10045.3
   10082.4
   10109.2
   10155.1
   10406.1
   10445.8
   10931.4
   11029.9
   11040.3
   11110.6
   11128.4
   11239.0
   11511.7
   11597.7
   11700.3
   11716.5
   11977.8
   11991.4
   12017.5
   12216.3
   12348.6
   12691.8
   12743.1
   12774.6
   12821.1
   12892.7
   13537.3
   13582.4
   13598.9
   13627.9
   13897.6
   13999.1
   14297.0
   14330.6
   14333.6
   14586.0
   14599.3
   15132.8
   15152.1
   15828.9
   15935.6
   16079.7
   16227.6
   16266.9
   16378.8
   16613.1
   16631.0
   16874.6
   17026.4
   17248.4
   17332.0
   17339.1
   17815.9
   18032.1
   18241.2
   18265.5
   18467.6
   18473.6
   18777.5
   18959.9
   19089.0
   19529.0
   19598.1
   19654.4
   19675.0
   19868.8
   19954.9
   20148.3
   20260.5
   20270.1
   20280.6
   20514.2
   20563.9
   20626.4
   20651.9
   20654.1
   20811.6
   21167.7
   21268.2
   21408.9
   21414.7
   22082.3
   22131.5
   22243.9
   22750.9
