     648.9
    1269.7
    1314.0
    1685.2
    1691.7
    1824.2
    2029.8
    2664.5
    2669.6
    2803.6
    2815.2
    3075.4
    3324.5
    3544.4
    4086.8
    4130.7
    4266.7
    4467.2
    4486.6
    4522.2
    4960.3
    5135.3
    5223.2
    5897.7
    5919.4
    6310.0
    6811.5
    7163.1
    7594.4
    7622.9
    7829.9
    8082.0
    8652.3
    8915.2
    9237.1
    9273.4
    9318.2
    9533.4
    9548.8
    9562.5
    9753.2
    9925.2
   10392.6
   10499.6
   11031.9
   11337.9
   11364.1
   11654.5
   11820.0
   12000.2
   12286.5
   12714.9
   12778.8
   12989.0
   13169.7
   13332.9
   13743.7
   14022.5
   14079.5
   14130.6
   14319.8
   14935.9
   14968.8
   15139.2
   15175.3
   15183.7
   15191.8
   15311.7
   15397.8
   15457.6
   15482.5
   15668.3
   15677.8
   15812.5
   16331.1
   17016.1
   17032.1
   17270.5
   17515.6
   17547.8
   17637.7
   17638.0
   17830.6
   18000.0
   18017.7
   18025.1
   18499.3
   18754.8
   19020.5
   19535.4
   19537.5
   19802.3
   19885.0
   20250.9
   20255.7
   20367.4
   20459.9
   20720.8
   20944.3
   20971.4
   21390.5
   21437.4
   21554.9
   21812.6
   22089.4
   22776.4
   22937.5
