     163.7
     197.9
     410.6
     544.7
     691.0
    1061.7
    1362.1
    1774.1
    2007.0
    2209.6
    2531.4
    2871.6
    2896.3
    3059.4
    3203.6
    3248.1
    3269.4
    3623.6
    3773.9
    4099.4
    4155.0
    4183.2
    4219.7
    4651.8
    4943.2
    5149.1
    5203.8
    5357.6
    5482.8
    5551.4
    5592.7
    5629.7
    5942.4
    5985.0
    6567.9
    6829.7
    7194.1
    7738.2
    7764.2
    8112.0
    8215.7
    8881.0
    8957.5
    9103.6
    9605.6
    9646.2
    9892.2
   10033.3
   10240.4
   10395.9
   11068.3
   11098.2
   11284.7
   11779.7
   11788.7
   11970.8
   12064.7
   12068.9
   12256.1
   12264.5
   12429.6
   12499.3
   12558.0
   12747.6
   12812.4
   12997.5
   13065.9
   13093.6
   13249.1
   13399.2
   14514.1
   14553.6
   14619.7
   14802.2
   14990.2
   15132.9
   15389.1
   15541.7
   15812.2
   15872.7
   16184.7
   16302.2
   16591.7
   16900.7
   16939.6
   17441.0
   17616.3
   17854.2
   17855.1
   17886.7
   18015.7
   18227.4
   18366.1
   18625.6
   18710.2
   18721.8
   18750.7
   18813.9
   19648.1
   19746.6
   19815.6
   20123.2
   20298.9
   20574.1
   20987.5
   21374.0
   21875.7
   22033.7
   22062.2
   22147.8
   22483.9
   22688.5
