     180.8
     348.9
     566.2
     968.0
    1140.5
    1184.8
    1215.3
    1325.3
    1538.4
    1633.1
    1747.4
    2216.8
    2370.7
    2410.1
    3030.3
    3214.6
    3238.6
    3374.1
    3439.8
    3677.1
    3942.8
    3960.9
    4188.3
    4290.2
    4717.2
    4899.1
    4923.1
    5276.1
    5298.9
    5391.0
    5444.6
    5663.1
    5740.2
    6251.2
    6271.0
    6346.6
    6520.0
    6542.7
    6820.9
    6851.7
    6853.8
    7169.4
    7388.9
    7391.8
    7438.4
    7449.8
    7559.9
    7639.6
    8139.1
    8316.1
    8334.3
    8473.7
    9411.7
    9550.9
    9815.3
   10041.0
   10460.9
   11180.7
   11194.5
   11244.1
   11656.6
   11814.7
   11851.0
   11900.3
   12294.8
   12375.9
   12473.3
   13127.9
   13178.4
   13295.0
   13425.0
   13631.6
   13792.1
   13821.4
   13873.9
   13883.5
   14235.7
   14435.5
   14487.5
   14559.3
   14675.8
   14805.7
   15180.9
   15243.8
   15263.4
   15272.2
   15412.5
   15679.2
   15845.5
   15947.5
   16077.3
   16495.0
   17195.3
   17200.6
   17363.5
   17814.2
   18322.2
   18535.7
   18823.4
   18854.1
   18941.3
   18955.1
   19109.1
   19276.7
   19742.0
   20156.3
   20508.5
   20748.0
   20782.9
   20787.4
   21252.7
   21305.2
   21309.0
   21403.0
   21472.9
   21801.1
   21829.4
   22392.7
   22585.5
   22618.7
   22622.4
