     126.0
     353.5
     356.0
     949.7
    1243.1
    1416.6
    1488.1
    1700.0
    1910.5
    1962.4
    2006.5
    2170.3
    2481.2
    2493.6
    2623.8
    2946.6
    3132.0
    3224.8
    3663.1
    3696.6
    3772.8
    3787.4
    3943.6
    3990.5
    4412.4
    4755.9
    4763.1
    4889.1
    5000.3
    5227.3
    5328.0
    5623.9
    5632.2
    5686.2
    5749.5
    5800.4
    5827.7
    5877.1
    5929.1
    6058.2
    6071.4
    6358.9
    6484.5
    6614.4
    6615.4
    6794.2
    6938.9
    7299.4
    7303.4
    7460.5
    7573.7
    8143.2
    8432.8
    8602.9
    8971.7
    9100.5
    9308.3
    9378.2
    9486.5
    9643.8
    9958.8
   10175.3
   10186.5
   10388.2
   10393.6
   10812.4
   11155.8
   11172.6
   11257.6
   11577.6
   11861.0
   11868.1
   12194.5
   12315.3
   12369.7
   12974.5
   13114.4
   13298.5
   13443.8
   13565.0
   13867.6
   13993.4
   14195.2
   14239.4
   14548.8
   14660.0
   14693.4
   14768.9
   14952.6
   14956.4
   15037.7
   15155.4
   15261.0
   15496.1
   15735.0
   15749.7
   16063.8
   16259.9
   16392.9
   17044.8
   17128.2
   17187.6
   17188.8
   17256.1
   17319.4
   17333.8
   17652.4
   17659.7
   17680.9
   18039.7
   18165.6
   18311.9
   18315.0
   18371.6
   18674.1
   18763.0
   18822.6
   18826.4
   19163.0
   19417.5
   19617.3
   20028.4
   20126.6
   20557.2
   21176.5
   21227.2
   21369.6
   21538.6
   21738.6
   21978.5
   22222.7
   22741.7
   22764.3
   22887.7
   22991.9
   22992.0
