     137.9
     477.7
     511.9
    1247.8
    1273.2
    1433.6
    1502.7
    1513.9
    1569.2
    1671.8
    2164.9
    2531.6
    3167.1
    3499.0
    3730.6
    3917.4
    4239.0
    4554.5
    4684.2
    4768.8
    5005.9
    5057.4
    5517.8
    5783.7
    6031.7
    6274.8
    6803.7
    7213.0
    7376.0
    7864.4
    8198.6
    8406.8
    9170.1
    9525.3
   10040.8
   10853.0
   10891.1
   10896.9
   10923.9
   11164.5
   11316.5
   11430.7
   11494.5
   11535.7
   11903.2
   12047.4
   12186.1
   12612.3
   12717.6
   12911.4
   12973.3
   13108.5
   13386.2
   13575.2
   13642.6
   13743.5
   13816.8
   13911.7
   14485.8
   14704.1
   14782.2
   15484.3
   15742.9
   15943.9
   16321.9
   16796.5
   16909.3
   17003.5
   17371.4
   17387.4
   17889.8
   18012.5
   18547.0
   18577.6
   18756.5
   18837.2
   19129.7
   19178.7
   19579.5
   19642.4
   19702.4
   19791.0
   20075.6
   20106.4
   20513.2
   20633.8
   20659.9
   20773.2
   20837.1
   21391.9
   21523.6
   21635.3
   21640.5
   21837.2
   21907.9
   22006.8
   22083.4
   22603.2
   22708.0
