     237.7
     441.9
     721.1
     883.8
    1317.6
    1371.6
    1449.3
    1506.3
    1558.3
    1693.6
    2099.2
    2136.0
    2252.6
    2443.4
    2625.7
    3019.8
    3258.9
    3323.8
    3330.3
    3580.3
    3814.1
    3830.2
    4162.9
    4198.3
    4214.6
    4508.0
    4765.3
    4859.0
    5176.6
    5247.0
    5254.2
    5316.0
    5391.7
    5427.2
    5440.0
    5688.3
    5783.6
    5978.5
    5993.0
    6410.0
    6512.8
    6517.2
    6593.4
    6777.5
    6826.0
    6869.8
    7118.1
    7319.4
    7346.3
    7607.2
    7808.4
    8407.7
    8459.5
    8498.3
    8553.9
    9066.7
    9542.3
    9568.2
    9807.7
   10045.3
   10081.8
   10360.8
   10408.4
   10791.1
   11219.0
   11259.1
   11298.8
   11397.7
   11495.1
   11504.5
   11513.9
   11519.7
   11568.5
   11681.4
   11956.6
   12184.3
   12198.7
   12277.1
   12351.8
   12399.7
   12909.8
   13162.2
   13235.8
   13323.4
   13394.9
   13882.4
   14055.4
   14091.2
   14366.9
   14391.7
   15003.9
   15058.4
   15066.2
   15077.1
   15459.5
   15519.7
   15648.1
   15810.7
   16425.2
   16620.5
   16848.6
   16977.2
   17042.3
   17381.4
   17454.0
   17667.7
   17827.4
   17902.4
   17988.6
   18720.0
   18873.6
   18887.7
   18958.9
   19534.3
   19690.1
   19696.2
   19800.3
   19900.7
   19959.2
   20303.6
   20332.7
   20508.3
   20592.3
   20633.3
   20704.6
   20812.6
   20936.7
   21037.6
   21039.5
   21041.2
   21329.8
   21545.7
   21716.1
   21777.1
   21927.0
   21963.3
   22507.3
   22692.1
   22857.9
