    1020.7
    1424.5
    1945.7
    2143.4
    2191.4
    2289.1
    2382.0
    2592.9
    2704.3
    2739.5
    2761.6
    2766.0
    3353.9
    3354.7
    3865.8
    4005.0
    4237.7
    4488.5
    4691.1
    4818.6
    5028.2
    5935.1
    6216.0
    6300.6
    6331.9
    6907.2
    6957.7
    8024.6
    8787.2
    8887.5
    8940.9
    9179.8
    9229.5
    9247.8
    9358.6
    9558.2
    9562.7
    9988.6
   10347.5
   10512.8
   10770.1
   10941.7
   11174.5
   11498.2
   11686.5
   11872.7
   12211.4
   12263.4
   12341.8
   12482.1
   12614.4
   12711.8
   12936.4
   12984.6
   13100.5
   13264.7
   13415.4
   13600.8
   13795.4
   13875.1
   13885.2
   13934.9
   14362.4
   14496.7
   14641.4
   14874.2
   15070.3
   15352.0
   15601.9
   16125.2
   16233.4
   16280.5
   16556.3
   16937.0
   16948.5
   17433.4
   17522.2
   17661.0
   18145.8
   18207.0
   18356.3
   18413.6
   18436.6
   18489.7
   18583.7
   18813.6
   19011.9
   19126.9
   19249.5
   19502.2
   19921.5
   20271.7
   20331.7
   21154.8
   21685.2
   22131.7
   22207.7
   22495.3
   22734.9
   22810.9
   22956.3
