     301.5
     401.3
     424.1
     424.4
     550.6
     672.0
    1199.5
    1307.7
    1474.3
    1512.0
    1893.0
    2549.4
    2646.7
    2789.5
    3223.6
    3496.3
    3669.7
    3720.2
    3734.1
    3749.1
    3790.3
    3809.2
    4138.9
    4967.1
    5010.7
    5048.2
    5181.4
    5196.2
    5289.6
    5363.1
    5560.3
    5933.4
    6065.6
    6250.6
    6477.6
    6550.9
    6892.7
    7044.8
    7058.0
    7223.4
    7692.5
    7860.5
    8160.9
    8310.0
    8847.0
    8986.2
    9099.9
    9255.7
    9310.3
    9427.6
    9460.0
    9682.1
    9683.5
    9842.2
   11150.2
   11312.6
   11618.7
   11646.0
   11790.9
   11829.2
   12729.5
   13062.2
   13240.3
   13384.9
   13519.6
   13858.0
   14154.7
   14411.3
   15097.3
   15321.0
   15473.9
   15630.5
   15708.8
   16258.7
   16412.0
   16754.0
   16771.3
   17138.8
   17190.8
   17203.7
   17304.2
   17305.8
   17560.3
   18452.3
   18753.0
   18938.8
   19114.0
   19253.8
   19898.6
   20041.1
   20160.1
   20236.9
   20282.3
   20397.4
   20493.7
   20874.5
   21099.4
   21728.8
   21764.4
   21838.4
   22002.7
   22039.2
   22215.2
   22255.7
   22456.2
   22610.6
   22789.9
