     130.9
     237.6
     456.8
     703.6
     852.9
    1018.2
    1088.3
    1137.4
    1153.9
    1211.0
    1224.5
    1273.2
    1363.5
    2022.9
    2189.8
    2381.8
    2916.7
    3113.7
    3114.1
    3129.0
    3273.4
    3407.7
    3558.5
    4050.7
    4399.7
    4463.9
    4524.9
    4545.8
    4579.8
    4647.1
    4704.6
    4972.0
    5774.3
    6160.4
    6289.2
    6367.3
    6390.3
    6424.3
    6889.6
    7018.1
    7305.2
    7771.8
    7874.1
    7888.3
    8847.0
    9375.9
    9491.0
   10430.2
   10539.4
   10571.6
   10689.4
   10795.5
   10826.7
   10928.5
   11055.0
   11070.0
   11155.7
   11224.6
   11603.9
   12585.4
   12670.7
   12942.2
   13616.4
   13720.5
   13930.1
   14360.0
   14517.7
   14904.4
   14964.3
   15490.8
   15536.8
   16159.1
   16182.8
   16294.9
   16476.4
   16479.0
   16536.2
   16598.8
   16947.6
   17217.6
   17313.1
   17552.8
   17554.1
   17706.2
   17981.6
   18239.0
   18253.2
   18269.8
   18500.1
   18538.8
   18771.6
   18793.3
   18891.6
   19116.2
   19196.4
   19240.6
   19270.3
   19368.6
   19424.7
   19441.1
   20023.5
   20365.7
   20395.8
   20412.4
   20490.3
   20643.2
   20722.1
   20722.5
   21616.1
   21718.9
   21876.5
   22029.8
   22083.4
   22638.7
   22860.0
