     155.5
     378.5
     513.1
     994.8
    1180.9
    1350.3
    1485.2
    1497.2
    1499.5
    1807.4
    1948.0
    2507.2
    2649.4
    2835.9
    3005.1
    3039.1
    3081.7
    3173.5
    3393.6
    3428.4
    4071.8
    4340.7
    4835.5
    5083.8
    5222.8
    5403.0
    5510.7
    5687.0
    5959.8
    6054.9
    6060.9
    6087.0
    6162.3
    6197.3
    6310.1
    6349.7
    6352.3
    6741.7
    7383.6
    7574.6
    8045.9
    8089.9
    8256.7
    8488.7
    8531.7
    8577.6
    8585.1
    8700.6
    8781.3
    8841.0
    9079.2
    9368.5
    9466.1
    9482.8
    9526.0
    9708.5
    9744.2
    9762.6
    9929.0
   10137.3
   10693.8
   10802.5
   10828.6
   11430.3
   11479.8
   11602.8
   11820.6
   11825.7
   12163.6
   12186.3
   12569.2
   12624.4
   12680.7
   12712.0
   13343.8
   13606.1
   13756.1
   14152.6
   14295.5
   14454.9
   14528.6
   14638.4
   14718.8
   14812.6
   14874.7
   14942.9
   14977.2
   15075.5
   15091.0
   15712.4
   15753.9
   15843.2
   15863.2
   16136.2
   16268.0
   16326.5
   16397.1
   16402.2
   16403.7
   16775.1
   17186.3
   17270.8
   17291.7
   17352.2
   17394.2
   17537.5
   17884.8
   18021.6
   18273.3
   18860.7
   19063.0
   19605.9
   19890.0
   20516.2
   20764.4
   20823.9
   20827.7
   21157.8
   21203.6
   21344.5
   21428.0
   21446.7
   21634.0
   21701.0
   21753.5
   21893.4
   21933.9
   22069.0
   22153.9
   22177.6
   22317.2
   22324.7
   22471.2
   22583.5
   22650.2
   22731.3
   22954.8
   22965.2
   22991.2
