      35.3
     235.7
     476.0
     750.6
     826.7
    1082.5
    1084.3
    1341.0
    1502.9
    1899.7
    2366.3
    2692.3
    2919.4
    3114.8
    3178.1
    3889.1
    3927.0
    4126.5
    4206.2
    4374.2
    4983.4
    5140.9
    5180.2
    5245.9
    5452.2
    5495.8
    5533.1
    5617.5
    5692.1
    5753.3
    5805.9
    5919.2
    6027.8
    6121.6
    6142.9
    6228.5
    6272.3
    6454.8
    6509.5
    6704.3
    6719.7
    7096.0
    7420.3
    7493.3
    7685.4
    7707.5
    7757.8
    7840.4
    8488.5
    8699.4
    8712.5
    9168.9
    9249.1
    9434.1
    9616.5
    9685.2
    9970.8
   10014.1
   10190.2
   10533.0
   10769.4
   10930.5
   11507.8
   11578.0
   11863.2
   11935.8
   12018.7
   12215.7
   12902.6
   12930.2
   13027.1
   13067.2
   13355.5
   13625.4
   13669.9
   13863.3
   14443.6
   15127.9
   15787.7
   16060.8
   16191.6
   16282.7
   16829.2
   17073.1
   17099.6
   17318.0
   17405.7
   17583.1
   17711.1
   17788.3
   17842.4
   17920.6
   18106.7
   18107.9
   18220.3
   18406.0
   18629.1
   18790.8
   19291.6
   19435.4
   19681.2
   19850.4
   20271.2
   20566.1
   20644.3
   20754.8
   20877.9
   21035.9
   21074.5
   21501.5
   21681.8
   21709.1
   21762.0
   21806.8
   22483.1
   22830.2
   22970.8
