     512.8
     810.2
     912.8
    1182.9
    1215.1
    1346.0
    1664.8
    1726.5
    1774.4
    1891.7
    1919.3
    2052.7
    2123.4
    2156.2
    2402.3
    2780.1
    3000.7
    3394.4
    3402.0
    3410.5
    3913.4
    4329.4
    4590.2
    4619.4
    4905.3
    5689.8
    5725.9
    5748.9
    6031.1
    6802.3
    7016.6
    7110.7
    7548.3
    7548.4
    7558.7
    7773.6
    7827.1
    7831.4
    7981.1
    8434.3
    8540.6
    8822.4
    9025.9
    9796.1
    9977.1
   10108.9
   10160.3
   10223.6
   10456.3
   10813.0
   10891.0
   11165.6
   11210.8
   12022.5
   12084.1
   12484.6
   12640.3
   12689.4
   12856.0
   12986.7
   13331.3
   13451.3
   13572.2
   14438.7
   14506.6
   14962.4
   15009.5
   15421.1
   15573.1
   15730.6
   15866.0
   15901.3
   16055.9
   16127.4
   16151.0
   16289.7
   16314.9
   16326.9
   16327.7
   16548.9
   16639.4
   16908.1
   16957.2
   17054.0
   18077.5
   18126.8
   18555.4
   18658.4
   18882.2
   18932.5
   19195.3
   19377.5
   19666.9
   19750.7
   19948.2
   20152.3
   20267.9
   20503.5
   21045.7
   21280.7
   21603.0
   21679.9
   21800.2
   21961.9
   22334.5
   22495.4
