      72.3
     128.8
     129.3
     308.1
     451.1
     512.9
     573.1
     587.8
    1054.0
    1334.1
    1675.9
    1702.8
    2339.8
    2603.9
    2669.4
    2820.3
    2919.5
    2926.0
    3152.4
    3790.2
    3800.9
    4285.8
    4413.4
    4456.6
    4521.6
    5438.7
    5747.4
    7420.8
    7468.8
    7851.7
    8101.4
    8643.2
    8661.7
    8988.6
    9178.6
    9261.0
    9416.3
    9510.3
    9524.8
    9549.1
    9931.0
    9955.7
   10002.9
   10190.0
   10217.4
   10281.4
   10530.7
   10659.7
   10718.0
   10737.6
   10830.6
   11188.6
   11200.5
   11528.4
   12466.9
   12689.7
   12900.7
   12907.0
   13141.3
   13376.5
   13421.4
   13634.5
   13770.8
   14402.7
   14455.0
   14549.7
   14628.8
   14990.0
   15046.3
   15230.1
   15252.9
   15317.0
   15523.0
   15578.0
   15649.5
   15850.3
   15982.6
   16100.1
   16360.0
   16509.6
   16720.5
   17039.5
   17214.2
   17341.7
   17633.8
   17832.1
   17888.4
   18699.8
   19104.2
   19156.4
   19253.7
   19329.2
   19814.9
   20254.0
   20362.1
   20435.4
   20562.3
   20700.4
   21038.9
   21098.8
   21161.9
   21171.0
   21623.4
   22103.1
   22113.4
   22255.2
   22529.8
