     109.5
     402.8
     688.4
     784.3
     891.1
    1066.0
    1088.4
    1104.0
    1744.4
    1776.1
    1939.6
    1969.8
    2033.5
    2404.6
    2447.7
    2823.0
    3127.3
    3137.2
    3324.7
    3369.8
    3590.7
    3681.4
    3862.9
    3980.7
    4650.7
    4813.0
    5260.5
    5330.8
    5667.9
    5817.7
    5894.9
    5906.4
    5987.0
    6169.4
    6397.3
    6632.6
    6790.0
    6876.8
    7006.1
    7252.2
    8086.3
    8223.3
    8267.1
    8615.7
    8808.9
    8906.6
    9195.6
    9352.3
    9500.3
    9509.9
    9596.5
    9717.2
   10391.5
   10563.2
   10606.0
   10752.4
   10921.7
   11062.5
   11551.7
   11957.2
   12666.4
   12987.9
   13009.0
   13635.2
   13813.0
   14100.4
   14125.1
   14132.5
   14234.6
   14613.3
   14991.0
   15135.6
   15193.6
   15419.1
   15449.8
   15829.3
   16013.1
   16111.8
   16127.8
   16202.8
   16492.7
   16651.4
   16799.0
   16935.0
   17047.0
   17126.5
   17138.5
   17173.9
   17682.1
   17946.7
   18336.1
   18452.6
   18503.0
   18725.7
   19109.4
   19140.0
   19227.4
   19233.0
   19854.9
   19874.3
   19972.3
   20196.5
   20720.0
   20882.5
   21090.3
   21201.9
   21280.6
   22151.2
   22547.6
   22642.2
   22918.4
   22969.9
