     104.6
     298.0
     299.4
     436.6
     680.5
     704.6
     986.5
    1127.3
    1212.9
    1314.1
    1372.9
    1389.3
    1500.2
    1571.0
    1595.9
    1634.5
    1669.4
    1692.0
    1940.2
    2100.4
    2414.0
    2933.4
    2969.1
    3172.6
    3328.4
    3356.0
    3487.9
    3490.2
    3889.0
    3930.1
    4186.8
    4280.2
    4485.6
    4849.4
    4952.1
    4954.5
    5083.7
    5446.2
    5465.6
    5697.3
    5701.1
    5838.3
    5933.2
    6214.8
    6232.9
    6763.6
    6896.0
    7361.9
    7463.3
    7499.4
    7535.9
    7542.6
    7621.2
    8105.7
    8148.4
    9416.4
    9445.0
    9511.0
    9521.5
   10056.4
   10171.7
   10214.6
   10234.4
   10455.6
   10735.4
   10843.9
   10885.1
   10897.0
   10915.4
   11290.2
   11777.8
   11783.0
   12114.4
   12219.4
   12349.6
   12440.6
   12486.1
   12591.9
   12681.2
   13130.2
   13358.4
   13797.5
   14092.9
   14163.8
   14601.1
   14770.8
   15009.4
   15048.3
   15180.3
   15253.6
   15693.5
   15963.8
   16204.8
   16496.9
   16659.9
   16804.7
   16813.6
   16957.4
   17317.6
   18142.9
   18246.6
   18466.5
   18541.9
   18547.6
   18702.4
   18927.3
   20044.3
   20050.1
   20096.4
   20145.5
   20645.6
   20746.0
   21056.0
   21206.5
   21701.0
   21765.8
   21921.9
   22061.1
   22188.7
   22276.2
   22363.2
   22387.1
   22425.4
   22544.9
   22659.4
   22814.6
