     158.1
     205.6
     568.7
     654.4
     792.6
    1057.2
    1382.2
    1507.5
    1519.0
    1545.5
    2300.1
    2633.3
    2958.4
    3068.5
    3075.9
    3619.5
    4147.8
    4321.0
    4324.4
    4388.0
    4550.0
    4679.4
    5424.3
    5448.9
    5489.3
    5580.1
    5902.4
    6190.5
    6331.5
    6454.4
    6930.2
    6959.4
    6966.8
    7171.8
    7240.6
    7539.7
    7575.1
    7577.8
    7674.4
    7743.6
    7745.1
    8078.2
    8141.2
    8222.2
    8902.1
    9383.5
    9787.8
    9858.0
   10409.1
   10430.0
   10488.0
   10573.5
   10777.3
   11054.8
   11077.4
   11453.1
   11633.8
   11889.6
   11985.6
   12255.8
   12337.1
   12640.9
   12788.1
   12845.1
   12936.1
   12962.2
   13652.4
   13962.7
   14078.5
   14267.2
   14274.5
   14290.8
   15084.3
   15146.1
   15158.4
   15302.5
   15331.6
   15405.0
   15437.2
   15944.8
   16265.8
   17092.6
   17107.1
   17164.1
   17170.5
   17446.0
   17491.4
   17676.4
   17799.2
   17879.4
   18204.8
   18354.3
   18364.7
   18493.9
   18643.1
   18650.8
   19030.8
   19084.2
   19331.0
   20147.0
   20561.9
   20882.6
   20972.0
   21003.4
   21174.4
   21273.9
   21412.4
   21603.9
   22136.0
   22200.5
   22270.1
   22295.7
   22326.0
   22329.2
   22332.4
   22414.4
   22421.1
   22699.1
   22762.8
   22803.8
