     649.4
     897.7
    2377.1
    2673.7
    2898.1
    3054.3
    4055.3
    4472.9
    4551.4
    4636.4
    4739.9
    4887.9
    6221.5
    6249.3
    6290.5
    6423.3
    6664.4
    6706.4
    6858.5
    7398.0
    7605.4
    7771.5
    7814.8
    8040.4
    8217.6
    8302.9
    8321.6
    8594.5
    8965.5
    9136.4
    9345.2
    9407.9
    9541.6
    9978.5
   10373.6
   10700.1
   10862.9
   11085.3
   11431.0
   11555.2
   11735.2
   12064.5
   12383.2
   12555.3
   12611.6
   12643.7
   12910.2
   13090.6
   13097.6
   13521.1
   13713.2
   13782.5
   13894.1
   13970.5
   14205.9
   14321.9
   14658.7
   14685.0
   14748.0
   15013.7
   15330.8
   15606.3
   16382.0
   16806.1
   17589.1
   18148.2
   18225.6
   18370.9
   18584.0
   18744.2
   18819.2
   19191.1
   19293.6
   19300.1
   19310.1
   19406.2
   19702.3
   19714.1
   20016.2
   20203.4
   20205.0
   20283.5
   20291.0
   20416.4
   20462.2
   20748.4
   20816.6
   20848.4
   21170.6
   21252.6
   21418.4
   21502.4
   21974.6
   22050.0
   22194.8
   22464.4
   22846.7
   22874.5
