      67.0
     237.9
     258.6
     447.4
     495.6
     624.4
     679.8
     686.6
     913.4
    1212.5
    1645.2
    1702.8
    1949.3
    2068.9
    2426.4
    2447.5
    2500.1
    2599.5
    2639.0
    2906.3
    2929.9
    3029.0
    3035.6
    3205.0
    3292.2
    3362.6
    3678.9
    3842.4
    4359.4
    4513.3
    4759.0
    4792.5
    4871.7
    5075.0
    5123.3
    5466.7
    5776.7
    5941.7
    6059.6
    6279.3
    6594.5
    6617.3
    7493.9
    7542.6
    7596.5
    8166.9
    8665.3
    8745.0
    8801.9
    8855.1
    8921.0
    9403.0
    9429.1
    9524.6
    9734.8
    9852.8
   10014.6
   10278.3
   10636.3
   10650.2
   10728.5
   10748.1
   10749.5
   10770.3
   10775.2
   10894.9
   11334.7
   11376.2
   11556.1
   11891.1
   11986.1
   12176.1
   12395.2
   12874.2
   13049.8
   13080.1
   13139.3
   13481.7
   13527.7
   13697.8
   13865.5
   14262.7
   14674.2
   15164.8
   15292.5
   15335.9
   16238.2
   16443.0
   16452.4
   16494.6
   16570.4
   16889.6
   16927.2
   17238.8
   17645.4
   17854.2
   17859.5
   17868.2
   18094.5
   18112.3
   18140.7
   18298.4
   18691.5
   18846.8
   18974.5
   19016.3
   19369.7
   19555.4
   19690.2
   19906.6
   20481.5
   20828.2
   20969.3
   21175.0
   21265.9
   21302.5
   21684.6
   21799.9
   22090.7
   22255.1
   22857.0
