       4.8
       7.5
      16.2
     353.6
     425.5
     566.5
    1009.7
    1114.3
    1172.6
    1201.7
    1367.6
    1766.7
    2091.8
    2237.1
    2240.0
    2403.0
    2709.8
    2977.0
    3245.3
    3324.6
    3644.8
    3670.5
    3682.2
    3751.8
    3888.5
    3891.4
    3892.4
    4297.5
    4315.6
    4393.9
    5283.4
    5356.5
    5393.0
    5639.8
    5778.3
    6125.0
    6254.3
    6415.1
    6752.2
    6880.5
    6971.6
    7410.0
    7412.8
    7571.3
    7606.4
    7778.1
    8314.1
    8343.5
    8440.3
    8565.1
    8814.6
    9073.2
    9187.4
    9307.9
    9384.8
    9421.5
    9595.2
    9725.3
    9897.6
   10014.5
   10100.5
   10171.8
   10224.5
   10236.3
   10373.7
   10376.9
   10450.1
   10871.0
   10914.1
   10934.6
   11215.0
   11582.4
   11644.8
   11978.3
   12098.9
   12221.3
   12690.7
   12708.2
   12757.8
   13119.3
   13691.3
   14217.3
   14265.9
   14501.1
   14607.3
   14803.6
   14875.7
   15004.9
   15642.1
   15649.2
   15781.6
   15929.7
   16036.8
   16414.8
   16449.9
   16535.6
   16641.3
   16998.1
   17076.9
   17107.5
   17199.9
   17349.1
   17355.4
   17467.7
   17766.1
   18017.0
   18175.7
   18441.4
   18677.0
   18764.9
   18813.0
   18926.0
   19183.0
   19449.5
   19593.1
   19689.9
   19897.1
   19921.2
   20208.2
   20459.8
   20497.3
   20653.8
   20760.1
   20924.9
   21136.9
   21590.9
   21822.9
   22213.0
   22771.4
   22778.3
   22829.9
   22954.3
