     516.8
     634.7
     651.4
     919.3
     975.1
    1513.7
    1562.2
    1654.3
    1703.3
    1705.9
    2039.0
    2244.9
    2564.4
    3203.7
    3374.5
    3531.5
    4041.3
    4088.0
    4286.3
    4477.7
    4606.4
    4819.6
    4853.8
    5159.4
    5172.3
    5468.9
    5610.4
    5616.4
    5999.3
    6445.2
    6458.4
    6704.2
    7071.5
    7234.5
    7411.4
    7772.7
    7809.6
    7920.4
    7955.1
    8353.2
    8489.7
    8490.5
    8546.9
    8553.6
    8554.0
    8827.3
    9058.9
    9109.3
    9277.9
    9379.0
    9398.2
    9663.2
    9981.1
   10146.4
   10240.6
   10242.7
   10242.9
   10433.7
   10986.9
   11210.6
   11312.6
   11454.2
   11483.3
   11779.6
   11803.7
   11933.0
   11966.7
   12043.6
   12267.9
   12688.3
   12694.6
   12740.8
   12815.6
   12821.0
   12905.7
   13426.6
   13540.2
   13544.7
   13733.8
   13842.0
   14523.5
   14979.4
   15024.4
   15142.4
   15380.8
   15415.0
   15568.6
   15828.2
   15957.9
   16155.5
   16195.1
   16703.7
   17457.3
   17469.9
   17619.1
   17635.1
   17787.5
   18486.5
   18561.2
   18787.1
   18946.9
   19095.3
   19143.6
   19340.7
   19546.0
   19688.0
   19922.1
   19941.1
   20175.4
   20448.2
   20579.0
   20724.8
   21629.2
   21685.9
   22083.6
   22203.1
   22270.5
   22300.4
   22714.0
   22742.5
   22980.0
