     190.1
     436.5
    1444.5
    1572.4
    1646.5
    2376.8
    2579.6
    2655.7
    2871.2
    2962.8
    2978.0
    3256.8
    3279.5
    3548.0
    3645.1
    3836.6
    4509.7
    4512.6
    4762.2
    4809.1
    5036.4
    5065.2
    5158.0
    5219.4
    5354.6
    5379.9
    5467.8
    5564.9
    5796.3
    5858.6
    6233.3
    6249.0
    6530.5
    6579.6
    6582.2
    6773.8
    7059.3
    7246.2
    7589.6
    7921.5
    8313.7
    8338.7
    8365.1
    8544.0
    8751.9
    9087.5
    9131.2
    9208.6
    9249.0
    9628.5
    9812.3
    9870.6
   10028.4
   10170.7
   10431.3
   10437.0
   10464.2
   10576.2
   10745.9
   11279.0
   11365.6
   11625.5
   11902.1
   12102.8
   12194.4
   12245.7
   12866.2
   12932.7
   13154.8
   13488.8
   13620.9
   13683.8
   13774.3
   13848.7
   13918.6
   14063.0
   14098.7
   14105.1
   14183.6
   14224.9
   14367.1
   14594.4
   14969.2
   16102.6
   16277.8
   16338.7
   16378.2
   16406.1
   16489.2
   16568.2
   17222.7
   17346.1
   17674.9
   17745.0
   17941.6
   18055.1
   18203.8
   18298.2
   18494.3
   18752.8
   18780.9
   19126.3
   19183.0
   19396.5
   19755.7
   19761.6
   20025.5
   20638.6
   20723.6
   20775.7
   20867.4
   21409.8
   21427.8
   21678.1
   21823.6
   22504.8
   22534.4
