     212.5
     382.8
     721.6
     757.5
     927.8
    1043.9
    1147.0
    1256.8
    1766.6
    1885.9
    1940.5
    2679.5
    2800.8
    2825.4
    2847.2
    3193.4
    3198.0
    3400.4
    3498.2
    3579.6
    3616.2
    3815.1
    4003.6
    4091.8
    4162.3
    4342.0
    4522.9
    4685.3
    5324.1
    5515.1
    5552.6
    5558.9
    5687.1
    5717.8
    6059.6
    6658.8
    6807.3
    6837.7
    6964.5
    7316.2
    7381.6
    7594.1
    7642.3
    7857.6
    7886.7
    8136.0
    8736.4
    8834.8
    8939.5
    9185.4
   10044.9
   10062.4
   10637.3
   11009.7
   11516.9
   11780.1
   11974.1
   12180.7
   12210.3
   12264.4
   12491.6
   12670.0
   12711.4
   12886.9
   13039.4
   13186.5
   13290.0
   13930.3
   14310.7
   14545.7
   14920.1
   15237.9
   15340.6
   15498.3
   15521.2
   15586.2
   15619.2
   15766.3
   15772.2
   16224.5
   16538.9
   16844.8
   16967.6
   17004.2
   17090.0
   17322.6
   17440.0
   17821.3
   18291.4
   18601.5
   19046.2
   19098.7
   19641.0
   19857.3
   19877.3
   20042.7
   20127.6
   20135.9
   20505.0
   20748.3
   21293.3
   21366.1
   21885.7
   21990.6
   22109.6
   22193.6
   22433.9
   22804.7
   22843.3
