      37.2
      45.7
     886.2
     954.2
    1339.2
    1395.4
    1617.7
    2196.8
    2212.9
    2359.3
    2363.3
    2407.4
    2647.7
    2717.7
    2775.9
    2984.5
    3615.7
    3907.6
    3987.2
    4217.3
    4400.6
    4693.1
    5292.2
    5445.7
    5660.7
    6096.1
    6584.2
    6665.8
    6908.2
    7138.5
    7163.4
    7436.3
    7649.6
    7908.7
    7992.5
    8251.8
    8283.4
    8286.9
    8351.2
    8476.2
    8827.6
    8948.1
    9134.8
    9409.2
    9999.6
   10055.8
   10258.9
   10259.8
   10350.0
   10395.2
   10397.0
   10734.1
   10820.7
   10880.5
   10994.3
   11156.3
   11166.7
   11463.8
   11771.1
   11961.8
   12295.5
   12339.6
   12942.7
   13047.8
   13134.5
   13257.3
   13428.0
   13726.9
   13784.0
   13875.0
   13885.8
   14141.0
   14901.5
   15411.4
   15652.1
   16249.3
   16599.6
   17055.4
   17091.8
   17225.1
   17354.1
   18451.1
   18571.0
   18807.1
   18921.1
   19411.5
   19651.1
   19920.9
   20014.1
   20020.3
   20139.7
   20380.1
   20417.9
   20446.7
   20589.6
   21198.5
   21422.8
   21496.6
   21866.4
   21872.6
   21976.8
   22005.1
   22480.8
   22547.3
   22750.8
   22812.5
   22819.7
   22864.3
