      19.8
     224.7
     228.5
     419.8
     891.1
    1014.1
    1319.4
    1447.1
    1690.2
    1946.6
    2063.4
    2473.9
    2757.6
    2825.3
    2921.3
    3089.8
    3196.5
    3204.1
    3224.7
    3561.3
    4829.4
    5121.5
    5347.8
    5562.7
    5974.8
    6352.0
    6584.4
    6776.2
    7015.5
    7019.8
    7107.1
    7177.0
    7210.0
    7265.9
    7641.0
    7744.8
    7885.4
    8199.9
    8505.8
    8779.5
    8933.5
    9138.5
    9242.3
    9349.2
    9351.4
    9660.7
   10411.5
   10423.9
   11388.4
   11488.9
   11715.3
   11855.0
   12036.5
   12550.1
   12781.6
   12852.2
   13168.8
   13201.9
   13302.2
   13499.1
   13625.7
   13799.5
   14029.7
   14113.7
   14184.5
   14274.5
   14418.9
   14542.2
   14556.0
   14851.1
   15315.9
   15363.1
   15413.6
   15669.6
   16715.2
   17015.0
   17070.6
   17100.6
   17308.5
   17380.2
   17414.6
   17473.0
   17629.9
   17677.3
   17748.0
   17778.8
   18164.5
   18319.7
   18351.2
   18364.7
   18430.1
   18912.9
   18957.9
   19119.1
   19378.7
   19914.2
   19958.6
   19994.3
   20450.0
   20631.9
   20817.0
   21068.4
   21379.9
   21927.1
   22667.3
   22826.1
   22956.2
