      57.6
     131.3
     162.0
     472.4
     794.3
    1034.2
    1086.4
    1211.2
    1883.0
    1984.5
    2195.8
    2265.4
    2782.3
    3238.6
    3248.4
    3302.7
    3304.6
    3568.9
    3597.5
    3602.0
    3852.9
    3875.1
    4079.9
    4682.0
    4890.0
    4911.2
    4955.8
    5323.6
    5494.5
    5615.3
    5915.0
    5944.6
    6045.5
    6073.8
    6183.1
    6274.8
    6306.4
    6358.2
    6472.8
    6763.5
    7188.7
    7514.3
    7611.4
    7787.4
    8354.7
    8424.0
    8473.6
    8536.9
    8706.8
    8734.0
    8739.2
    8752.2
    8997.2
    9230.6
    9271.5
    9671.1
    9694.5
    9934.9
   10031.4
   10105.4
   10119.8
   10292.5
   10825.3
   11080.2
   11472.1
   11608.6
   11658.0
   11679.1
   12032.3
   12136.6
   12157.5
   12167.4
   12171.7
   12215.2
   12343.4
   12403.7
   12463.2
   12531.1
   12560.3
   12890.3
   12955.4
   12959.6
   14065.4
   14185.3
   14555.7
   14891.2
   15363.8
   15378.3
   15530.8
   15694.5
   16475.7
   16522.3
   16671.5
   16891.8
   16959.8
   17069.5
   17154.2
   17189.5
   17217.6
   17250.0
   17296.7
   17454.9
   17587.0
   17648.3
   17687.0
   17742.3
   18160.8
   18375.6
   18392.0
   18757.2
   19084.8
   19148.7
   19256.4
   19361.0
   19501.5
   19534.5
   19534.8
   19580.2
   19758.7
   19786.7
   20246.3
   20290.2
   20362.6
   20626.1
   20650.8
   20813.1
   20893.5
   20974.9
   21147.9
   21228.7
   21789.8
   22042.1
   22079.0
   22308.6
   22507.7
   22709.9
   22788.8
   22906.4
