       8.5
     659.9
     707.3
     904.6
     919.7
    1227.5
    1238.5
    1503.6
    1642.8
    1718.9
    2301.7
    2504.5
    2792.1
    3346.6
    3410.3
    3425.8
    3525.0
    3529.4
    3779.2
    4107.5
    4129.3
    4368.4
    4584.1
    4610.0
    4731.4
    5174.4
    5202.8
    5266.9
    5762.1
    5779.0
    5854.4
    6189.9
    6657.7
    7057.3
    7159.2
    7296.5
    7779.0
    7985.1
    8694.1
    8704.9
    8732.4
    8865.5
    8874.4
    9184.0
    9186.6
    9385.4
    9892.6
    9896.2
    9965.2
   10003.1
   10050.7
   10094.7
   10210.9
   10357.9
   10775.8
   10950.7
   11151.5
   11274.8
   11343.9
   11470.9
   11793.2
   12102.1
   12156.1
   12207.7
   12380.0
   12791.7
   13064.2
   13182.7
   13460.1
   13474.0
   13481.2
   13661.2
   13857.6
   13863.8
   13881.8
   13954.1
   13954.8
   14206.2
   14353.7
   14455.6
   14491.4
   14519.8
   14572.2
   14603.5
   15126.9
   15288.5
   15396.3
   15690.9
   15717.2
   15870.9
   15992.0
   16411.1
   16649.3
   16855.6
   17512.3
   17683.0
   17967.4
   18087.7
   18154.7
   18320.7
   18622.1
   18841.3
   19322.1
   19370.3
   19798.7
   19808.5
   19839.8
   19934.7
   20457.0
   20496.4
   21092.8
   21320.4
   21661.6
   21766.6
   21967.8
   22181.7
   22531.6
   22642.3
   22718.8
   22869.6
   22969.8
