     453.1
     464.4
     498.1
     561.7
     882.1
     927.6
    1200.9
    1980.4
    2141.5
    2242.4
    2260.6
    2278.4
    2741.4
    3018.5
    3407.0
    3936.5
    3990.5
    4270.6
    4304.8
    4587.6
    4599.2
    4654.9
    4715.1
    5022.4
    5177.9
    5639.3
    5663.8
    6451.8
    6525.1
    6584.8
    6649.1
    6789.4
    7107.5
    7387.9
    7478.2
    7869.4
    7940.0
    8151.8
    8157.7
    8620.3
    8730.6
    8952.9
    9088.5
    9233.4
    9565.8
    9671.8
    9699.5
   10074.3
   10287.9
   10913.1
   11336.9
   11367.2
   11386.2
   11561.4
   11949.9
   12043.4
   12570.0
   12716.3
   12754.7
   13539.3
   13753.9
   14066.9
   14644.0
   14738.2
   14739.6
   14767.0
   14865.1
   14987.0
   15008.1
   15071.6
   15245.5
   15470.3
   15509.6
   15812.3
   15974.9
   15989.1
   16029.9
   16172.2
   16340.0
   16490.3
   16747.4
   16998.8
   16999.8
   17024.3
   17309.8
   17327.0
   17447.1
   17518.7
   17816.8
   18088.1
   18381.8
   18610.6
   18661.1
   18672.6
   18861.7
   19388.3
   19477.4
   19517.9
   20369.7
   20485.7
   20609.5
   20704.8
   20819.6
   20945.3
   21267.8
   21330.7
   21514.9
   21638.7
   21926.4
   22986.0
