     125.6
     183.1
     366.7
     732.1
     764.5
     789.5
     964.8
    1019.2
    1025.8
    1075.6
    1187.8
    1475.7
    1675.7
    1704.6
    1913.4
    1940.6
    2176.1
    2277.9
    2330.1
    2864.2
    3046.8
    3804.2
    4330.8
    4375.9
    4524.6
    4548.9
    4685.7
    4933.1
    5031.2
    5758.5
    5821.1
    5837.3
    6092.3
    6307.2
    6328.2
    6603.1
    6605.0
    7395.7
    7657.8
    7981.7
    8067.2
    8329.9
    8341.4
    8742.4
    8776.4
    8816.8
    9199.4
    9304.9
    9523.6
    9661.9
    9890.2
   10020.4
   10394.8
   10427.4
   10875.5
   11010.1
   11033.7
   11045.9
   11445.2
   11679.7
   11747.5
   12302.5
   12750.1
   12758.7
   12882.6
   13164.5
   13199.4
   13394.2
   13401.3
   13888.9
   14073.5
   14369.6
   14765.1
   14950.1
   15070.6
   16071.4
   16136.5
   16199.9
   16260.5
   16266.3
   16299.5
   16396.6
   16421.2
   16474.6
   16669.5
   16685.8
   16728.9
   16844.5
   16911.5
   17063.9
   17183.4
   17475.4
   17904.9
   18331.6
   18697.7
   18854.4
   18892.6
   18901.1
   19161.6
   19587.0
   20040.8
   20175.6
   20203.4
   20297.1
   20471.8
   20578.7
   20679.6
   20796.0
   20915.8
   21055.6
   21221.7
   21501.3
   21815.2
   22006.7
   22095.0
   22380.8
   22977.8
