     226.7
     293.9
     351.2
     760.0
     766.4
    1022.7
    1150.5
    1591.3
    1872.8
    1929.1
    2127.0
    2131.7
    2431.3
    2471.1
    2730.1
    3004.5
    3131.1
    3209.8
    3305.2
    3614.7
    3710.3
    3915.7
    3940.1
    4234.8
    4332.5
    4443.3
    4465.3
    4636.4
    4727.3
    5397.0
    5469.0
    5471.2
    5661.3
    5821.9
    5899.6
    6029.4
    6029.9
    6180.0
    6349.4
    6443.5
    6755.7
    6781.4
    6861.9
    7623.5
    7633.8
    7795.3
    7796.6
    7956.8
    8176.3
    8334.8
    8508.2
    8889.1
    9116.2
    9131.8
    9340.9
    9983.6
   10139.4
   10210.8
   10371.3
   10453.1
   10524.1
   10591.0
   10923.3
   11289.2
   11471.8
   11510.1
   11690.7
   12114.6
   12313.6
   13474.2
   13558.4
   13874.0
   14075.5
   14172.6
   14509.3
   14580.3
   14617.0
   14765.2
   14822.6
   14899.7
   14988.4
   15361.8
   15412.8
   15622.6
   15652.6
   15855.5
   15962.2
   16125.4
   16286.1
   16388.9
   16491.7
   16568.4
   16568.8
   16655.7
   16956.1
   17721.5
   18287.7
   18547.6
   18710.9
   19234.1
   19889.2
   20083.8
   20219.2
   20251.6
   20806.8
   21119.7
   21481.1
   22127.1
   22146.7
   22213.2
   22566.6
   22815.1
