     190.4
     469.9
     491.0
     720.9
     747.1
     833.3
     881.6
    1178.6
    1264.7
    1552.2
    1908.5
    2123.4
    2469.1
    2632.7
    2787.9
    3423.4
    3551.5
    3621.6
    3673.0
    4549.6
    4634.6
    5050.6
    5108.2
    5639.0
    5976.6
    6007.3
    6101.6
    6252.7
    6499.9
    6964.0
    6969.5
    7180.8
    7564.1
    7720.4
    8112.1
    8283.4
    8332.2
    8415.5
    8460.4
    8932.6
    9121.0
    9422.5
    9763.4
    9952.8
   10068.7
   10240.0
   10324.1
   10512.0
   10531.0
   10652.0
   10683.4
   10860.9
   11359.3
   11396.9
   11473.4
   11648.8
   11829.0
   12258.1
   12276.1
   12283.4
   12327.7
   12641.5
   13313.8
   13357.0
   13520.9
   13619.0
   13951.5
   14073.2
   14086.7
   14093.6
   14315.2
   14402.5
   14563.4
   14676.2
   14718.4
   14884.8
   15030.7
   15230.8
   15353.2
   15801.7
   15913.7
   15991.0
   16411.6
   16458.2
   16552.7
   16624.2
   16903.9
   16931.6
   17209.1
   17445.5
   17839.9
   17878.4
   17940.3
   18010.7
   18154.7
   18399.6
   18813.0
   19081.6
   19256.0
   19526.0
   19831.0
   19876.5
   19882.0
   20328.8
   20835.7
   20941.9
   21437.7
   21459.1
   21679.5
   21800.4
   21943.4
   22005.5
   22525.1
   22712.9
