     395.0
     971.8
     975.3
    1283.2
    1292.9
    1375.4
    1724.8
    1756.8
    2007.3
    2028.2
    2199.5
    2232.4
    2711.6
    3255.8
    3293.3
    3378.0
    3382.1
    3425.5
    3816.1
    3891.3
    3953.6
    4053.9
    4219.5
    4407.7
    4594.5
    4607.2
    4608.8
    4969.8
    5063.8
    5284.8
    5329.7
    5440.1
    5710.0
    5830.5
    6087.7
    6255.7
    6270.6
    6517.8
    6603.4
    6669.0
    6929.7
    7344.2
    7557.0
    7746.8
    8007.6
    8296.4
    8530.9
    8539.6
    8603.8
    8871.1
    9045.3
    9068.5
    9159.6
    9289.8
    9678.8
   10135.3
   10167.9
   10288.6
   10713.3
   10979.3
   11005.8
   11089.7
   11315.8
   11358.0
   11363.9
   11759.7
   12286.8
   12665.4
   12703.6
   12726.9
   12767.9
   12823.6
   12943.7
   12978.6
   13017.9
   13021.9
   13065.2
   13651.0
   13928.9
   13946.1
   14126.4
   14167.1
   14190.4
   14352.4
   14519.9
   14560.2
   14693.8
   14748.4
   14769.7
   14913.0
   15478.8
   16602.9
   17115.4
   17130.9
   17169.6
   17197.4
   17852.1
   17885.4
   18004.2
   18227.9
   18311.8
   18400.5
   18547.9
   18696.8
   18987.3
   19014.3
   19141.2
   19152.6
   19242.7
   19667.3
   20074.2
   20143.3
   20372.9
   20821.3
   21066.0
   21403.9
   21415.3
   21782.0
   21808.4
   22140.3
   22299.5
   22388.6
   22529.0
