     157.5
     210.7
     218.3
     488.6
     978.8
     984.2
    1199.7
    1557.1
    1660.2
    1928.8
    2160.4
    2606.3
    2828.5
    2881.8
    3340.9
    3440.1
    3733.6
    3777.9
    4019.8
    4167.0
    4175.7
    4251.7
    4271.4
    4695.8
    5383.0
    6223.6
    6447.5
    6499.6
    6718.3
    6743.3
    6864.7
    6881.7
    7012.6
    7037.5
    7066.3
    7095.5
    7259.0
    7433.5
    7566.6
    7706.6
    7889.7
    7967.0
    8101.8
    8290.2
    8317.7
    8323.3
    8484.5
    9052.6
    9434.7
    9969.2
   10082.4
   10124.4
   10202.4
   10615.5
   10807.2
   11096.3
   11182.0
   11273.0
   11318.9
   11531.6
   11592.9
   11897.0
   11984.2
   11993.2
   12346.5
   12406.4
   12489.9
   12806.0
   12878.0
   12921.6
   13138.8
   13648.1
   13680.6
   13842.5
   14000.2
   14166.8
   14270.8
   14312.7
   14482.1
   15199.0
   15237.7
   15278.4
   15798.5
   16227.9
   16556.0
   16579.1
   16679.3
   16733.3
   16933.5
   16977.3
   17205.5
   17564.9
   17641.5
   17926.6
   18109.8
   18308.9
   18455.6
   18554.3
   18690.1
   19124.9
   19381.2
   19500.5
   20071.8
   20304.7
   20422.3
   20778.1
   20874.4
   21160.1
   21275.3
   21404.3
   22136.3
   22661.4
   22764.2
   22911.1
