     157.5
     484.0
     493.3
    1241.4
    1401.4
    1470.4
    1526.3
    1805.1
    1984.1
    2332.7
    2345.0
    2394.9
    2597.2
    2871.0
    3079.1
    3228.8
    3251.6
    3567.0
    3737.2
    3937.2
    4048.7
    4141.5
    4206.6
    4429.6
    4438.9
    4447.9
    4677.2
    4747.6
    4871.8
    5218.1
    5294.9
    5298.3
    5425.9
    5494.9
    5758.0
    5848.4
    5923.2
    6177.7
    6876.0
    6966.0
    7141.1
    7153.1
    7376.3
    8288.1
    8627.0
    8630.9
    8859.3
    8927.6
    9335.6
    9442.0
   10107.0
   10114.4
   10131.1
   10145.7
   10252.4
   10583.7
   10922.4
   11392.0
   11450.6
   11703.8
   11725.1
   11751.6
   11762.6
   11831.2
   12509.4
   12631.5
   13002.8
   13099.4
   13649.2
   13716.2
   14378.0
   14477.6
   14751.9
   14853.4
   14937.4
   15192.6
   15313.6
   15350.3
   15364.7
   15406.3
   15441.9
   15558.9
   15627.5
   15917.6
   16746.2
   16879.7
   17241.8
   17441.5
   17818.6
   18071.2
   18205.6
   18242.9
   18930.3
   19042.7
   19128.3
   19158.6
   19317.5
   19399.6
   19591.1
   19661.9
   19670.8
   19873.8
   20030.9
   20287.8
   20490.1
   21286.4
   21295.6
   21363.5
   21502.3
   21759.1
   21874.8
   22383.5
   22464.9
   22774.5
   22823.3
   22921.1
   22958.5
