    1200.2
    1281.8
    1377.0
    1611.6
    2003.9
    2065.1
    2402.0
    2480.4
    2542.7
    2672.4
    3335.2
    3382.4
    3731.9
    3784.1
    4107.0
    4520.2
    4523.2
    4933.9
    5097.7
    5272.4
    5274.6
    5349.2
    5510.6
    5537.1
    5748.7
    5972.2
    6049.5
    6141.6
    6446.6
    6525.0
    6651.3
    6937.2
    7003.3
    7046.6
    7112.9
    7254.6
    7790.2
    8075.0
    8283.8
    8462.3
    8782.4
    8915.7
    9063.2
    9431.7
    9668.7
    9758.3
   10558.7
   11287.0
   11312.3
   11314.6
   11414.8
   11747.4
   11906.7
   11966.3
   12022.9
   12215.4
   12640.9
   12973.0
   13241.0
   13416.9
   13419.9
   13554.5
   13559.3
   13826.3
   13987.2
   14478.3
   14668.9
   14852.0
   14945.3
   15189.9
   15283.9
   15318.7
   15482.2
   15484.6
   16384.5
   16533.0
   16629.2
   17014.2
   17081.9
   17125.7
   17201.9
   17331.6
   17453.4
   17545.0
   17712.8
   17845.1
   17996.9
   18209.8
   18758.9
   19130.6
   19140.9
   19182.4
   19394.7
   19489.5
   19540.2
   19549.2
   19868.9
   19883.8
   20074.3
   20135.5
   20198.5
   20315.4
   20812.0
   20827.3
   21466.6
   21492.6
   21549.4
   21762.9
   22064.5
   22466.4
   22872.9
   22906.6
