      39.8
      48.8
      64.5
      72.5
     145.6
     146.3
     344.0
     366.5
     512.5
    1114.7
    1119.2
    1276.8
    1437.1
    1735.4
    2519.0
    2627.6
    2919.5
    3381.2
    3732.8
    4016.7
    4321.1
    4651.3
    4708.2
    4815.0
    4981.0
    5252.5
    5296.3
    5368.1
    5578.7
    5626.7
    5797.0
    5896.9
    6402.7
    6409.3
    6515.5
    6941.7
    7413.5
    7642.3
    7643.9
    7670.0
    7693.3
    7847.7
    7911.8
    8037.9
    8168.1
    8810.2
    9094.8
    9283.9
    9391.2
    9395.7
    9508.4
    9594.7
    9853.7
    9997.0
   10033.2
   10098.7
   10163.9
   10179.5
   10453.7
   10511.5
   10805.8
   11186.1
   11217.3
   11223.8
   11235.6
   11251.6
   11330.0
   11481.4
   11789.4
   11882.8
   11892.9
   13056.8
   13107.4
   13112.1
   13483.5
   13696.7
   13750.7
   14075.6
   14109.3
   14422.9
   14532.3
   15200.0
   15289.3
   15347.5
   15588.3
   15813.0
   15916.2
   16352.0
   16756.0
   17890.7
   18303.7
   18676.8
   18992.6
   19563.4
   19722.8
   19953.1
   20014.7
   20107.3
   20265.8
   20366.7
   20634.4
   20805.1
   21644.4
   21879.5
   21910.6
   22047.1
   22493.8
   22621.7
   22666.5
   22786.6
   22927.5
   22929.6
   22971.1
   22978.3
