     108.3
     202.5
     438.1
     457.6
     573.8
     659.8
     699.4
     900.9
    1170.3
    1188.4
    1325.8
    1481.3
    1797.7
    2909.2
    3261.1
    3418.9
    3578.0
    3658.3
    3697.5
    3759.5
    4199.0
    4616.7
    5108.9
    5518.3
    5583.5
    5609.2
    5924.6
    6092.5
    6110.7
    6127.0
    6300.1
    6684.0
    7171.9
    7274.9
    7339.6
    7397.4
    7687.9
    8233.1
    8319.3
    8337.8
    8427.1
    8475.2
    8723.2
    8952.0
    9264.2
    9395.2
    9536.8
    9576.1
    9702.2
    9817.1
    9966.7
   10087.1
   10135.8
   10640.8
   10745.1
   10968.0
   11127.5
   11319.0
   11620.0
   11796.4
   11855.7
   12293.3
   12613.3
   12903.0
   13075.5
   13087.6
   13239.7
   13330.5
   13584.3
   14021.6
   14225.5
   14539.0
   15497.0
   15543.0
   15580.5
   15990.8
   16061.3
   16227.3
   16359.9
   16590.6
   16897.9
   17162.7
   17246.6
   18053.9
   18468.2
   18689.9
   18803.9
   18960.3
   18982.2
   19152.7
   19242.8
   19831.2
   20087.3
   20153.1
   20447.6
   20568.8
   20700.5
   20727.0
   20868.9
   21289.0
   21412.7
   21577.9
   21587.0
   21696.8
   21768.3
   21799.7
   22110.7
   22129.5
   22134.7
   22572.8
   22608.2
   22612.2
   22918.0
   22942.8
