     109.7
     135.6
     217.2
     454.2
     603.2
     632.9
     982.9
    1185.1
    1188.9
    1238.3
    1532.2
    1717.5
    1851.0
    2068.4
    2071.1
    2110.5
    2313.0
    2959.0
    3093.8
    3432.5
    3695.9
    3837.4
    3870.3
    4250.7
    4586.6
    4683.7
    4820.9
    4875.7
    5385.3
    5485.7
    5536.0
    5569.4
    5797.1
    5827.6
    5869.4
    5920.7
    6134.5
    6350.2
    6482.2
    6735.4
    6759.9
    6775.3
    6871.7
    7035.1
    7211.0
    7508.8
    7762.1
    7840.6
    8206.4
    8567.9
    9020.1
    9027.9
    9234.5
    9419.4
    9608.2
    9788.4
    9813.3
    9841.8
    9929.9
   10150.9
   10204.5
   10536.3
   10919.1
   11484.7
   11494.7
   12385.9
   12904.2
   13068.0
   13683.8
   13712.8
   14128.3
   14355.5
   15197.4
   15729.2
   15746.9
   16198.5
   16349.3
   16427.8
   16587.7
   16824.0
   16897.3
   17549.8
   18805.8
   19146.3
   19155.8
   19549.1
   19632.1
   19673.2
   20432.1
   20462.2
   20489.4
   20524.2
   20656.1
   20797.2
   21152.9
   21240.1
   21862.2
   21965.6
   21990.5
   22068.8
   22069.4
   22164.3
