     107.3
     332.8
     422.4
     547.3
     558.0
     689.1
     921.6
    1038.6
    1230.4
    1311.2
    1470.9
    1551.9
    1614.3
    1732.0
    1861.5
    1862.3
    1993.8
    2226.9
    2360.1
    2386.3
    3019.9
    3040.1
    3098.0
    3383.9
    3465.8
    3469.8
    3813.0
    3979.4
    4104.5
    4419.2
    5456.1
    5486.5
    5607.3
    5667.9
    5845.4
    6021.5
    6144.1
    6333.5
    6445.7
    6665.2
    6982.8
    7295.3
    7406.3
    7427.9
    7790.0
    8038.7
    8180.0
    8188.6
    8414.9
    8443.8
    8871.9
    9259.4
    9393.4
    9464.3
    9483.9
    9580.9
    9819.7
   10057.4
   10074.6
   10482.2
   10660.2
   10847.5
   10881.7
   11357.9
   11529.2
   12147.2
   12187.2
   12497.1
   12507.6
   12601.5
   12604.0
   12762.2
   12959.4
   12984.6
   13111.8
   13596.8
   13727.5
   13797.2
   13883.3
   13929.2
   14216.4
   14323.6
   15238.3
   15302.7
   15456.5
   15715.7
   15784.4
   16013.1
   16296.2
   16883.9
   16888.5
   16937.8
   16965.5
   17247.9
   17278.3
   17448.5
   17552.8
   17613.7
   17809.8
   17887.4
   18078.2
   18174.9
   18349.5
   18382.7
   18412.3
   18420.6
   18541.7
   18614.1
   18856.9
   19072.7
   19460.4
   19461.7
   19533.7
   19541.5
   19563.0
   19663.7
   20068.8
   20112.5
   20164.4
   20297.3
   20500.1
   20581.6
   20605.8
   20638.3
   20721.6
   20901.0
   20911.8
   20961.3
   21039.2
   21810.5
   22079.0
   22811.6
