      18.5
    1019.7
    2200.0
    2381.0
    2436.0
    2531.7
    2910.9
    3018.8
    3613.7
    3619.2
    4087.7
    4231.5
    4370.1
    5545.7
    5592.0
    5626.8
    5739.5
    5921.6
    6609.3
    6770.1
    6829.6
    6872.9
    6911.4
    7007.1
    7451.8
    7698.8
    8562.4
    8695.5
    8961.1
    9074.7
    9201.1
    9343.1
   10069.5
   10274.1
   10311.4
   10581.0
   10903.7
   11421.6
   11796.1
   11812.0
   11878.3
   11929.2
   12096.6
   12166.4
   12390.1
   12523.1
   12727.2
   13135.9
   13164.7
   13374.3
   13618.3
   13664.8
   13894.8
   14198.8
   14531.2
   14691.0
   14977.8
   15036.2
   15082.5
   15131.9
   15454.7
   15558.8
   15586.9
   16157.6
   16348.6
   16506.1
   16658.6
   16805.8
   16872.0
   16877.4
   17110.9
   17207.2
   17362.4
   17378.5
   17429.9
   17449.1
   17524.1
   17629.0
   17673.0
   18025.3
   18206.9
   18506.8
   18605.3
   18757.1
   19043.5
   19193.2
   20193.5
   20295.9
   20298.9
   20313.8
   20540.0
   20806.3
   20808.3
   21023.1
   21285.8
   21378.2
   21619.7
   21688.8
   22334.5
   22356.0
   22424.6
   22783.7
   22804.7
