       0.4
     337.7
     391.8
     482.0
    1276.2
    1323.3
    1439.7
    1519.0
    1577.5
    1719.0
    1853.6
    1902.6
    2110.3
    2523.3
    2559.7
    2564.9
    2606.9
    2609.5
    2722.2
    2830.6
    2842.3
    2935.5
    3155.0
    3161.7
    3246.5
    3408.8
    3495.3
    3503.7
    3587.1
    3769.0
    4449.8
    4616.3
    4655.9
    4964.9
    5320.4
    5695.0
    5715.2
    5724.6
    5783.7
    6110.0
    6179.0
    6300.8
    6303.1
    6655.0
    7374.6
    7502.2
    7531.7
    8411.9
    8421.2
    8431.5
    8551.1
    8858.0
    8979.8
    9024.8
    9253.5
    9686.2
    9754.7
    9817.2
    9852.9
   10223.0
   10815.7
   11375.5
   11518.6
   11603.1
   11926.9
   11977.6
   12080.0
   12083.5
   12171.7
   12325.7
   12508.2
   12606.7
   12765.9
   12783.9
   12845.4
   12996.5
   13352.4
   13661.0
   14168.0
   14219.6
   14346.5
   14505.0
   14540.1
   14731.5
   14964.5
   15364.3
   15620.2
   15749.0
   15878.2
   16124.6
   16494.7
   16575.0
   17625.2
   18010.1
   18137.2
   18165.2
   18318.0
   18428.4
   18662.8
   18712.1
   18888.7
   19021.0
   19989.9
   19998.8
   20126.2
   20155.9
   20213.0
   20560.2
   20635.8
   20970.0
   21361.4
   21373.1
   21408.5
   21769.9
   21975.3
   22013.8
   22143.8
   22489.8
   22511.4
   22518.7
   22519.5
   22572.0
   22578.4
   22812.8
   22990.9
