     393.9
     839.0
     910.2
    1042.9
    1102.3
    1142.9
    1338.9
    1893.5
    2021.2
    2022.2
    2276.7
    2293.4
    2633.7
    2639.5
    2959.5
    3089.2
    3370.4
    3547.3
    3892.4
    3946.4
    4087.4
    4507.5
    4749.6
    4996.4
    5421.4
    5431.5
    5977.8
    6100.7
    6212.2
    6396.2
    6611.1
    6678.4
    6803.0
    6882.4
    6885.9
    6942.8
    6976.2
    6993.3
    7202.4
    7599.3
    7602.5
    7605.7
    7707.7
    7907.9
    8106.3
    8117.3
    8394.2
    8564.7
    8776.4
    8906.9
    9025.5
    9093.0
    9461.1
    9796.2
    9859.9
   10373.7
   10401.1
   10551.2
   10589.9
   10851.4
   11234.3
   11397.5
   12414.7
   12725.6
   12803.1
   12829.2
   14000.5
   14340.1
   14355.5
   14885.3
   15009.4
   15019.8
   15020.1
   15034.1
   15083.3
   15152.2
   15179.7
   15334.9
   15574.1
   15580.1
   15619.4
   15636.9
   16123.4
   16405.6
   16447.8
   16530.7
   16733.6
   16796.9
   17014.9
   17604.6
   17876.8
   18229.0
   18374.8
   18656.4
   19269.0
   19303.0
   19331.6
   19448.9
   19572.7
   19625.8
   20399.3
   20537.3
   20636.4
   20925.6
   20953.7
   21083.1
   21454.4
   21485.7
   21746.2
   21876.5
   21914.6
   21989.7
