     223.7
     437.4
     735.0
     815.7
     855.2
     964.7
     980.5
    1047.8
    1209.3
    1556.7
    1648.5
    1683.7
    2275.1
    2478.8
    2493.6
    2530.9
    2665.9
    2831.4
    2958.8
    3165.2
    3605.9
    3962.7
    3965.0
    4245.7
    4362.8
    4534.9
    4807.2
    4850.9
    5210.5
    5222.9
    5420.7
    5653.7
    5844.7
    5911.3
    5956.4
    6069.9
    6146.4
    6226.1
    6257.5
    6300.3
    6339.2
    6538.3
    6913.9
    6933.0
    6945.7
    7294.6
    7746.2
    7790.4
    8181.5
    8691.3
    8738.5
    8845.0
    8853.1
    8876.2
    8876.9
    9267.0
    9864.9
   10187.0
   10448.5
   10624.1
   10709.8
   10899.9
   11702.1
   11971.3
   12058.0
   12162.7
   12223.5
   12224.3
   12546.5
   12838.2
   12874.2
   12883.3
   13015.5
   13106.0
   13357.9
   13419.9
   13459.4
   14275.3
   14306.7
   14512.5
   14863.7
   15197.8
   15259.4
   15263.7
   16058.4
   16246.5
   16305.4
   16312.6
   16329.1
   16455.9
   16754.0
   17047.0
   17295.1
   17397.7
   17457.9
   17551.9
   17656.1
   17765.8
   17819.8
   17953.1
   18064.6
   18555.6
   18593.8
   18717.7
   19259.8
   19433.6
   19651.2
   19694.7
   19750.3
   20045.8
   20186.7
   20187.5
   20790.9
   21032.9
   21075.4
   21191.2
   21311.5
   21535.5
   21958.8
   22243.8
   22270.4
   22433.1
   22771.8
   22776.4
   22887.1
   22910.0
