      52.4
     715.1
     865.1
     918.4
    1151.8
    1826.2
    2346.2
    2484.0
    2488.1
    2538.2
    2773.0
    2838.6
    3071.1
    3072.1
    3545.5
    3616.7
    3735.7
    3762.5
    3823.6
    4210.1
    4250.5
    4350.0
    4671.7
    5206.3
    5207.9
    5529.2
    5717.8
    5732.3
    5741.2
    5896.0
    5900.2
    5954.8
    5996.6
    6235.2
    6867.7
    7842.6
    7873.2
    7926.9
    8320.2
    8322.4
    8671.5
    8785.7
    8936.2
    9181.3
    9462.4
    9528.2
    9593.0
    9645.3
    9704.1
   10135.2
   10582.4
   11177.3
   11438.0
   11544.2
   11617.9
   11898.7
   11923.9
   11953.0
   12042.5
   12444.8
   12487.7
   12947.2
   13004.5
   13053.2
   13152.8
   13170.2
   13418.6
   13445.0
   13601.8
   13650.9
   13830.1
   13942.5
   13969.6
   14050.7
   14075.8
   14104.3
   14278.3
   14373.6
   14479.5
   14678.9
   14794.2
   14932.4
   15303.7
   15498.6
   15756.5
   15833.4
   15902.2
   16013.9
   16079.8
   16206.1
   16728.8
   17023.6
   17078.1
   17112.0
   17406.7
   17948.7
   17975.3
   18114.7
   18163.1
   18321.3
   18387.7
   18591.2
   18674.3
   18911.1
   19075.3
   19151.8
   19535.1
   19650.4
   19893.8
   19975.5
   20123.2
   20351.8
   20636.2
   21121.1
   21177.6
   21413.0
   21639.4
   21841.7
   21950.0
   22126.7
   22393.7
   22714.5
   22725.3
   22838.1
   22965.4
