     189.1
     205.8
     289.9
     421.0
     592.1
     773.1
    1029.9
    1064.9
    1102.8
    1425.9
    1472.7
    1940.3
    1955.7
    2183.6
    2215.8
    2477.0
    2602.5
    2646.2
    3718.5
    3922.9
    4028.7
    4406.7
    4523.7
    4608.7
    4795.8
    5198.8
    5317.5
    5506.8
    6266.5
    6483.4
    6548.5
    6734.9
    7167.5
    7200.1
    7981.4
    8018.0
    8031.7
    8300.7
    8315.7
    8592.6
    8732.3
    8796.0
    8973.2
    9346.3
    9470.0
   10404.9
   10537.5
   11105.9
   11248.6
   11263.1
   11934.9
   12016.8
   12233.1
   12254.4
   12314.0
   12386.0
   12523.0
   12592.5
   12823.7
   13009.5
   13124.3
   13418.8
   13805.4
   14153.1
   14480.5
   14611.9
   14620.4
   14641.5
   15132.1
   15267.2
   15601.3
   15729.8
   15833.6
   16079.4
   16472.5
   16496.9
   16643.4
   16885.3
   16987.7
   17211.2
   17255.2
   17439.9
   17745.0
   17896.5
   18115.5
   18543.6
   18621.2
   18625.3
   19172.9
   19309.7
   19518.4
   19786.8
   20040.3
   20055.9
   20118.6
   20324.6
   20484.5
   20608.0
   21024.1
   21053.0
   21632.6
   21696.4
   22280.3
   22338.8
   22443.5
   22586.9
   22635.2
   22644.6
   22753.3
