      94.0
     540.8
     544.7
     709.5
     853.7
     908.9
    1846.8
    1855.4
    1877.3
    1997.3
    2074.8
    2304.7
    2372.3
    2433.5
    2449.6
    2522.3
    2740.9
    2812.2
    3043.4
    3194.2
    3276.6
    3348.8
    3494.8
    3555.0
    3581.3
    4051.2
    4484.7
    4625.8
    4720.5
    4755.3
    4759.3
    5036.0
    5064.3
    5604.5
    5733.6
    6071.6
    7066.9
    7308.9
    7454.1
    7801.3
    7873.7
    7964.9
    8004.4
    8047.5
    8634.9
    8741.1
    8751.6
    8823.9
    9139.6
    9269.7
    9300.1
    9546.8
    9657.8
    9724.0
   10105.2
   10543.5
   10632.9
   10707.9
   10802.5
   10829.4
   10857.9
   10948.5
   10953.1
   11429.7
   11441.6
   11537.3
   11900.3
   12132.1
   12184.4
   12322.5
   12327.3
   12366.3
   12468.0
   12729.4
   12745.3
   13105.2
   13195.3
   13593.6
   14403.3
   14416.2
   14468.3
   14739.3
   14821.1
   14976.2
   15179.6
   15525.5
   15709.2
   15723.5
   16072.4
   16175.1
   16196.0
   16647.1
   16651.3
   16908.3
   17116.9
   17472.4
   17480.3
   17565.0
   17596.3
   17936.0
   18009.7
   18296.1
   18377.5
   18392.9
   18541.3
   18596.0
   18677.3
   18758.2
   19099.9
   19429.4
   19783.6
   19830.5
   19996.3
   20458.4
   20491.8
   20507.0
   20763.2
   20877.7
   20956.9
   21019.4
   21641.7
   21812.3
   22049.7
   22230.8
