     212.4
     272.0
     576.2
     585.4
     689.0
     782.6
     814.2
    1094.5
    1159.4
    1160.5
    1719.2
    1866.1
    2010.3
    2170.9
    2537.9
    2690.9
    2851.7
    2854.5
    2868.8
    2906.8
    3138.7
    3228.9
    3304.3
    3641.4
    3817.9
    3819.8
    3924.5
    4250.8
    4629.6
    5172.6
    5259.5
    5287.2
    5598.7
    5881.1
    6082.8
    6616.3
    6642.4
    6735.5
    7105.5
    7268.0
    7697.7
    7752.0
    8225.6
    8570.6
    8575.3
    8778.3
    8804.7
    9317.6
    9498.5
    9551.0
   10239.5
   10276.5
   10404.7
   10710.4
   10711.1
   10867.2
   10919.8
   11192.0
   11331.9
   11418.9
   11493.7
   11599.4
   11661.2
   11903.3
   11988.1
   12003.7
   12078.8
   12182.4
   12346.8
   12728.8
   12799.2
   13237.9
   13306.3
   13512.1
   13646.7
   13652.9
   13658.8
   13958.3
   14215.5
   14459.6
   14541.6
   14719.5
   14741.5
   15736.4
   16401.3
   16412.7
   16519.6
   16525.4
   16538.7
   16547.0
   16731.9
   16781.4
   17194.9
   17300.8
   18387.6
   18854.8
   18970.4
   19036.0
   19133.8
   19460.1
   19647.2
   19792.4
   19836.1
   19897.0
   20092.2
   20376.2
   20391.3
   20581.6
   20782.3
   20783.7
   21125.7
   21411.7
   21476.3
   21737.9
   21853.3
