      41.8
     442.7
     569.9
     596.8
     657.3
     724.0
     852.3
    1016.5
    1142.6
    1292.4
    1332.5
    1878.9
    2163.5
    2180.5
    2183.4
    2436.9
    2638.9
    2924.8
    3634.3
    4022.7
    4024.6
    4257.2
    4599.4
    4690.9
    4760.6
    4822.8
    5165.4
    6226.4
    6329.2
    6437.1
    6849.2
    7439.5
    7856.4
    8112.0
    8140.0
    8187.4
    8261.5
    8263.3
    8305.9
    8461.5
    8468.4
    8948.3
    8975.4
    9598.3
    9861.2
    9905.1
   10246.9
   10402.7
   10429.8
   10504.8
   10730.9
   10886.0
   10995.8
   11108.5
   11559.4
   11580.9
   11669.0
   12095.8
   12267.0
   12399.6
   12696.4
   12807.0
   12908.5
   12919.6
   13079.2
   13119.9
   13198.5
   13221.1
   13670.9
   13815.8
   13958.5
   14135.6
   14204.6
   14240.1
   14240.8
   14771.2
   15027.8
   15270.0
   15612.9
   15837.3
   16076.8
   16980.3
   17193.7
   17384.1
   17736.4
   17859.2
   17920.4
   18373.5
   18797.2
   18802.7
   18837.0
   18939.7
   19085.1
   19179.5
   19473.8
   19917.9
   20654.0
   21163.2
   21175.7
   21597.0
   21763.2
   22178.6
   22324.3
   22633.2
   22695.2
   22767.9
   22973.6
