     304.5
     596.3
     654.4
     687.8
     910.5
    1474.5
    1602.6
    1803.4
    2054.9
    2602.4
    3066.1
    3155.9
    3457.2
    3469.7
    3480.5
    3949.1
    4035.1
    4132.1
    4211.3
    4249.3
    4435.4
    4765.0
    5510.2
    5633.8
    5652.8
    5769.6
    5884.7
    5914.9
    6075.3
    6117.2
    6126.1
    6246.5
    6590.3
    6701.0
    6769.5
    6830.6
    6866.6
    6963.1
    7130.4
    7210.4
    7281.7
    7356.7
    7592.9
    7775.6
    7956.0
    8750.8
    8919.2
    8952.7
    8958.6
    9270.0
    9298.5
    9483.6
    9771.9
   10059.7
   10070.4
   10343.3
   10816.6
   10837.5
   10851.4
   10873.1
   11016.8
   11179.7
   11242.8
   11804.5
   11821.1
   12310.4
   12731.1
   13220.3
   13519.2
   13595.6
   13655.0
   13802.8
   13872.1
   14671.6
   14986.7
   15315.9
   15511.2
   16183.4
   16706.6
   16710.7
   16836.7
   16860.4
   17068.4
   17101.9
   17301.0
   17607.5
   17950.9
   18576.9
   18786.8
   18993.5
   18999.1
   19200.6
   19580.7
   19799.3
   19992.5
   20327.7
   20445.6
   20547.0
   21424.8
   21478.8
   21527.3
   21577.9
   21952.9
   22042.6
   22076.8
   22414.7
   22434.9
   22697.9
