      29.2
      36.2
     208.5
     294.0
     532.6
     554.6
     688.0
    1009.4
    1036.5
    1090.7
    1173.5
    2639.3
    2756.3
    3081.3
    3126.0
    3167.2
    3181.4
    3290.0
    3367.4
    3436.7
    3484.3
    3505.2
    3781.9
    3955.2
    4014.9
    4082.8
    4299.9
    4404.8
    4872.4
    4924.0
    5388.0
    5657.6
    5703.5
    6071.6
    6226.2
    6332.7
    6548.7
    7287.2
    7334.0
    7961.3
    8107.6
    8174.0
    8309.6
    8371.2
    8662.1
    8858.0
    9521.8
    9589.0
    9660.8
    9802.2
    9856.3
   10316.4
   10669.6
   10801.8
   11828.7
   12021.6
   12287.3
   12620.2
   12662.7
   12692.0
   12934.1
   13001.7
   13037.6
   13394.3
   13469.7
   13680.2
   13890.0
   13919.5
   14054.9
   14376.5
   14672.3
   14863.7
   15334.5
   15488.1
   15838.0
   16129.7
   16368.9
   16856.2
   16889.6
   17015.8
   17361.0
   17513.5
   17676.0
   17882.5
   17992.5
   18021.1
   18126.4
   18289.8
   18794.0
   19218.8
   19322.8
   19397.1
   19573.4
   19671.4
   19703.5
   20107.0
   20209.3
   20888.2
   21497.2
   21849.3
   21876.0
   21950.7
   22158.5
   22365.9
   22903.0
   22948.8
