      34.4
      87.2
     106.6
     211.4
     349.2
     655.2
    1047.5
    1718.6
    1877.0
    1879.3
    1974.2
    2080.1
    2183.1
    2212.8
    2247.7
    2254.4
    2295.6
    2301.4
    2385.9
    2700.0
    2842.3
    3240.0
    3521.4
    3669.9
    3752.4
    3936.8
    4022.7
    4023.3
    5105.8
    5261.3
    5492.3
    5515.2
    5710.9
    5764.3
    6030.2
    6122.5
    6416.7
    6608.8
    7081.8
    7417.4
    7478.6
    7568.3
    7602.6
    7752.7
    7756.0
    8098.3
    8388.7
    8631.7
    8817.7
    8901.5
    8915.2
    9148.8
    9170.2
    9424.0
    9456.6
    9548.9
    9967.3
   10193.1
   10321.9
   11204.7
   12184.4
   12439.6
   12993.1
   12999.8
   13009.6
   13279.6
   13661.1
   13876.8
   13992.6
   14465.8
   14677.9
   14910.2
   14965.6
   15146.6
   15261.6
   15286.1
   16547.5
   16880.7
   16992.4
   17113.4
   17118.8
   17198.7
   17537.0
   17581.2
   17745.4
   17807.5
   17878.8
   18277.0
   19260.1
   19467.8
   19516.8
   19555.2
   19627.2
   19722.2
   20105.9
   20194.2
   20205.8
   20561.9
   20778.2
   20778.7
   21406.3
   21421.8
   21519.8
   21997.1
   22007.8
   22190.1
   22386.2
   22485.3
   22884.1
   22935.5
   22956.0
