     150.0
     308.2
     407.6
     736.4
     793.2
     834.3
     844.5
     865.3
    1001.7
    1114.5
    1173.6
    1277.4
    1337.7
    1595.1
    1841.7
    2199.3
    2435.3
    2579.6
    2647.0
    2758.7
    3038.5
    3678.7
    3767.2
    3775.0
    3842.3
    3910.2
    4269.8
    4413.3
    4522.7
    4878.0
    5321.0
    5422.8
    5683.3
    5739.6
    6494.3
    6536.9
    6875.9
    7354.4
    7542.0
    7613.1
    7883.8
    8151.1
    8400.0
    8637.0
    9138.4
    9218.1
    9259.3
    9341.9
    9848.1
    9904.7
   10053.7
   10126.1
   10134.7
   10182.2
   10578.0
   10616.9
   10621.4
   10982.1
   11046.3
   11163.6
   11592.8
   11842.0
   12804.6
   13385.2
   13390.4
   13459.3
   13568.6
   14144.6
   14255.0
   14391.6
   14710.9
   14929.7
   15474.4
   15505.8
   15628.6
   16461.4
   16686.5
   16830.8
   16967.6
   17097.8
   17171.4
   17578.8
   17611.4
   17649.4
   17902.6
   18075.9
   18218.0
   18264.1
   18895.1
   18906.4
   19093.0
   19310.3
   19535.1
   19599.2
   19792.8
   19821.1
   19843.6
   19878.8
   20068.8
   20108.3
   20339.9
   20605.7
   20627.4
   20837.2
   20851.2
   21273.6
   21436.3
   21460.2
   21614.2
   21629.1
   22067.8
   22157.7
   22239.2
   22358.2
   22442.2
   22469.6
   22631.6
   22696.5
   22758.2
