     152.7
     708.7
     928.0
     961.2
    1201.4
    1472.8
    1722.0
    1904.8
    1905.1
    2241.6
    2409.3
    2551.5
    2909.1
    3050.0
    3202.6
    3356.3
    3547.8
    3655.1
    4218.4
    4304.7
    4453.1
    4495.9
    4502.7
    4647.3
    4718.9
    4779.5
    4828.8
    4899.3
    5123.4
    5489.3
    5901.1
    6682.6
    6697.6
    6847.6
    7349.5
    7361.0
    7428.8
    8143.8
    8644.1
    8668.5
    8930.5
    8973.5
    9102.5
    9279.8
    9409.7
    9519.4
    9626.4
    9911.8
   10127.0
   10306.9
   10477.2
   10600.9
   10849.2
   10992.0
   11233.3
   11409.3
   11431.1
   11491.5
   11517.6
   11531.8
   11611.1
   11637.8
   12035.2
   12036.9
   12087.9
   12142.7
   12246.2
   12609.7
   13192.1
   13350.8
   13440.1
   13699.7
   13831.9
   14037.6
   14317.2
   14411.3
   14670.5
   15875.8
   15958.7
   16214.9
   16937.4
   17130.8
   17383.0
   17533.4
   17731.8
   18169.6
   18497.1
   18766.1
   19261.9
   19283.7
   19557.5
   19696.0
   19845.5
   19985.6
   20036.1
   20200.8
   20399.0
   20518.5
   20546.2
   20599.6
   21015.6
   21318.2
   21450.0
   21957.2
   22045.7
   22303.4
   22353.6
   22782.4
   22849.0
   22865.6
   22932.1
