     135.9
     615.4
     849.3
    1698.5
    1804.5
    1981.3
    2354.6
    2587.7
    2939.4
    3120.6
    3425.2
    3489.8
    3654.3
    3684.7
    3835.7
    3842.9
    3977.7
    4117.0
    4671.4
    4793.1
    4826.7
    5144.6
    5145.3
    5308.1
    5353.5
    5824.1
    5919.6
    6164.3
    6222.0
    6293.5
    6306.7
    6544.6
    6649.5
    6946.0
    7061.9
    7227.4
    7382.8
    7454.7
    7902.5
    8020.0
    8052.2
    8068.7
    8366.1
    9236.1
    9380.7
    9988.8
   10455.4
   10478.8
   10845.1
   11281.7
   11300.0
   11580.9
   11743.9
   11876.5
   12165.1
   13048.1
   13276.0
   13447.5
   13535.2
   14166.4
   14457.4
   14593.9
   15256.0
   15271.0
   15506.9
   15641.6
   15876.2
   16558.3
   16788.8
   17232.6
   17248.9
   17459.5
   17915.7
   18545.3
   18564.1
   18607.9
   18685.9
   18773.1
   18816.1
   19299.1
   19735.9
   20269.5
   20426.5
   20743.7
   20785.4
   21780.4
   22033.6
   22041.2
   22435.0
   22714.0
   22717.6
   22870.6
