     630.2
     818.3
    1060.9
    1092.2
    1306.3
    1310.3
    1458.4
    1757.4
    1818.6
    2164.8
    2342.0
    2604.1
    2735.0
    3218.4
    3319.7
    3361.3
    3368.9
    3739.7
    4161.4
    4515.0
    4565.9
    4885.2
    5185.1
    5392.5
    5581.3
    5624.2
    5792.2
    5945.0
    5949.0
    6068.3
    6092.0
    6185.2
    6954.8
    7000.3
    7122.5
    7526.9
    7724.5
    7795.5
    8116.0
    8223.5
    8509.2
    8704.0
    8784.0
    8837.4
    9061.6
    9099.5
    9148.9
    9414.9
    9676.5
    9785.3
   10120.0
   10491.5
   10524.6
   10607.6
   10756.6
   11243.0
   11501.9
   11679.7
   11724.9
   11930.8
   12120.7
   12218.4
   12277.1
   12859.7
   13288.4
   13289.6
   13576.6
   13909.7
   14129.9
   14158.2
   14227.9
   14565.2
   14902.0
   15231.4
   15237.1
   15377.6
   15395.6
   16012.2
   16243.8
   16317.1
   16451.6
   16484.3
   16963.2
   17041.4
   17610.5
   17894.6
   17896.9
   17944.2
   17985.3
   18159.5
   18437.2
   18501.2
   18655.6
   19325.2
   19495.4
   19599.1
   19759.5
   19963.1
   20280.0
   20709.7
   20718.6
   20755.5
   20827.0
   21186.5
   21236.3
   21284.8
   21412.4
   22605.5
   22999.8
