     136.9
     362.8
     407.9
     457.9
     614.2
     861.3
    1092.4
    1405.3
    1745.3
    2183.9
    2279.8
    2579.1
    3058.5
    3200.9
    4082.0
    4094.2
    4376.9
    4439.4
    4463.5
    4765.5
    4894.0
    5103.8
    5107.9
    5156.5
    5446.1
    5468.6
    5604.3
    5934.8
    5990.8
    6173.2
    6332.2
    6440.7
    6483.4
    6880.7
    6935.6
    6951.4
    7027.2
    7857.1
    7952.9
    7963.3
    8402.7
    8520.6
    9031.7
    9524.4
    9529.1
    9706.9
    9862.5
    9913.3
   10065.7
   10606.3
   10877.2
   10895.1
   11545.2
   11553.2
   11831.5
   11916.9
   12143.3
   12168.6
   12258.6
   12309.9
   12377.5
   12516.2
   12603.3
   12748.2
   12781.3
   13155.0
   13396.5
   13510.9
   13534.7
   13579.9
   13964.5
   14129.7
   14176.3
   14730.4
   15668.0
   15712.0
   15848.7
   16105.4
   16290.0
   16340.7
   16351.6
   17018.9
   17057.8
   17487.4
   18350.2
   18539.8
   18985.8
   19486.5
   19773.2
   19929.4
   19978.7
   20166.1
   20298.3
   20360.3
   20422.2
   20550.8
   20752.4
   20853.0
   20897.7
   21015.8
   21082.7
   21154.2
   21165.2
   21185.3
   21199.1
   21842.1
   22048.8
   22406.1
   22569.3
   22743.3
   22920.3
