       1.1
      73.4
      77.5
      87.6
     923.6
     988.7
    1171.7
    1590.3
    1928.6
    2101.2
    2109.3
    2117.9
    2354.5
    2356.7
    2611.6
    2712.5
    3581.0
    3653.2
    3749.4
    3852.6
    4096.8
    4445.4
    4612.5
    4921.6
    5299.3
    5524.2
    6125.0
    6564.5
    7004.0
    7030.0
    7093.5
    7203.6
    7298.8
    7371.6
    7396.4
    7438.9
    7494.3
    7807.6
    7823.2
    8343.9
    9091.8
    9606.2
    9750.7
    9790.6
    9918.4
    9926.2
   10160.3
   10168.3
   10891.2
   11309.4
   11349.6
   11670.4
   12008.0
   12545.0
   12571.4
   12637.4
   12669.1
   13309.8
   13563.8
   13942.7
   13958.2
   13965.6
   14329.6
   14419.1
   14432.0
   14864.5
   14985.7
   15098.0
   15314.4
   15331.5
   15552.0
   16133.2
   16186.4
   16188.8
   16197.0
   16343.0
   16350.4
   16360.6
   16486.8
   16627.9
   16658.7
   16750.2
   16752.7
   16809.8
   16883.2
   17748.9
   17959.5
   18263.2
   18661.4
   18801.3
   18808.2
   19013.6
   19257.5
   19344.4
   19538.0
   19585.6
   19626.3
   19684.8
   19695.0
   19936.6
   19969.4
   20008.2
   20267.8
   20362.6
   20550.5
   20929.2
   20956.7
   21045.3
   21701.8
   22172.1
   22346.7
   22373.9
   22859.8
   22911.2
