     219.5
     278.4
     448.0
     710.1
     973.5
     974.6
    1121.2
    1523.0
    1742.7
    1971.8
    1980.2
    2135.4
    2350.5
    2474.8
    2532.1
    2775.4
    2839.2
    2922.2
    3912.9
    4193.8
    4358.0
    4388.7
    4632.7
    4667.7
    4697.8
    4742.2
    4771.2
    4821.8
    5250.2
    5587.1
    5674.9
    5850.7
    5976.5
    6357.2
    6504.6
    6841.2
    6841.8
    7035.1
    7078.6
    7282.0
    7590.0
    8031.5
    9590.1
    9736.5
   10256.7
   10371.0
   10560.7
   10648.1
   10790.9
   10877.0
   10933.2
   10947.7
   11635.3
   11819.9
   12377.9
   12396.5
   12451.9
   12503.5
   12647.6
   12718.6
   12849.9
   12864.4
   12896.3
   12940.3
   13083.9
   13204.6
   13221.7
   13307.3
   13837.9
   13919.5
   14376.4
   14476.3
   14813.7
   14892.6
   14985.7
   15192.7
   15433.7
   15447.7
   15592.6
   15714.5
   15731.9
   15856.5
   16059.3
   16066.3
   16069.7
   16182.8
   16279.5
   16321.0
   16391.0
   16895.0
   17058.8
   17131.5
   17174.9
   17690.3
   17717.0
   17935.4
   17970.0
   18172.1
   18275.9
   18318.2
   18424.2
   18524.3
   18845.3
   18877.7
   19208.9
   19232.6
   19299.3
   19490.0
   19606.3
   19741.1
   19916.5
   20358.1
   20399.2
   20425.8
   20791.3
   20850.8
   21071.1
   21097.3
   21291.2
   21462.1
   21582.3
   21629.0
   21920.7
   22096.5
   22389.1
   22805.8
   22990.7
