     122.1
     157.8
     823.8
     988.2
    1055.0
    1313.9
    1415.8
    1762.2
    2140.1
    2235.8
    2279.2
    2293.9
    2460.7
    2769.8
    2957.9
    3160.4
    3377.5
    3487.2
    3595.4
    3889.4
    4125.2
    4732.1
    4781.4
    4961.6
    5223.2
    5223.4
    5711.2
    5844.5
    5917.1
    5926.8
    6422.1
    6555.3
    6938.4
    7107.3
    7240.0
    7609.7
    7630.4
    8095.1
    8202.9
    8598.0
    8948.2
    9098.4
    9263.9
    9351.8
    9371.4
    9412.8
    9492.8
    9727.3
   10207.8
   10239.4
   10248.8
   10676.2
   11010.9
   11162.6
   11303.4
   11365.1
   11381.6
   11383.5
   11489.5
   11576.3
   12035.7
   12324.5
   12396.8
   12402.7
   12513.6
   12610.2
   12727.8
   12771.5
   12889.7
   13254.4
   13277.3
   13337.3
   13420.7
   13512.0
   13567.5
   13696.6
   13794.7
   13836.8
   14342.3
   14379.9
   14522.6
   14600.7
   14746.2
   14819.3
   14952.6
   14984.2
   15141.0
   15279.9
   15353.7
   15402.7
   15450.2
   15599.2
   15921.2
   15926.8
   16005.2
   16184.1
   16757.9
   16939.9
   17173.9
   17673.1
   17748.1
   18118.4
   18478.7
   18659.9
   18794.4
   18872.7
   18972.0
   19213.5
   19256.8
   19448.8
   19478.6
   20138.2
   20327.4
   20547.9
   20575.4
   20639.0
   20663.8
   20821.6
   20948.0
   21604.7
   21894.5
   21924.5
   22013.4
   22594.4
   22676.7
   22966.2
