     205.4
     771.6
    1093.4
    1123.8
    1585.1
    1597.9
    2118.3
    2388.7
    2467.3
    2737.4
    3022.1
    3434.2
    3775.4
    3904.8
    3928.5
    4192.2
    6194.9
    6216.4
    6671.9
    7244.4
    7331.0
    7754.0
    7963.2
    8308.5
    8383.8
    8492.8
    8629.3
    8674.0
    8703.9
    8814.6
    8898.7
    9169.8
    9309.7
    9403.7
    9508.1
    9936.0
   10043.8
   10114.2
   10158.0
   10246.0
   10247.4
   10679.0
   10911.4
   11044.0
   11680.1
   11684.3
   11865.5
   12220.8
   12842.7
   13006.8
   13413.4
   13618.8
   13627.4
   13788.3
   13999.4
   14180.0
   14258.3
   14627.3
   14634.1
   14858.9
   14867.3
   14894.6
   15085.5
   15240.3
   15335.0
   15440.9
   15614.9
   16008.9
   16020.9
   16252.6
   16627.2
   16986.4
   17134.3
   17216.9
   17858.0
   17866.4
   18002.1
   18042.4
   18284.5
   18514.7
   18591.6
   18952.0
   18996.0
   19185.5
   19413.6
   19542.4
   20273.5
   20314.8
   20330.5
   20508.4
   20593.2
   20753.3
   20923.6
   20970.7
   21005.5
   21283.4
   21326.0
   22284.0
   22473.0
   22568.5
   22583.0
   22783.9
   22933.2
   22990.2
