     274.5
     664.1
     743.0
    1030.1
    1308.8
    1550.1
    1881.1
    2007.3
    2020.0
    2475.8
    2621.2
    2869.3
    2920.0
    2927.7
    3025.7
    3282.8
    3504.1
    3565.3
    3872.6
    3934.6
    4121.5
    4210.1
    4415.3
    4449.0
    4839.4
    5353.1
    5467.9
    5530.9
    5723.1
    5798.9
    6035.5
    6574.9
    6593.9
    6636.2
    6683.3
    6850.3
    6873.2
    7093.3
    7156.4
    7198.6
    7317.4
    7411.5
    7502.5
    7523.5
    7651.7
    7764.2
    7879.4
    7931.5
    8220.0
    8347.3
    8580.1
    9011.3
    9142.5
    9244.8
    9278.5
    9316.0
    9801.6
    9945.0
   10070.2
   10105.8
   10220.9
   10408.7
   10468.3
   10553.0
   11031.1
   11129.2
   11305.5
   11679.9
   11934.5
   11978.1
   12141.9
   12274.9
   12497.5
   12557.7
   12602.6
   12650.4
   13132.0
   13396.3
   14251.0
   14292.1
   14624.6
   14693.1
   15299.7
   15366.6
   15385.8
   15397.1
   15635.7
   15687.7
   16340.7
   16763.4
   16804.3
   16897.9
   17310.4
   19145.2
   19321.7
   19487.6
   19524.3
   19780.4
   19876.9
   20040.9
   20070.0
   20172.5
   20486.0
   20716.3
   21173.7
   21285.7
   21886.3
   21964.7
   22053.2
   22522.8
