       5.4
     914.0
    1078.7
    1413.5
    1538.5
    1593.6
    1775.6
    2058.2
    2849.8
    3491.9
    3673.5
    4022.0
    4219.7
    4478.5
    4724.9
    5216.9
    5263.8
    5485.1
    5520.2
    5570.6
    5618.0
    6331.1
    6704.3
    6782.6
    6991.8
    7498.3
    7747.4
    7776.4
    7874.0
    7969.9
    8428.6
    8467.1
    8469.7
    8530.4
    9284.8
    9291.0
    9337.4
   10446.2
   10516.9
   10756.4
   10935.2
   11308.8
   11483.1
   11728.3
   12379.4
   12526.6
   12564.6
   12607.2
   12807.8
   13860.9
   14306.0
   14327.3
   14464.3
   14515.1
   14650.9
   15173.1
   15199.3
   15393.4
   15502.3
   15706.8
   15820.6
   15864.1
   16170.6
   16555.1
   16586.0
   17030.1
   17096.7
   17444.7
   17723.9
   17870.9
   17901.0
   17977.0
   18012.9
   18080.4
   18851.6
   19054.4
   19288.1
   19363.7
   19606.2
   19812.7
   19875.9
   19951.6
   20218.0
   20808.7
   20870.8
   21229.2
   21279.2
   21455.7
   21664.9
   21691.8
   21781.5
   21965.2
   22103.8
   22325.7
   22868.3
