     214.8
     401.3
     462.3
     973.1
    1032.9
    1046.0
    1141.6
    1193.1
    1225.4
    1276.1
    1309.4
    1433.2
    1529.5
    1723.9
    1943.3
    2170.2
    2402.2
    2403.2
    2469.7
    2567.4
    2740.5
    3390.7
    3505.3
    3641.5
    3667.3
    3921.2
    4012.1
    4247.1
    4270.1
    4300.5
    4628.2
    4699.1
    4850.8
    5081.5
    5107.1
    5138.7
    5233.2
    5310.4
    5428.8
    5801.2
    5996.1
    6050.4
    6223.3
    6362.9
    6712.5
    6893.7
    7425.2
    7449.0
    8208.7
    8220.8
    8505.3
    8577.5
    8637.6
    9021.3
    9177.0
    9459.1
    9641.3
    9910.6
    9996.9
   10022.1
   10091.4
   10162.5
   10283.0
   10302.8
   10381.0
   11084.9
   11285.1
   11289.3
   11442.4
   11672.3
   11954.2
   12022.3
   12276.4
   12319.7
   12478.2
   12502.9
   12570.7
   12810.4
   13075.5
   13081.4
   13284.5
   13339.1
   13399.3
   13444.3
   13492.1
   13603.0
   13904.0
   13935.1
   14157.8
   14275.2
   14687.0
   14976.7
   15134.6
   15146.4
   15194.4
   15715.5
   15772.9
   15836.0
   15997.5
   16061.3
   16147.6
   16783.3
   16805.2
   17107.6
   17486.2
   17502.0
   17938.4
   17968.3
   18396.4
   18655.8
   18772.4
   19211.0
   19334.8
   19421.7
   19986.2
   20147.8
   20325.0
   20459.0
   20810.8
   21064.8
   21269.5
   21270.8
   21638.3
   21878.2
   21965.2
   22028.8
   22172.1
   22213.9
   22267.2
   22305.0
   22384.6
   22647.3
   22827.5
   22966.3
