      73.8
     255.3
     351.2
     424.9
     605.4
    1115.5
    1486.7
    1526.9
    1591.4
    1725.4
    2071.5
    2087.3
    2462.3
    2490.8
    2642.3
    2682.8
    2724.5
    2936.1
    3080.4
    3422.3
    3489.2
    3536.4
    3879.6
    3895.1
    3989.5
    4107.4
    4264.3
    4356.5
    4368.5
    4590.9
    4605.6
    4926.1
    5194.7
    5332.4
    5640.1
    5655.6
    5664.9
    5744.9
    6101.2
    6206.9
    6580.5
    7865.3
    8005.1
    8287.6
    8352.6
    8634.3
    8686.5
    8818.2
    8863.6
    8922.7
    9120.7
    9375.9
    9496.1
    9520.4
    9590.1
    9683.2
    9936.5
   10237.3
   10951.1
   11078.5
   11294.5
   11597.2
   11727.6
   11728.8
   11787.5
   11800.4
   11871.4
   12030.5
   12044.7
   12194.6
   12382.3
   12564.0
   12625.5
   12763.4
   13121.9
   13377.2
   13519.8
   13533.5
   13607.0
   14072.4
   14428.3
   14691.1
   14908.5
   15380.6
   15611.2
   15718.9
   15990.1
   16079.3
   16301.1
   16473.4
   16908.0
   17073.6
   17313.0
   17510.4
   17600.6
   17692.4
   17702.6
   17773.5
   17974.0
   18208.9
   18230.7
   18235.1
   18335.2
   18362.2
   18949.8
   19017.1
   19049.6
   19165.1
   19270.9
   19345.1
   19385.0
   19480.6
   19681.8
   19935.1
   20121.3
   20330.8
   20624.9
   20684.8
   20996.3
   21214.1
   21566.4
   21768.8
   22114.8
   22624.4
   22676.7
   22943.7
