     145.0
     181.5
     218.7
     385.7
     639.2
     753.5
    1155.4
    1452.8
    1454.4
    1572.5
    1811.8
    1994.5
    2414.5
    3056.6
    3169.3
    3404.2
    3520.7
    4362.1
    4527.1
    4643.6
    4961.5
    5167.9
    5259.5
    5298.5
    5319.9
    5413.4
    5982.6
    6085.8
    6238.3
    6292.0
    6507.6
    6889.9
    6954.2
    6981.9
    7380.5
    7581.2
    7888.4
    8235.5
    8536.7
    8548.3
    8552.3
    8821.6
    8881.1
    8883.9
   10071.7
   10108.6
   10155.0
   10193.9
   10270.5
   10307.5
   10449.0
   11075.4
   11082.0
   11110.1
   11171.2
   11338.0
   11424.2
   11541.7
   11576.8
   12027.2
   12124.4
   12496.2
   12517.1
   12736.4
   12939.8
   13391.1
   13405.2
   13830.9
   14657.7
   14730.1
   15248.5
   15720.9
   15857.3
   16201.9
   16643.9
   16825.6
   17131.8
   17203.2
   17239.0
   17253.4
   17262.7
   17513.5
   17861.6
   17917.8
   18237.1
   18244.6
   19080.7
   19274.6
   19336.6
   19593.4
   19629.1
   19942.3
   20051.3
   20092.9
   20325.0
   20564.3
   21017.8
   21063.4
   21078.6
   22107.7
   22155.4
   22194.6
   22293.6
   22352.2
   22566.5
   22820.7
   22842.5
   22844.8
   22917.6
