      49.3
     375.0
     438.6
     910.4
    1924.7
    2032.8
    2084.0
    2724.1
    2877.8
    2974.1
    2992.7
    3387.8
    3436.3
    4407.8
    4471.3
    4515.9
    4556.7
    4901.6
    5084.1
    5172.3
    5210.3
    5370.5
    5537.8
    5684.8
    5689.9
    6577.1
    6587.1
    6769.8
    6823.4
    6854.8
    6983.5
    7108.3
    7606.1
    7723.4
    7768.6
    7814.9
    8186.4
    8239.5
    8251.8
    8276.2
    8609.8
    8798.7
    8977.9
    9031.2
    9062.6
   10046.4
   10507.0
   11299.6
   11690.2
   11976.8
   12000.0
   12352.5
   12829.1
   12859.4
   13310.6
   13581.3
   14087.4
   14151.3
   14168.2
   14168.5
   14494.3
   14606.3
   15509.6
   15607.3
   15806.5
   15859.7
   15865.4
   16048.9
   16125.0
   16293.9
   16350.7
   16504.6
   16676.5
   16764.3
   16848.1
   17108.5
   17667.0
   17980.6
   18152.1
   18316.2
   18601.5
   18808.8
   19329.4
   19855.7
   20009.6
   20095.8
   20412.0
   20762.9
   21035.2
   21174.3
   21590.2
   21854.6
   22098.8
   22211.6
   22470.1
   22757.7
   22974.9
