     212.9
     950.9
     971.8
     986.3
     991.3
    2045.6
    2091.4
    2123.2
    2397.6
    2582.3
    2697.0
    2816.7
    3025.0
    3137.1
    3143.5
    3642.7
    3847.8
    4153.7
    4168.6
    4206.1
    4881.7
    4927.3
    5274.8
    5310.6
    5375.9
    5672.8
    5755.3
    6007.3
    6087.5
    6204.1
    6530.3
    6553.3
    7046.2
    7486.0
    7543.7
    7694.3
    7930.1
    8116.0
    8829.7
    8845.7
    8972.6
    9106.7
    9522.9
    9535.7
    9685.5
    9811.5
    9946.2
    9984.5
   10085.3
   10194.9
   10344.4
   10580.4
   10665.7
   10756.1
   10820.2
   11593.2
   11822.4
   11955.8
   12176.1
   12332.0
   12431.2
   12556.3
   12867.0
   13348.5
   13729.4
   14262.5
   14413.0
   14605.6
   14621.1
   14670.7
   15031.2
   15197.7
   15248.7
   15492.1
   15700.6
   15981.8
   16269.4
   16339.9
   16370.2
   16423.8
   17059.6
   17090.7
   17107.6
   17139.1
   17488.2
   17746.2
   17971.2
   18265.8
   18511.1
   18928.1
   18982.2
   18987.0
   19153.7
   19266.5
   19783.8
   19942.9
   19965.2
   20113.4
   20513.5
   20538.0
   20607.0
   20733.4
   20879.3
   21001.4
   21101.2
   21133.5
   21262.3
   21515.7
   21644.8
   22103.9
   22246.8
   22493.0
   22996.8
