     292.9
     420.3
     565.8
     733.4
     801.8
     808.6
    1051.5
    1117.5
    1147.7
    1319.5
    1810.5
    2097.1
    2425.2
    2594.5
    2805.7
    2893.4
    3095.5
    3095.8
    3131.1
    3742.9
    3769.9
    3841.6
    4020.0
    4063.5
    4450.7
    4886.7
    5081.3
    5458.5
    6117.4
    6993.0
    7007.5
    7188.4
    7591.1
    7953.9
    8128.2
    9140.5
    9221.2
   10065.5
   10104.0
   10712.2
   11066.9
   11197.6
   11673.9
   11982.9
   12305.9
   12364.5
   12410.1
   12447.1
   12657.2
   12839.2
   12964.1
   13027.3
   13271.1
   13789.8
   14211.6
   14288.5
   14827.9
   14829.9
   14910.0
   15063.0
   15108.3
   15125.1
   15443.7
   15526.6
   15715.7
   15754.0
   15782.0
   15863.1
   16036.8
   16121.1
   16188.8
   16457.8
   16534.5
   16569.8
   16745.0
   16764.9
   17360.7
   17425.9
   18174.3
   18234.6
   18431.4
   18772.0
   18819.2
   18872.0
   18954.6
   19241.9
   19262.2
   19264.5
   20117.3
   20587.6
   20590.3
   21355.9
   21444.2
   21599.9
   21922.5
   21971.4
   22036.2
   22448.4
   22650.6
