     764.1
    1077.0
    1194.1
    1609.3
    1749.9
    1975.6
    2290.4
    2436.4
    2581.6
    2596.8
    2754.6
    2790.5
    2795.0
    2900.4
    3129.3
    3361.8
    3409.1
    3468.4
    3660.1
    3715.7
    3771.1
    3831.7
    3894.4
    4015.9
    4229.7
    4330.8
    4855.4
    4866.5
    5554.1
    5568.0
    5583.2
    6264.1
    6316.6
    6565.2
    7058.9
    7453.1
    7501.0
    7619.6
    7913.9
    8139.8
    8256.5
    8558.8
    8862.5
    8951.2
    8956.6
    9069.0
    9077.6
    9246.1
    9274.5
    9311.4
    9314.4
    9326.2
    9350.4
    9410.9
    9561.2
    9587.3
    9598.6
    9847.3
   10115.8
   10250.1
   10369.0
   10689.9
   10749.3
   10775.1
   10854.0
   10931.1
   11242.7
   11522.6
   11647.9
   12536.4
   12639.5
   12735.5
   13007.1
   13174.9
   13630.8
   13661.0
   13834.7
   14050.4
   14184.6
   14280.4
   14509.2
   14660.9
   15229.1
   15302.8
   15349.2
   15778.3
   15873.5
   17220.0
   17241.3
   17509.1
   17687.7
   17936.3
   18274.9
   18289.9
   18309.2
   18339.2
   18828.1
   18845.2
   19081.6
   19234.1
   19247.8
   19609.0
   19699.7
   19714.8
   20068.6
   20386.5
   20495.6
   20644.7
   20871.1
   21127.1
   21298.8
   21356.0
   21365.7
   21584.6
   22264.3
   22344.0
   22398.1
   22599.9
   22638.5
   22687.4
