      94.3
     114.9
     170.8
     531.7
     792.1
     848.4
    1030.2
    1333.9
    1403.7
    1481.7
    1527.0
    1724.6
    1888.7
    2506.0
    2895.9
    3231.8
    3749.5
    3908.8
    4093.0
    4121.1
    4385.7
    4690.1
    5060.7
    5122.4
    5135.0
    5135.2
    5278.7
    5310.7
    5433.2
    5739.0
    5842.4
    6011.7
    6073.6
    6573.5
    6634.8
    6642.0
    6665.5
    6757.2
    6908.1
    7278.1
    7364.5
    7372.8
    7675.8
    7795.3
    7832.8
    8008.3
    8062.5
    8320.0
    8640.7
    8749.5
    9124.3
    9435.2
    9656.6
    9951.1
   10009.3
   10142.4
   10291.9
   10694.6
   10703.7
   10730.5
   11135.4
   11604.9
   11658.0
   11952.4
   12362.6
   12476.2
   12603.4
   12885.8
   13055.5
   13130.4
   13148.0
   13172.2
   13829.5
   14262.3
   15138.2
   15231.7
   15312.6
   15603.0
   15938.2
   15953.2
   15998.5
   16441.9
   16710.4
   16731.6
   16937.2
   17567.9
   17599.2
   17639.6
   17794.5
   17820.7
   17923.8
   18058.9
   18192.0
   18279.9
   18532.5
   18569.2
   18654.1
   18745.7
   19052.4
   19150.6
   19192.9
   19209.3
   19618.5
   19778.0
   19796.8
   19797.6
   19814.8
   19914.6
   19972.3
   20161.8
   20242.4
   20365.1
   20470.1
   21001.7
   21773.9
   21802.2
   21945.3
   21998.3
   22130.2
   22381.4
   22560.6
   22831.8
