     264.0
     286.6
     576.3
     583.2
     693.0
     920.7
    1034.6
    1203.7
    1337.8
    1458.5
    1578.5
    1589.6
    1948.0
    1978.9
    1993.9
    2259.0
    2371.4
    2593.6
    3256.8
    3282.8
    3402.6
    3924.5
    3965.6
    3967.7
    4019.2
    4125.1
    4431.7
    4489.6
    4630.7
    4682.5
    4957.9
    4977.4
    5389.5
    5414.5
    5438.1
    5550.8
    5936.4
    6073.2
    6092.5
    6162.7
    6344.3
    6420.2
    6430.8
    6468.6
    6579.1
    6605.7
    6792.8
    6809.2
    7004.1
    7623.1
    7827.8
    7859.5
    8127.1
    8204.0
    8205.8
    8397.9
    8565.8
    8771.4
    9072.7
    9436.4
    9543.7
    9693.0
    9861.1
    9987.4
   10139.5
   10605.6
   10749.5
   10972.5
   11103.8
   11177.1
   11233.9
   11730.9
   11923.0
   11989.2
   12035.6
   12453.5
   12890.8
   13529.9
   13800.5
   14102.8
   14312.9
   14479.6
   14714.3
   14830.6
   14867.3
   15504.3
   15559.1
   15571.9
   15701.4
   16900.8
   17484.3
   17650.2
   17668.4
   17832.9
   18024.1
   18091.3
   18407.2
   18576.8
   18628.3
   18706.2
   19433.0
   19539.9
   20270.7
   20293.6
   21137.1
   21919.9
