      89.9
    1271.0
    1402.2
    1951.2
    1965.3
    2024.1
    2099.4
    2106.7
    2729.4
    3029.3
    3381.2
    3684.2
    3692.8
    3755.9
    3964.5
    4119.8
    4223.7
    4305.7
    4397.4
    4775.5
    5064.0
    5405.2
    5418.6
    6302.3
    6448.7
    6583.4
    6727.9
    8174.5
    8268.1
    8269.8
    8344.5
    8395.3
    8458.1
    8491.6
    8531.3
    8956.7
    9107.0
    9238.4
    9289.8
   10520.2
   10561.1
   10637.0
   10679.9
   10752.4
   10884.2
   11030.4
   11059.5
   11123.9
   11303.3
   11358.5
   11645.7
   11685.2
   11843.6
   11930.2
   12277.0
   12303.8
   12424.8
   12468.5
   12772.1
   13535.2
   14085.0
   14553.3
   14638.9
   14738.6
   14793.5
   15140.6
   15159.2
   15161.9
   15179.1
   15712.6
   16080.9
   16228.0
   16258.1
   16446.3
   16565.8
   16911.6
   16949.3
   17092.2
   17385.6
   17518.2
   17622.2
   18080.4
   18227.9
   18368.1
   18410.2
   18645.0
   19100.3
   19574.1
   19602.8
   20102.4
   20178.2
   20372.2
   20432.9
   20641.3
   20662.0
   20759.4
   20810.7
   20974.5
   21101.5
   21230.6
   21313.3
   21347.3
   21539.3
   21556.1
   21669.6
   21773.3
   22785.4
