     319.7
     333.9
     508.2
     712.4
     773.4
    1179.4
    1470.1
    2137.0
    2216.6
    2321.7
    2353.3
    2434.2
    2578.3
    2782.5
    2942.8
    2985.5
    3250.3
    3826.2
    3936.8
    4232.3
    4320.7
    4324.2
    4427.5
    4462.9
    5225.6
    5310.2
    6105.0
    6183.5
    6208.8
    6221.0
    6299.5
    6501.8
    6559.9
    6748.3
    7154.0
    7288.7
    7334.4
    7345.8
    7665.2
    7783.5
    7893.3
    8048.9
    8367.2
    8693.3
    8841.0
    9005.2
    9199.9
   10538.2
   10652.1
   10880.0
   11047.8
   11107.2
   11288.8
   11329.4
   11362.4
   11484.9
   11745.6
   11991.9
   12085.3
   12312.2
   12315.8
   12322.2
   12648.2
   12654.8
   13273.0
   13332.0
   13516.1
   13538.7
   13583.5
   13754.2
   14232.6
   14236.8
   14469.8
   14684.7
   14867.3
   14995.5
   15124.9
   15176.2
   15217.2
   15575.7
   15709.3
   16011.9
   16096.6
   16367.8
   16429.3
   16718.1
   16865.3
   16907.1
   18007.7
   18286.2
   18302.4
   18395.2
   18613.8
   19212.2
   19227.9
   19569.0
   20308.9
   20547.7
   20566.1
   20767.6
   21052.7
   21257.0
   21284.4
   21385.3
   21575.7
   21870.9
   22048.2
   22088.3
   22168.6
   22550.6
   22700.6
   22937.3
