      94.3
     381.7
     395.6
     639.0
     712.6
     794.2
     853.1
     967.8
    1170.0
    1544.3
    1827.5
    1847.8
    1994.6
    2158.5
    2512.7
    2862.6
    3450.1
    3711.0
    3907.6
    4186.6
    4549.2
    4820.6
    4832.8
    5050.7
    5300.1
    5589.8
    5672.3
    5696.9
    5720.8
    5907.4
    5972.8
    6051.8
    6311.9
    7595.0
    7712.6
    7893.2
    7940.3
    7962.7
    8037.2
    8341.9
    8505.8
    8543.3
    8549.5
    8549.9
    8622.3
    8910.9
    9027.8
    9131.6
    9320.8
    9422.4
    9640.7
    9741.7
    9928.3
    9931.4
   10074.4
   10168.7
   10505.4
   10593.6
   10786.4
   10964.8
   10996.0
   11028.0
   11101.9
   11439.9
   11687.2
   11843.3
   11925.9
   12062.0
   12067.5
   12380.0
   12673.9
   13134.9
   13248.6
   13374.5
   13464.1
   13614.1
   13648.2
   14252.8
   14334.3
   14412.9
   14594.4
   14642.1
   14645.6
   15012.2
   15122.8
   15152.7
   15499.3
   15855.6
   16032.5
   16041.0
   16236.6
   16278.5
   16549.1
   16586.6
   16792.8
   17076.8
   17147.8
   17167.4
   17335.9
   17456.9
   17666.5
   17874.8
   18057.6
   18197.9
   18245.9
   18300.7
   18351.2
   18468.5
   18591.2
   18742.8
   18829.7
   18865.5
   18949.3
   19093.9
   19186.5
   19287.4
   19288.8
   19528.5
   19620.6
   20000.8
   20603.2
   20798.8
   20806.0
   20910.7
   21183.6
   21253.5
   21316.0
   21640.7
   21735.3
   21895.3
   21970.5
   22137.6
   22850.9
   22903.6
