     127.6
     302.4
     309.4
     336.6
     593.8
     953.1
    1010.6
    1184.5
    1351.2
    1465.3
    1552.5
    1801.4
    1966.6
    2007.5
    2068.9
    2310.5
    2345.3
    2653.6
    2844.8
    2850.5
    2917.3
    3404.7
    3470.5
    3526.8
    3547.4
    3560.8
    3637.1
    3641.7
    3764.1
    4321.0
    4798.2
    4865.7
    4918.0
    4990.6
    5175.5
    5377.2
    5446.4
    5683.1
    5695.2
    5900.3
    5949.0
    6080.5
    6229.5
    6332.5
    6436.7
    6522.6
    6699.0
    6869.4
    7802.0
    8495.3
    8532.8
    8935.8
    9351.5
    9485.2
    9543.3
    9659.4
    9701.0
   10174.3
   10188.8
   10213.8
   10410.6
   10419.6
   11416.9
   11461.0
   11596.6
   12116.4
   12276.0
   12319.0
   13353.6
   13515.0
   13715.1
   13821.5
   13826.8
   13905.7
   13911.7
   13989.3
   14151.7
   14203.8
   14582.5
   14599.4
   14986.8
   15325.9
   15408.0
   15562.5
   15631.6
   17638.1
   17760.0
   17815.2
   17995.3
   18336.2
   18720.7
   19069.2
   19344.0
   19515.2
   19556.2
   19826.0
   19911.3
   19979.0
   20301.9
   20444.1
   20459.3
   20717.9
   20917.2
   20928.7
   20944.2
   21016.2
   21121.8
   21340.4
   21846.9
   21879.8
   22050.7
   22175.4
   22198.1
   22390.1
   22565.7
   22738.1
   22838.1
   22996.1
