      50.5
     897.2
    1131.1
    1157.4
    1345.0
    1443.4
    1468.5
    1524.6
    1727.1
    1802.8
    1892.9
    1952.7
    2064.4
    2277.5
    2647.8
    2752.3
    3060.9
    3195.3
    3386.7
    3407.4
    3521.0
    3589.3
    3744.8
    3821.0
    3860.1
    4152.1
    4417.3
    4504.3
    4677.6
    4726.0
    4841.9
    5005.8
    5327.8
    5375.7
    5729.5
    6189.1
    6436.6
    6720.4
    6736.9
    6865.5
    7122.8
    7738.9
    7763.0
    7966.5
    8081.6
    8160.5
    8234.9
    8308.2
    8549.7
    8569.3
    8593.6
    9270.1
    9328.4
    9689.0
    9710.6
   10355.2
   10774.8
   10849.1
   10859.5
   10903.3
   11039.6
   11417.9
   11459.9
   11523.6
   11729.5
   11966.1
   12078.0
   12250.6
   12493.8
   12586.5
   12785.7
   13077.2
   13108.1
   13204.3
   13512.7
   13574.4
   13857.0
   13947.3
   14117.2
   14156.3
   14419.8
   15103.6
   15193.9
   15218.1
   15675.9
   15876.8
   16525.3
   16690.2
   17096.4
   17444.0
   17561.7
   17579.2
   17682.5
   17834.4
   17853.7
   17950.9
   18142.3
   18290.6
   18521.5
   18973.2
   19134.7
   19235.8
   19367.5
   19403.7
   19893.9
   20316.8
   20534.3
   20590.4
   20873.9
   20904.0
   21007.7
   21155.1
   21473.8
   21902.3
   21991.8
   22079.5
   22145.8
   22164.6
   22360.5
   22483.0
   22567.2
   22747.0
   22791.6
