      44.7
     153.6
     303.2
     584.1
     825.0
    1094.8
    1310.8
    1559.2
    1856.9
    1873.8
    1919.2
    2019.6
    2226.2
    2634.1
    2700.3
    2747.5
    2821.8
    2875.3
    2998.9
    3023.2
    3042.3
    3078.5
    3690.4
    4390.2
    4417.9
    4443.1
    4497.5
    4561.5
    4634.1
    4795.4
    4952.9
    5286.8
    5772.0
    5809.1
    5882.9
    6010.6
    6545.3
    6777.1
    6894.4
    7223.2
    7244.9
    7251.7
    7326.2
    7495.4
    7555.0
    7642.3
    7652.2
    7719.0
    7759.3
    7789.3
    8517.4
    8787.1
    8853.0
    8923.4
    9017.0
    9171.6
    9361.7
    9499.0
    9520.3
   10152.3
   10161.4
   10264.5
   10493.7
   10618.5
   10646.3
   11082.6
   11446.9
   11485.0
   11497.0
   11995.7
   12360.6
   12361.7
   12476.7
   12492.1
   12538.2
   12715.1
   12813.4
   13383.7
   13489.9
   14028.0
   14722.8
   14758.3
   14896.7
   15294.5
   15305.9
   15491.1
   15612.9
   15707.6
   15790.2
   15815.8
   15895.1
   16157.4
   16249.6
   17429.5
   17830.0
   18180.3
   18269.1
   18362.2
   18614.1
   18691.2
   19009.8
   19040.9
   19334.2
   19462.9
   19603.3
   20059.3
   20253.2
   20579.1
   20582.9
   20868.0
   21340.4
   21483.5
   22247.7
   22285.3
   22342.1
   22420.1
   22494.6
   22681.7
   22963.8
