      42.8
     229.0
     242.7
     302.2
     388.3
     490.2
     703.3
     913.2
    1024.7
    1079.0
    1112.7
    1298.6
    1371.7
    1767.8
    2193.8
    2359.9
    2738.3
    2760.4
    3096.0
    3725.0
    3825.4
    4373.2
    4385.6
    4718.3
    4862.6
    4922.3
    4953.2
    5143.7
    5173.2
    5229.0
    5494.0
    5509.3
    5667.6
    5738.1
    5810.7
    6415.7
    6713.9
    7314.9
    7331.0
    7539.1
    7579.9
    7621.0
    7622.6
    7630.4
    7742.5
    7943.1
    7945.6
    8027.2
    8106.8
    8173.4
    8399.8
    8555.3
    8589.3
    8693.0
    8907.3
    8910.2
    9150.6
    9560.4
    9861.5
   10031.9
   10136.7
   10282.7
   10369.9
   10425.4
   10694.8
   10968.4
   11007.9
   11343.9
   11344.3
   11593.8
   11769.6
   11852.6
   12000.2
   12174.8
   12350.1
   13246.3
   13710.4
   13723.2
   13993.5
   14006.4
   14014.4
   14120.2
   14387.3
   14492.4
   14555.0
   14587.6
   14677.9
   14678.3
   14990.3
   15032.2
   15089.0
   15324.3
   15525.2
   15526.0
   15711.7
   15823.3
   15844.1
   16011.6
   16073.0
   16424.3
   16686.5
   16833.0
   17060.6
   17086.8
   17227.2
   17655.1
   17887.1
   17890.0
   18180.2
   18222.1
   18273.1
   18344.5
   18639.0
   18679.7
   18763.8
   18804.5
   18855.0
   19004.8
   19104.5
   19546.9
   19600.8
   20064.0
   20149.0
   20341.0
   20549.0
   20758.9
   21056.3
   21090.7
   21312.1
   21384.3
   21404.8
   21417.3
   21436.2
   21538.3
   21645.8
   21715.4
   21736.6
   21850.1
   21880.0
   21884.6
   22072.2
   22158.4
   22158.7
   22235.7
   22728.7
   22809.6
