      15.4
     440.6
     580.9
     599.6
     627.9
     656.7
     657.6
     877.7
    1256.4
    1334.3
    1485.2
    1712.8
    2029.6
    2164.6
    2225.5
    2337.2
    2479.0
    2530.7
    2621.9
    2739.2
    2806.0
    3029.5
    3069.6
    3502.8
    3569.6
    3814.8
    3864.8
    3922.7
    3931.1
    4131.2
    4220.7
    4303.0
    4474.8
    4517.1
    4584.0
    4817.4
    5158.4
    5200.9
    5285.9
    5312.8
    5425.4
    5589.7
    6265.4
    6352.0
    6932.6
    7049.2
    7200.0
    7314.0
    7590.2
    7812.8
    8031.1
    8116.1
    8258.6
    8271.6
    8323.4
    8547.4
    8563.0
    8790.4
    8797.7
    9032.3
    9257.1
    9709.5
   10048.4
   10153.7
   10307.9
   10802.0
   10919.2
   11208.8
   11241.5
   11406.5
   11861.8
   11884.5
   11911.8
   12086.8
   12117.3
   12128.3
   12224.9
   12375.5
   12667.7
   12803.8
   13138.5
   13197.2
   13243.1
   13387.4
   13523.1
   13654.1
   13676.8
   13744.7
   13921.3
   14073.9
   14181.5
   14408.8
   14689.6
   15195.6
   15626.4
   15631.6
   15654.0
   15703.7
   15762.1
   16117.6
   16230.8
   16304.7
   16410.5
   16517.1
   16707.5
   16927.5
   16931.1
   16997.6
   17123.2
   17666.0
   17720.2
   17728.3
   17773.3
   17917.1
   18050.4
   18339.3
   19189.8
   19225.0
   19392.0
   19595.9
   19802.4
   20188.5
   20200.0
   20477.0
   20890.7
   21052.5
   21065.2
   21512.1
   22035.3
   22083.0
   22179.5
   22346.3
   22622.3
