     393.0
     413.8
     575.1
     593.9
     606.0
     636.0
     676.7
     953.0
    1102.1
    1278.8
    1319.7
    1512.5
    1808.2
    1933.9
    2269.9
    2641.5
    2923.9
    3633.2
    4243.0
    5039.2
    5111.0
    5186.8
    5337.2
    5448.4
    5715.2
    6477.7
    6602.8
    6869.1
    6928.7
    7021.1
    7304.1
    7975.8
    8132.5
    8326.7
    8434.6
    8518.1
    8588.4
    8858.4
    9181.3
    9529.3
    9586.9
    9767.5
    9975.1
   10138.3
   10307.0
   10329.5
   10379.3
   10382.7
   10634.2
   10688.8
   10701.7
   11115.9
   11471.4
   11641.9
   11655.6
   11731.1
   12005.9
   12126.2
   12210.9
   12383.0
   12435.0
   12603.1
   12639.9
   12809.1
   13027.8
   13030.1
   13858.8
   13930.7
   14279.0
   14596.8
   14698.3
   14701.8
   15239.6
   15422.4
   15993.5
   16409.0
   16529.7
   16948.1
   17055.4
   17168.7
   17287.4
   17446.7
   17830.8
   18500.0
   18719.5
   18789.2
   18975.7
   19432.5
   19695.1
   19754.3
   19831.5
   20877.6
   21110.1
   21456.5
   21595.8
   21743.0
   21866.0
   22063.1
   22241.8
   22348.3
   22522.7
   22807.3
   22981.1
