     105.0
     349.1
     511.4
     563.9
     689.3
     709.3
     727.1
     811.6
    1172.2
    1552.6
    1573.5
    1639.2
    1641.6
    1984.9
    2051.6
    2354.4
    2366.0
    2460.7
    2872.9
    3069.2
    3241.6
    3291.7
    3636.9
    3676.2
    3685.6
    3936.7
    4742.9
    5060.5
    5064.5
    5417.4
    5618.4
    5687.3
    5689.9
    6411.7
    6475.9
    6640.4
    6773.1
    6932.9
    6988.9
    7053.3
    7208.7
    7328.1
    7422.7
    7616.7
    7756.8
    7807.2
    7923.2
    8097.9
    8126.5
    8433.4
    8793.2
    8968.5
    9066.1
    9660.7
   10170.4
   10579.4
   10790.4
   11016.2
   11250.4
   11645.1
   11944.6
   11956.8
   12256.1
   12324.8
   12466.5
   12538.1
   12897.4
   12906.8
   12946.2
   12978.5
   13223.6
   13463.6
   13613.7
   13727.5
   13953.0
   14125.7
   14555.3
   14854.0
   14951.7
   15545.3
   15594.7
   15644.5
   15697.3
   15821.1
   16097.3
   16181.5
   16467.3
   17084.9
   17129.4
   17247.9
   17591.8
   17794.8
   18240.7
   18560.6
   18639.4
   18800.6
   18835.1
   18875.7
   19009.1
   19315.3
   19388.2
   19406.4
   19429.0
   19561.7
   19797.6
   19824.5
   19846.5
   20072.8
   20183.1
   20382.9
   20615.2
   20688.8
   20741.0
   20816.6
   21615.0
   21676.8
   21921.7
   22067.8
   22173.7
   22208.8
   22363.9
   22576.2
   22635.8
