     521.3
     560.4
     570.5
     735.4
    1272.4
    1291.2
    1319.2
    1355.3
    1466.1
    1523.5
    1832.8
    1838.8
    2009.4
    2086.3
    2204.9
    2378.0
    2718.4
    3027.4
    3143.5
    3354.0
    3494.0
    3603.8
    3686.7
    3796.6
    4041.3
    4065.7
    4310.6
    4438.3
    4860.0
    5063.5
    5096.1
    5146.6
    6167.1
    6250.5
    6375.2
    6687.4
    6928.6
    7356.4
    7417.8
    7523.6
    7913.6
    8744.0
    9140.9
    9439.4
    9660.8
    9909.2
   10258.1
   10409.0
   10950.2
   11305.0
   11312.6
   11455.5
   11560.2
   11673.4
   11763.7
   11889.0
   12280.6
   12477.6
   12995.7
   13074.2
   13237.8
   13326.7
   13436.7
   13507.3
   13764.3
   14175.4
   14326.9
   14437.0
   14819.6
   15103.1
   15841.4
   15986.6
   16038.6
   16371.8
   16893.7
   17201.6
   17446.3
   17556.4
   18153.1
   18188.2
   18658.2
   18763.4
   18838.5
   19114.5
   19232.7
   19297.3
   19687.6
   19925.8
   19943.6
   20294.0
   20478.7
   20524.6
   20584.7
   20587.7
   20591.8
   20652.6
   21003.7
   21071.6
   21176.0
   21466.1
   21510.7
   21521.7
   21811.5
   21859.0
   22010.2
   22286.7
   22318.3
   22352.4
   22559.9
   22595.7
   22795.8
   22918.4
   22984.3
