     441.8
     863.2
     950.6
    1060.7
    1258.5
    1412.4
    1501.6
    1781.8
    2043.4
    2072.0
    2082.4
    2432.5
    2893.4
    2907.2
    3035.2
    3245.4
    3251.9
    3418.5
    3512.7
    3710.0
    3848.3
    3985.2
    4174.7
    4301.5
    4506.9
    4523.0
    4805.2
    4980.6
    5072.6
    6008.6
    6194.5
    6441.6
    6664.2
    6675.3
    6714.9
    6830.8
    6945.8
    7091.2
    7584.3
    7944.6
    8058.6
    8395.2
    9368.3
    9444.2
    9472.6
    9531.8
    9686.4
    9779.6
    9814.2
   10108.2
   10330.0
   11066.6
   11291.1
   11359.0
   11397.8
   11452.2
   11454.2
   11553.2
   11562.5
   11563.3
   11662.5
   12188.9
   12570.2
   12633.0
   12737.5
   12766.4
   12851.2
   13187.1
   13311.2
   13487.4
   13627.6
   14060.0
   14194.3
   14444.4
   14576.4
   14587.8
   14603.4
   14779.7
   14988.6
   15854.5
   15968.8
   16261.6
   16306.1
   16352.3
   16354.6
   16378.5
   16612.3
   16694.8
   17514.6
   17972.5
   18510.3
   18547.7
   19404.4
   19836.3
   19840.4
   19974.3
   20073.4
   20156.2
   20311.3
   20998.7
   21052.9
   21199.9
   21272.3
   21662.6
   21795.4
   21805.1
   21876.3
   21941.3
   22043.1
   22190.5
   22237.5
   22296.3
   22429.1
   22678.6
   22749.7
   22801.2
   22877.0
