     534.0
     727.9
     793.2
     996.4
    1144.5
    1378.3
    1486.5
    1608.2
    1749.0
    1846.4
    1967.8
    2227.7
    2239.4
    2419.2
    2809.2
    2822.8
    2962.6
    3165.7
    3348.1
    3448.3
    3655.0
    3702.9
    3715.0
    3849.4
    4030.2
    4123.3
    4217.9
    4245.4
    4249.5
    4322.3
    4841.8
    5199.1
    5399.4
    5427.8
    5748.5
    6007.7
    6018.4
    6065.9
    6229.4
    7013.6
    7154.8
    7552.5
    7869.4
    8106.9
    8221.8
    8382.8
    8407.3
    8780.4
    9257.5
    9300.0
    9622.4
    9641.9
   10121.4
   10489.8
   10943.3
   10988.8
   11028.4
   11417.7
   11637.4
   11790.2
   11912.9
   12015.6
   12074.9
   12302.6
   12794.7
   12843.6
   13691.5
   13730.5
   13891.3
   14563.8
   15140.9
   15431.3
   15627.5
   15857.6
   16168.8
   17071.5
   18033.0
   18209.7
   18486.2
   18493.3
   18774.0
   18825.8
   19981.9
   20061.5
   20355.6
   20375.6
   21058.2
   21148.9
   21182.3
   21253.2
   21755.4
   22179.6
   22252.4
   22300.6
   22664.4
   22701.0
