     643.0
    1258.3
    1661.9
    1709.3
    1822.0
    2138.7
    2226.1
    2250.1
    2413.8
    2726.5
    2759.0
    2767.8
    2774.9
    2798.3
    3473.8
    3808.1
    3983.8
    4130.2
    4322.9
    4336.6
    4479.7
    4657.3
    5186.4
    5672.2
    5966.9
    6081.8
    6450.6
    6454.9
    6516.4
    6528.9
    6647.7
    6769.4
    7058.1
    7476.5
    7484.7
    7501.9
    7889.1
    8027.6
    8425.4
    8575.8
    8610.5
    8690.4
    8844.6
    9618.3
    9801.9
   10104.5
   10167.0
   10614.2
   10667.6
   10759.3
   10824.3
   11090.3
   11140.0
   11163.0
   11389.8
   11430.8
   11669.9
   11708.7
   11862.8
   12325.7
   12357.9
   12455.9
   12465.9
   12819.1
   12884.9
   13157.8
   13655.9
   13967.0
   14202.5
   14321.5
   14373.2
   14409.7
   14643.3
   14892.9
   14917.6
   15080.5
   15591.4
   16118.7
   17302.3
   17508.1
   17893.9
   17942.5
   18303.1
   18370.7
   19120.3
   19223.2
   19761.9
   19938.3
   19962.7
   20068.4
   20085.4
   20359.9
   20644.1
   21083.3
   21288.7
   21473.4
   21518.6
   21552.6
   21902.4
   21909.0
   21956.4
   22071.6
   22204.5
   22462.9
   22577.2
   22616.5
