     208.2
     528.7
     667.9
     912.4
    1165.6
    1233.7
    1308.0
    1590.7
    1827.5
    2134.3
    2576.8
    2668.8
    2994.7
    3171.6
    3208.9
    3741.1
    3793.5
    3890.7
    3974.4
    3977.6
    4037.8
    4099.6
    4276.2
    4656.5
    4889.8
    5011.4
    5230.8
    5250.1
    5324.6
    5345.5
    5422.7
    5545.2
    6198.9
    6323.9
    6490.7
    6576.4
    6675.5
    6867.0
    7103.6
    7221.2
    7491.8
    8023.7
    8130.4
    8271.3
    8290.3
    8956.9
    9328.3
    9370.0
    9693.0
   10006.5
   10402.1
   10876.4
   10895.1
   11041.5
   11379.1
   11386.8
   11477.8
   11703.0
   11704.4
   12067.3
   12273.8
   12379.7
   12591.2
   12782.6
   12874.5
   12934.1
   13138.0
   13255.4
   13345.8
   13590.1
   14031.3
   14084.2
   14103.4
   14110.2
   14263.6
   14315.5
   14475.5
   14526.6
   14849.3
   15126.3
   15202.8
   15208.7
   15328.2
   15495.6
   15796.7
   16632.3
   17022.6
   17032.2
   17196.4
   17436.2
   17544.4
   17546.0
   18160.2
   18231.3
   18371.5
   18566.7
   18654.5
   18764.3
   18779.4
   19108.1
   19355.0
   19412.0
   19607.2
   19763.8
   19845.4
   19923.6
   20623.0
   20683.5
   20994.0
   21051.4
   21202.1
   21249.9
   21490.4
   21554.2
   21582.9
   21672.4
   21732.4
   21887.2
   22170.1
   22240.4
   22577.3
   22732.7
   22880.7
   22887.6
