     141.2
     161.8
     286.6
     301.7
     581.0
     637.0
     684.6
     830.2
     928.0
     985.3
    1064.6
    1122.5
    1187.2
    1192.4
    1328.6
    1542.4
    2194.5
    2228.7
    2627.0
    3050.9
    3173.2
    3268.7
    3388.9
    3516.1
    4163.1
    4169.6
    4397.7
    4598.5
    4598.9
    4685.5
    5012.6
    5184.1
    5360.3
    5473.6
    5934.1
    6062.6
    6357.3
    6412.7
    6495.8
    7348.0
    7417.7
    7419.7
    7597.4
    7717.9
    7915.8
    8288.9
    8351.2
    8417.0
    8728.3
    8890.8
    8898.4
    9154.9
    9537.1
    9715.0
    9728.8
    9957.6
   10296.2
   10573.0
   11386.2
   11603.5
   12002.0
   12089.1
   12500.5
   12624.0
   12822.1
   13027.9
   13072.0
   13086.9
   13407.4
   13682.6
   13855.8
   14103.6
   14272.3
   14308.1
   14406.5
   14541.5
   15321.8
   15488.1
   15580.7
   15624.1
   15677.8
   16000.7
   16090.2
   16194.5
   16272.3
   16417.8
   16618.0
   16756.4
   16788.3
   17024.8
   17458.3
   17604.9
   17653.0
   17997.4
   18116.7
   18301.8
   18457.0
   18584.1
   18659.4
   18739.2
   18880.7
   18951.4
   18991.5
   19088.9
   19126.4
   19131.9
   20116.2
   20348.1
   20690.1
   21060.3
   21099.7
   21192.6
   21246.2
   21427.7
   21569.5
   21789.4
   22238.9
   22500.4
   22569.3
   22712.9
   22830.1
