      59.7
     371.4
     991.0
    1333.6
    1356.6
    1477.3
    1486.2
    1584.7
    1681.3
    1795.2
    1845.8
    1933.2
    2010.5
    2228.5
    2462.0
    2927.6
    3080.1
    3105.1
    3408.6
    3564.4
    3809.6
    3873.7
    4060.0
    4134.4
    4333.4
    4605.1
    4818.9
    4996.3
    5022.5
    5034.0
    5153.9
    6118.9
    6128.0
    6499.0
    6983.1
    7128.2
    7147.1
    7549.7
    7826.9
    7900.0
    8462.3
    8508.2
    8601.2
    8679.8
    8822.0
    8999.0
    9227.0
    9337.8
    9479.1
    9512.5
    9583.5
    9600.8
    9624.5
    9975.0
   10106.6
   10313.3
   10317.8
   10464.8
   10560.5
   10599.2
   10920.3
   10989.2
   11002.2
   11066.3
   11539.0
   11639.7
   12498.5
   12579.5
   12778.4
   13124.4
   13516.9
   13937.0
   13975.7
   14135.8
   14307.8
   15380.0
   15395.7
   15800.0
   16063.5
   16071.1
   16206.0
   16480.5
   16601.9
   17122.1
   17194.4
   17388.2
   17617.5
   17672.3
   17690.8
   17924.5
   18506.8
   18866.1
   19125.5
   19698.9
   19840.8
   20194.6
   20445.4
   21076.1
   21689.6
   22188.6
   22193.6
   22308.2
   22343.5
   22920.9
