     364.6
     429.3
     488.2
     672.5
     862.0
     870.5
    1092.7
    1339.4
    1411.7
    1532.8
    1552.4
    1682.9
    2021.7
    2061.0
    2078.4
    2171.9
    2232.7
    2566.7
    2787.7
    3284.2
    3453.9
    3790.6
    3896.2
    3967.5
    4130.5
    4300.8
    4409.9
    4658.7
    4669.1
    4791.2
    5166.6
    5477.6
    5484.6
    5500.2
    5988.4
    6519.5
    6616.8
    6908.0
    7074.9
    7081.8
    7541.1
    8056.0
    8111.9
    8420.7
    9436.5
    9753.3
    9754.7
    9896.7
    9912.3
   10051.7
   10103.5
   10665.5
   10686.5
   10797.4
   10852.5
   10870.1
   11097.0
   11097.9
   11613.6
   11667.6
   11670.6
   11717.6
   12611.9
   12644.9
   12865.6
   12890.3
   12944.0
   12965.3
   13029.4
   13149.1
   13260.4
   13325.0
   13451.6
   13552.6
   13683.7
   14158.7
   14563.8
   14769.9
   14834.0
   15145.7
   16237.2
   16262.7
   16280.1
   16542.5
   16889.7
   17254.7
   17336.6
   17490.6
   17708.4
   17834.1
   17911.2
   17940.4
   18414.3
   19305.0
   19959.4
   20200.6
   20857.9
   20875.8
   21131.3
   21318.6
   22244.6
   22256.3
   22444.7
   22658.7
   22715.1
   22716.0
   22941.7
