     297.8
     737.4
    1044.1
    1130.4
    1135.0
    1423.7
    1461.8
    1957.0
    2271.3
    2284.3
    2428.9
    2465.5
    2650.7
    2673.0
    2758.0
    3227.6
    3265.9
    3306.5
    3395.9
    3688.5
    3734.2
    3810.3
    4003.8
    4013.3
    4119.9
    4269.6
    4347.0
    4623.1
    4855.5
    4926.1
    5590.7
    5776.9
    5921.6
    5950.2
    6034.0
    6235.3
    6237.3
    6409.7
    6870.7
    7287.7
    7548.7
    7717.8
    7734.3
    8155.8
    8182.4
    8230.0
    8329.2
    8427.3
    8603.0
    8699.6
    8818.1
    8997.1
    9351.0
   10031.8
   10064.8
   10272.3
   10494.4
   10692.9
   10798.7
   11595.6
   11784.5
   11809.7
   12105.2
   12124.6
   12166.3
   12563.8
   12649.7
   13087.5
   13268.1
   13269.1
   13370.0
   13441.0
   13639.3
   13708.2
   13831.3
   14560.6
   14589.7
   15081.5
   15560.5
   15592.3
   15664.4
   16142.9
   16413.8
   16603.7
   16775.3
   16834.6
   17429.0
   17566.1
   17651.6
   17866.3
   18054.8
   18211.7
   18474.4
   18629.3
   18729.1
   18743.9
   18783.5
   18792.3
   18837.6
   19569.3
   19587.5
   19764.9
   20121.6
   20530.5
   20625.2
   20722.6
   21236.7
   21461.4
   21474.3
   21485.8
   21610.1
   22053.6
   22607.1
   22940.9
