     321.4
     415.2
     460.6
     571.2
    1044.2
    1276.8
    1495.2
    1788.6
    1795.1
    1829.6
    1861.3
    1946.7
    2185.2
    2189.4
    2375.3
    2516.3
    2544.2
    2765.8
    2845.5
    3003.0
    3209.4
    4278.9
    4331.2
    4516.0
    4578.2
    4630.3
    5091.0
    5668.6
    5738.4
    6062.8
    6139.9
    6318.4
    6518.6
    6835.3
    6875.8
    7520.9
    7772.9
    8122.4
    8126.3
    8218.4
    8239.0
    8875.8
    9065.8
    9290.7
    9570.5
    9593.6
    9631.8
    9973.2
   10152.8
   10294.9
   10401.2
   10743.0
   10750.7
   10814.6
   10869.9
   10978.7
   11221.4
   11370.4
   11487.8
   11539.1
   11579.0
   11742.2
   11809.4
   11823.8
   12153.3
   12579.4
   13271.4
   13307.2
   13643.7
   13711.3
   14085.9
   14378.5
   14400.5
   14556.8
   14661.3
   15037.1
   15858.1
   16059.3
   16157.9
   16158.0
   16329.4
   16581.5
   16645.1
   16830.1
   17189.8
   17340.6
   17414.2
   17696.6
   17707.3
   17892.8
   18163.7
   18419.1
   19213.3
   19299.6
   19453.0
   19464.3
   19516.8
   19571.2
   20154.9
   20252.7
   20372.9
   20587.8
   20824.4
   21006.0
   21315.2
   21855.5
   21937.1
   22181.5
   22328.9
