     207.3
     475.3
     923.9
     937.4
    1348.1
    1766.0
    2022.3
    2078.8
    2272.6
    2753.9
    2781.8
    2915.3
    3073.4
    3174.0
    3374.5
    3737.8
    3877.8
    3905.3
    4018.4
    4341.4
    4576.0
    4577.9
    4769.6
    4799.5
    4818.1
    4990.5
    5505.3
    6134.1
    6205.5
    6214.2
    6531.5
    6612.3
    6768.5
    6804.8
    6823.2
    6885.1
    6988.4
    7006.2
    7304.7
    7318.2
    7582.6
    7752.0
    7842.6
    8141.7
    8194.7
    8363.0
    8669.7
    8700.5
    9047.3
    9075.1
    9315.7
   10073.7
   10310.4
   10712.5
   10848.3
   10885.4
   11019.0
   11036.8
   11229.4
   11380.3
   11398.3
   11563.8
   11982.5
   12024.7
   12056.1
   12300.2
   12308.7
   12320.9
   12367.9
   12764.0
   12856.2
   13044.3
   13640.0
   14196.9
   14198.8
   14250.2
   14337.2
   14965.8
   15509.2
   15534.2
   15669.1
   15714.7
   16062.4
   16112.6
   16142.7
   16188.6
   16434.3
   16520.2
   16595.8
   16753.0
   17255.9
   17379.7
   17758.9
   17780.3
   17973.6
   18049.0
   18138.8
   18191.4
   18639.3
   18682.6
   18937.7
   19257.1
   19384.4
   19441.6
   19618.1
   19668.2
   20203.6
   20572.1
   20593.7
   20886.0
   20912.1
   21084.6
   21197.1
   21290.4
   21536.6
   21913.9
   22183.5
   22424.3
   22554.4
   22590.7
   22922.3
