     288.7
     739.2
     993.7
    1124.4
    1706.2
    1759.3
    1858.0
    1970.0
    2679.4
    2922.7
    3028.0
    3036.4
    3435.7
    3453.1
    3469.6
    3574.6
    3710.5
    4037.5
    4185.0
    4281.4
    4959.9
    5006.2
    5305.1
    5906.3
    6045.9
    6112.6
    6123.7
    6210.0
    6604.0
    6631.4
    6632.5
    6823.5
    6957.9
    7000.5
    7120.4
    7621.5
    7715.0
    7725.8
    7738.8
    7818.6
    7928.3
    8100.3
    8175.4
    8558.2
    8697.5
    8774.3
    8906.6
    9131.7
    9710.1
    9834.3
    9946.1
    9950.3
   10009.2
   10529.8
   10712.8
   10735.2
   10791.8
   10971.0
   11083.1
   11364.8
   11393.1
   11416.8
   12520.6
   12687.9
   12884.2
   12933.0
   13155.0
   13335.5
   13446.3
   13462.6
   13537.3
   13599.0
   13752.1
   13787.5
   13989.0
   14470.0
   14636.4
   14999.6
   15092.7
   15814.6
   15981.9
   16299.3
   16315.5
   16416.2
   16543.1
   17214.7
   17384.7
   17563.2
   17604.9
   17737.3
   17935.6
   18081.9
   18125.1
   18295.8
   18563.5
   18886.5
   18913.7
   19107.0
   19179.6
   19328.5
   19582.6
   19735.9
   19775.6
   19895.3
   20300.4
   20315.6
   20467.3
   20486.5
   20519.3
   20687.1
   20957.0
   21031.4
   21184.7
   21405.6
   21538.9
   21737.9
   22230.2
   22391.4
   22451.5
   22630.3
   22651.9
   22673.7
   22731.6
   22744.6
   22782.8
   22839.8
