     160.4
     368.5
     390.1
     476.4
    1226.7
    1392.3
    1587.6
    1785.0
    1815.6
    1942.1
    1952.1
    2340.5
    2361.3
    2919.5
    2945.8
    3064.0
    3170.1
    3227.8
    3435.0
    3530.3
    4060.8
    4416.7
    4560.4
    4924.0
    5280.3
    5374.2
    5393.5
    5656.8
    5958.7
    6143.6
    6307.5
    6843.7
    7020.1
    7233.6
    7256.7
    7443.0
    7521.7
    7873.3
    7881.4
    7898.3
    8037.9
    8041.3
    8114.7
    8155.7
    8231.7
    8858.6
    8918.4
    9041.5
    9357.0
    9357.4
   10684.9
   10707.3
   10937.7
   11388.8
   11573.4
   11749.1
   12018.2
   12032.9
   12075.0
   12167.0
   12555.3
   12671.0
   12804.7
   12992.4
   13064.8
   13562.0
   14321.6
   14786.4
   15100.8
   15104.6
   15686.8
   15869.0
   16126.4
   16408.8
   16728.7
   16737.9
   17032.4
   17054.8
   17113.9
   17312.6
   17441.1
   17453.7
   17554.1
   17841.9
   17865.6
   18181.4
   18996.8
   19247.1
   19315.5
   19364.1
   19391.9
   19547.5
   20019.3
   20055.0
   20181.6
   20195.8
   20218.0
   20527.0
   20611.3
   20641.3
   20736.2
   20979.8
   21259.1
   21314.3
   21640.7
   21760.3
   22153.9
   22857.8
   22916.0
