     354.5
     425.0
     544.0
    1060.9
    1571.0
    1770.9
    1972.1
    2243.3
    2986.6
    2996.1
    3251.9
    3263.2
    3447.6
    3484.4
    4294.4
    4412.4
    4771.3
    4821.8
    4938.3
    5011.9
    5076.7
    5136.0
    5178.9
    5446.9
    5469.9
    5505.9
    5628.2
    5677.2
    5751.6
    5958.5
    5968.5
    6228.8
    6243.8
    6332.5
    6428.6
    6434.4
    6771.3
    6961.0
    7384.7
    7396.9
    7715.8
    8332.0
    8552.5
    8568.6
    8661.9
    8814.4
    8816.3
    8951.8
    8994.1
    9186.9
    9476.9
    9917.2
   10223.4
   10337.2
   10613.1
   10627.7
   10723.7
   10747.3
   10779.9
   10791.8
   11006.9
   11087.9
   11104.7
   11204.2
   11253.3
   11351.1
   11443.8
   11461.1
   11495.9
   11735.3
   11818.9
   11896.1
   12510.5
   12550.1
   12661.4
   12742.6
   12745.2
   12788.6
   12830.9
   13045.7
   13227.4
   13406.1
   13607.4
   13630.8
   13920.8
   14199.8
   14462.7
   14718.5
   15173.0
   15196.7
   15365.1
   15566.1
   15589.0
   15653.3
   15663.9
   15723.3
   16237.6
   16249.5
   16293.8
   16423.2
   16440.2
   16550.2
   16674.0
   17119.3
   17175.1
   17530.2
   17616.2
   18239.9
   18391.7
   18551.9
   18753.5
   19077.3
   19259.0
   19619.3
   19741.8
   20168.1
   20318.4
   20470.2
   20516.6
   20638.4
   20716.6
   20998.6
   21300.9
   21413.5
   21628.3
   21629.5
   22012.1
   22906.0
   22944.6
