     703.8
     719.9
     841.6
     925.0
     994.0
    1038.9
    1274.7
    1442.7
    1484.1
    1617.8
    1711.8
    2239.6
    2277.4
    2460.6
    2608.9
    2952.2
    3116.9
    3145.9
    3428.4
    4033.1
    4696.6
    4792.9
    4849.4
    4864.5
    4933.3
    4994.6
    5014.0
    5173.4
    5675.9
    5767.8
    5914.7
    6041.1
    6123.0
    6238.0
    6330.8
    6449.0
    6689.4
    7741.0
    7760.6
    7855.5
    8074.3
    8462.6
    8489.2
    8553.8
    8609.4
    8611.6
    8747.6
    8775.1
    8794.4
    9006.4
    9464.5
    9780.7
    9900.8
    9928.8
   10463.8
   10521.4
   10770.5
   10875.3
   11013.4
   11680.1
   11788.7
   12124.0
   12156.5
   12310.5
   12531.0
   12645.2
   12656.8
   12758.6
   12771.0
   12988.8
   13130.4
   13288.3
   13334.2
   13485.3
   13490.4
   14071.4
   14374.2
   14649.3
   14744.0
   14935.5
   15016.6
   15432.4
   15963.0
   16222.3
   16281.8
   16596.2
   17690.1
   17710.4
   17741.1
   17892.5
   18072.9
   18224.7
   18386.4
   18818.9
   18909.8
   18969.4
   18972.0
   19292.2
   19464.4
   19486.4
   19487.7
   19880.6
   19937.8
   20419.8
   20685.6
   20779.4
   21373.7
   21452.1
   21601.8
   21774.2
   21840.7
   22005.4
   22699.2
   22727.5
   22761.0
   22897.2
