     197.7
     291.5
     400.0
     524.0
     636.4
     664.0
     903.7
     909.6
    1174.1
    1687.9
    1703.1
    1806.2
    2576.1
    2576.8
    3337.7
    3659.6
    3728.3
    3969.7
    4110.1
    4113.4
    4345.0
    4380.8
    4412.0
    5066.9
    5169.0
    5241.2
    5314.4
    5459.9
    5645.7
    5786.9
    6044.7
    6053.5
    6088.4
    6124.8
    6335.7
    6496.7
    6724.0
    6772.9
    6796.8
    7060.5
    7330.3
    7758.2
    7793.4
    8194.5
    8541.3
    8580.2
    8931.0
    9017.6
    9388.5
    9555.8
    9677.9
    9866.6
   10120.0
   10342.1
   10488.5
   11210.1
   11438.4
   11936.8
   12097.3
   12138.1
   12214.0
   12222.6
   12233.9
   12235.3
   12457.5
   12828.1
   12863.3
   12917.3
   13293.3
   13444.3
   14218.0
   14298.5
   14382.7
   14396.0
   14407.2
   14742.2
   14853.0
   14868.7
   14995.1
   15209.1
   15326.5
   15329.7
   15346.9
   15474.9
   16424.0
   16502.5
   16730.8
   17883.9
   17926.8
   18206.7
   18267.0
   18604.8
   18938.7
   18963.3
   19062.9
   19090.3
   19124.2
   19172.8
   19347.6
   19821.1
   19930.2
   20366.7
   20492.1
   20557.2
   20800.1
   21156.5
   21644.2
   21974.7
   21975.8
   21994.8
   22217.4
   22253.6
   22492.2
   22900.1
   22904.6
