     174.0
     204.9
     258.0
     445.6
     693.7
     736.5
     776.0
     835.8
    1093.1
    1336.5
    1541.8
    1969.2
    2194.7
    2212.7
    2317.3
    2381.6
    2536.1
    2750.0
    3023.9
    3040.1
    3355.1
    3566.0
    3761.2
    3941.5
    4825.9
    5245.6
    5289.2
    5361.0
    5872.6
    6193.7
    6250.5
    6259.9
    6271.4
    6330.0
    6395.8
    7795.4
    7940.6
    8014.9
    8351.0
    8693.3
    9281.1
    9500.8
    9701.9
   10226.1
   10277.4
   10466.1
   10780.5
   10783.1
   10949.4
   11211.6
   11913.3
   11982.1
   12122.8
   12295.1
   12575.5
   12681.6
   12703.0
   12927.4
   13288.2
   13401.8
   13473.8
   13892.9
   14073.2
   14195.7
   14412.3
   14549.7
   14622.5
   14836.0
   14843.4
   14960.1
   15291.1
   15553.1
   15760.4
   15932.9
   16234.1
   16625.9
   16780.8
   16818.0
   16835.1
   16936.1
   17027.1
   17069.1
   17119.4
   17250.6
   17296.2
   17602.9
   17996.5
   18285.2
   18375.1
   18744.2
   18856.4
   18869.3
   18882.3
   19629.2
   19904.7
   19985.2
   20068.1
   20197.9
   20433.9
   20445.1
   20558.5
   20558.7
   20861.6
   21059.9
   21224.0
   21429.8
   21602.9
   21699.4
   21843.7
   21854.8
   22369.0
