      74.0
      97.1
     161.9
     266.1
     328.6
     373.4
     858.0
     981.0
     986.8
    1072.0
    1315.2
    1737.5
    1816.4
    1986.8
    2011.1
    2145.2
    2315.8
    2326.5
    2366.2
    2378.3
    2529.0
    2606.6
    2775.2
    3320.5
    3552.3
    3589.6
    3690.2
    3961.1
    4119.5
    4168.9
    4902.0
    5141.7
    5158.8
    5453.2
    5492.7
    5622.2
    6394.5
    6475.7
    7078.8
    7696.9
    7725.9
    7883.7
    8480.6
    8500.2
    8623.2
    9190.1
    9192.1
    9474.0
    9488.7
    9849.5
    9885.4
   10477.6
   11540.2
   11631.4
   11717.8
   11789.0
   11865.4
   11974.3
   12186.5
   12310.7
   12552.2
   12573.4
   12701.4
   12862.3
   13559.3
   14311.2
   14430.8
   14503.9
   14654.3
   15130.4
   15196.6
   15346.4
   15384.5
   15695.1
   15819.2
   16143.0
   16516.9
   17044.8
   17212.7
   17717.9
   17747.5
   17831.6
   18023.3
   18443.5
   18558.9
   18816.0
   18870.3
   19018.7
   19385.1
   19406.8
   19598.7
   19687.2
   20300.1
   20734.1
   21646.3
   21845.6
   22135.8
   22638.0
   22673.8
   22727.8
