     155.9
     351.6
     490.6
     507.2
     513.5
     999.5
    1048.1
    1162.9
    1251.0
    1272.9
    1328.1
    1561.7
    1668.7
    1691.4
    1700.8
    1763.1
    1807.7
    2310.8
    2399.0
    2401.3
    2573.3
    2704.6
    2845.4
    3121.3
    3437.8
    3475.0
    3515.7
    3564.6
    3572.7
    3945.1
    4113.5
    4331.6
    4520.4
    4735.8
    4830.8
    4843.2
    5115.3
    5539.0
    5913.0
    5943.2
    6484.3
    6516.1
    6750.4
    7204.1
    7204.8
    7276.9
    7719.5
    7730.7
    7922.9
    8105.9
    8209.3
    8435.3
    8441.5
    8479.6
    8510.2
    8959.2
    9575.0
    9615.9
    9652.1
    9894.5
   10038.8
   10171.7
   10756.8
   10938.7
   11049.6
   11307.5
   11676.8
   11721.8
   12056.8
   12232.8
   12399.4
   12424.6
   12588.9
   12751.8
   12891.1
   12984.9
   13267.1
   13638.9
   13674.2
   13777.7
   14234.0
   14298.5
   14519.4
   14654.3
   15262.2
   15267.7
   15289.7
   15370.7
   15378.1
   15428.0
   15563.4
   15577.6
   15917.4
   16029.7
   16141.4
   16198.6
   16319.4
   16644.8
   16827.0
   17083.1
   17306.2
   18280.0
   18300.1
   18410.0
   18678.5
   18974.8
   19718.1
   20001.5
   20458.3
   20494.1
   20818.9
   20876.8
   20887.1
   21323.2
   21479.2
   21622.8
   21791.9
   21940.3
   21950.3
   22335.8
   22615.1
   22850.5
   22983.5
