      63.2
     347.7
     486.6
     550.2
     741.8
    1476.9
    1791.8
    1873.5
    2050.4
    2697.3
    2729.1
    3823.5
    4254.1
    4331.4
    4637.2
    4896.3
    4913.5
    5170.0
    5441.7
    5486.7
    5586.7
    5854.3
    5961.8
    6339.7
    6574.7
    6765.6
    7094.2
    7332.1
    7492.3
    7571.8
    7932.6
    8116.6
    8456.1
    8588.8
    8604.6
    8878.4
    9105.6
    9183.9
    9407.9
    9479.4
    9612.6
    9630.6
    9638.0
    9778.7
    9983.2
   10213.1
   10363.9
   11656.8
   12023.5
   12135.1
   12688.3
   12777.5
   12937.6
   12952.3
   13028.2
   13533.9
   13645.9
   14036.6
   14403.3
   14435.2
   14953.2
   14962.2
   15197.8
   15370.2
   15671.2
   17290.4
   17941.5
   18001.2
   18368.4
   18470.6
   18643.8
   18884.7
   18925.0
   19230.2
   19289.0
   19383.2
   20032.0
   20157.6
   20238.9
   20987.2
   20988.8
   21084.8
   21307.6
   21335.2
   21912.1
   22123.1
   22881.6
