      61.3
      65.0
     885.6
     915.1
    1021.6
    1288.0
    1356.7
    1478.4
    1619.5
    2031.3
    2037.0
    2358.0
    2467.8
    2755.2
    3278.2
    3330.2
    3411.5
    4291.1
    4690.1
    4708.4
    4846.4
    5150.1
    5278.2
    5431.5
    5548.7
    5953.5
    6462.4
    6518.8
    6874.9
    7165.3
    7194.9
    7234.4
    7441.6
    7706.1
    8157.1
    8175.3
    8716.5
    9018.1
    9235.1
    9750.9
    9957.0
   10047.7
   10490.5
   10967.3
   11365.7
   11421.6
   11583.6
   12202.0
   12404.7
   12438.1
   12495.1
   12497.3
   12516.1
   12736.4
   12857.3
   12993.3
   13367.4
   13915.0
   14006.1
   14071.1
   14508.9
   15237.8
   15529.7
   16158.2
   16421.9
   16474.2
   16576.3
   16905.5
   17518.4
   17558.5
   17652.5
   17850.7
   17851.8
   18241.9
   18273.5
   18478.2
   18732.3
   19272.6
   19884.4
   20082.8
   20100.3
   20127.9
   20224.9
   20420.8
   20552.5
   20580.1
   20627.9
   20939.1
   21157.9
   21938.5
   22113.5
   22195.0
   22304.8
   22307.1
   22822.7
