     123.0
     206.2
     345.0
     504.6
     691.7
     712.9
     923.7
    1146.4
    1157.9
    1657.5
    1739.7
    2018.8
    2304.6
    2620.3
    2642.5
    2913.8
    3197.2
    4412.0
    4430.7
    4447.1
    4851.5
    5481.3
    5692.0
    5706.5
    6112.8
    6517.3
    6728.2
    7167.0
    7883.9
    7886.6
    7981.3
    8239.2
    8835.2
    8916.4
    9025.1
    9402.2
    9604.0
    9651.4
    9846.3
    9913.4
   10168.6
   10507.8
   10741.9
   11499.0
   11566.1
   12333.7
   12432.7
   12731.3
   12944.8
   13284.6
   13423.8
   13633.4
   14254.7
   14697.8
   14828.6
   15271.0
   15289.0
   15902.8
   16056.5
   16156.9
   16367.3
   16783.2
   16878.5
   17064.4
   17333.8
   17413.1
   17823.6
   17938.7
   18085.9
   18112.2
   18761.6
   18822.0
   18920.7
   19027.7
   19328.0
   19441.0
   19727.3
   19830.3
   19887.8
   19975.3
   20011.7
   20473.4
   20635.2
   20875.1
   21006.4
   21271.9
   21613.6
   21727.5
   21770.2
   21962.8
   22106.1
   22584.6
   22711.3
   22797.7
   22896.6
