     946.6
    1045.6
    1170.1
    1185.3
    1187.1
    1442.5
    1609.0
    2102.3
    2450.6
    2786.3
    3814.4
    4064.7
    4498.8
    4845.9
    5071.2
    5087.9
    5231.4
    5455.4
    5702.0
    5793.0
    5803.7
    7092.2
    7182.9
    7201.1
    7404.3
    7422.4
    7484.7
    7733.7
    7947.4
    8296.4
    8370.4
    8542.2
    8696.4
    8928.8
    8978.6
    9038.2
    9193.7
    9307.8
    9456.2
    9565.4
    9955.6
   10040.0
   10795.2
   10822.4
   11234.9
   11342.0
   11921.7
   11930.8
   12029.5
   12308.0
   12610.4
   12771.0
   12844.5
   13038.2
   13184.5
   13256.2
   13316.5
   13546.5
   13610.7
   13766.3
   13901.8
   14051.5
   14392.1
   14549.4
   14615.2
   14651.5
   14702.1
   14714.3
   14744.3
   14826.4
   15212.8
   15334.0
   15729.9
   15857.3
   15893.7
   16007.4
   16404.9
   16525.6
   16567.0
   16621.7
   16867.6
   16994.1
   17124.9
   17324.7
   17478.9
   17889.6
   17933.0
   17978.2
   18331.0
   18381.8
   18463.3
   18487.6
   19316.6
   19421.1
   19472.9
   19569.2
   19631.3
   19641.1
   19809.9
   20048.6
   20117.3
   20217.2
   20492.4
   20846.9
   21459.1
   21860.6
   22023.5
   22410.7
   22675.7
   22712.2
