     445.5
     642.7
     762.4
     837.7
     886.4
     958.4
    1131.1
    1331.4
    1429.2
    1654.7
    1667.8
    1714.3
    1935.9
    1994.0
    2000.7
    2357.4
    2522.1
    2652.5
    3073.2
    3148.9
    4969.2
    5652.7
    5949.8
    6006.4
    6012.1
    6049.5
    6386.0
    6426.2
    6636.2
    6738.5
    6907.9
    7038.6
    7050.3
    7800.2
    8097.2
    8123.9
    8343.8
    8397.2
    8567.2
    8863.4
    9196.9
    9293.7
    9357.9
    9361.7
    9496.4
    9597.3
    9673.7
    9865.4
   10206.5
   10529.0
   10575.6
   10674.2
   10799.1
   10862.7
   10928.9
   10982.7
   11260.0
   11509.8
   11694.1
   11696.5
   11880.3
   12011.5
   12233.6
   12412.7
   12785.5
   13071.1
   13077.4
   13102.8
   13656.6
   13742.5
   14097.8
   14246.0
   14341.0
   14382.0
   14950.9
   15016.1
   15069.7
   15501.2
   15668.9
   15814.9
   15870.1
   15912.8
   15970.4
   16125.1
   16248.0
   16270.4
   16432.8
   16490.7
   16539.4
   16670.7
   17046.0
   17092.9
   17259.6
   17310.0
   17701.0
   17723.2
   17743.0
   18180.1
   18440.9
   18487.9
   18609.7
   18974.2
   19013.8
   20028.3
   20304.1
   20929.7
   21041.3
   21055.2
   21117.9
   21147.5
   21181.1
   21210.5
   21373.2
   21504.3
   21638.1
   22227.5
   22472.0
   22559.0
   22716.8
   22866.9
