      10.7
     139.8
     268.5
     717.8
     773.8
    1024.2
    1127.9
    1361.3
    2113.9
    2240.1
    2374.2
    3001.6
    3235.4
    3710.3
    3787.2
    3869.5
    3882.2
    4010.2
    4028.3
    4067.4
    4531.3
    5024.6
    5113.8
    5137.6
    5258.4
    5259.7
    5264.1
    6004.7
    6154.9
    6235.8
    6950.6
    6960.8
    7138.2
    7378.8
    7591.0
    7600.8
    7618.1
    8750.5
    9053.4
    9072.3
    9403.6
    9722.4
    9752.6
    9756.1
    9769.8
   10067.9
   10158.9
   10441.2
   10513.3
   10649.6
   10920.4
   11051.7
   11065.8
   11542.9
   11598.8
   11706.6
   11912.5
   12104.2
   12734.0
   12835.3
   12977.5
   13232.0
   13351.1
   13388.6
   13417.3
   13496.0
   13641.0
   13783.7
   13849.2
   13924.2
   14123.3
   14381.6
   14447.8
   14517.4
   14639.9
   14898.9
   15051.5
   15069.9
   15124.9
   15413.4
   15537.5
   15636.6
   15705.8
   16805.0
   16920.6
   16971.5
   17159.6
   17605.0
   17688.1
   17942.1
   18080.6
   18281.1
   18742.2
   18810.2
   18869.2
   19149.0
   19538.7
   19659.9
   19730.8
   19766.0
   20132.1
   20160.3
   20394.9
   20699.2
   20826.4
   20832.3
   21085.6
   21212.1
   21320.7
   21860.1
   21877.5
   22265.6
   22291.5
   22413.1
   22673.9
   22910.4
