      43.3
     419.4
     542.7
     566.7
     787.4
     795.1
     816.2
    1037.2
    1289.1
    1552.3
    1622.0
    2035.4
    2052.9
    2134.6
    2279.7
    2303.0
    2364.2
    2383.2
    2713.7
    2904.4
    3047.1
    3448.5
    3482.6
    3571.1
    3603.9
    3669.5
    3988.7
    4077.3
    4104.9
    4645.0
    4686.3
    4856.2
    4952.8
    5459.3
    5583.4
    5606.6
    6277.1
    6335.1
    6494.8
    6505.9
    6683.6
    6891.6
    6997.5
    7301.3
    7764.0
    8052.3
    8612.8
    8619.6
    8799.0
    8822.1
    8840.2
    9062.6
    9356.6
    9456.7
    9754.1
    9776.7
    9824.5
    9866.3
    9918.6
   10105.1
   10143.4
   10350.5
   10443.7
   10620.8
   11050.3
   11234.6
   11268.5
   11374.3
   11378.8
   11748.0
   12183.6
   12251.0
   12562.3
   13276.5
   13469.6
   13560.0
   13780.2
   13817.5
   13852.8
   13970.1
   14057.2
   14249.0
   14261.0
   14818.8
   15053.8
   15896.7
   16011.3
   16452.9
   16539.7
   16624.1
   17078.4
   17494.5
   17623.6
   17640.2
   17702.4
   17745.9
   17890.8
   18070.7
   18159.8
   18348.8
   18679.4
   18724.5
   18850.5
   19370.7
   19388.0
   19869.9
   19886.7
   20138.2
   20180.4
   20832.9
   20876.3
   21135.9
   21165.8
   21489.3
   21588.6
   21700.4
   22100.5
   22138.5
   22784.3
   22784.9
   22794.5
   22802.5
   22829.6
   22940.8
