     414.0
     803.6
     912.8
    1061.7
    1192.4
    1261.4
    1322.5
    1340.6
    1611.7
    1721.5
    1775.4
    1797.1
    1975.5
    2175.9
    2336.1
    2408.3
    2413.0
    2578.5
    2714.6
    2735.6
    2797.9
    3259.0
    3358.1
    3385.8
    3404.9
    3501.3
    3514.2
    3536.2
    3563.9
    4360.4
    4447.2
    4681.1
    4845.5
    4946.8
    5360.9
    5443.7
    5616.3
    6245.5
    6337.8
    6943.7
    6987.4
    7571.5
    7970.9
    8130.9
    8656.8
    8694.2
    8922.9
    8984.8
    9216.5
    9353.2
    9388.4
    9473.1
    9664.4
    9774.5
    9851.3
   10387.8
   10453.6
   10672.0
   10916.5
   11053.8
   11390.6
   11428.9
   11459.0
   11549.0
   11618.5
   11643.3
   11851.3
   11976.8
   11998.6
   12004.1
   12099.8
   12117.2
   12442.2
   12602.5
   12704.5
   13242.2
   13451.4
   13672.7
   14015.5
   14079.9
   14370.8
   14446.5
   14603.1
   14731.3
   14904.9
   14920.8
   15312.9
   15379.8
   16143.9
   16317.6
   16327.3
   16415.7
   16431.9
   16490.2
   16565.1
   16741.1
   17106.3
   17299.1
   17338.2
   17465.7
   17590.2
   17730.8
   17963.2
   18029.5
   18070.9
   18470.9
   19019.6
   19022.4
   19193.6
   19283.3
   19393.0
   19408.8
   19588.8
   19599.2
   19613.9
   19908.9
   20113.8
   20168.0
   20414.7
   20504.6
   20687.4
   20793.7
   21013.3
   21164.3
   21691.6
   21871.5
   22063.2
   22085.1
   22608.3
   22748.4
   22969.7
