      18.1
      35.4
     532.6
    1012.1
    1110.5
    1355.5
    1642.5
    1664.5
    1872.3
    1916.5
    1931.6
    2143.7
    2311.2
    2441.2
    2464.4
    2616.1
    2758.7
    2956.7
    3260.9
    3449.9
    3481.7
    3577.8
    3719.8
    3806.8
    4186.2
    4213.4
    4518.6
    4771.1
    5170.7
    5179.2
    5187.7
    5295.4
    5970.9
    6222.0
    6253.8
    6850.7
    7112.1
    7112.7
    7725.3
    7888.9
    7996.6
    8031.7
    8097.6
    8380.9
    8627.3
    8635.1
    8688.9
    8689.9
    8750.5
    8820.9
    8916.9
    9066.3
    9284.6
    9294.3
    9440.9
    9730.9
    9949.5
    9981.7
   10017.0
   10095.5
   10208.8
   11130.1
   11154.0
   11162.2
   11773.4
   11851.6
   11911.8
   12597.2
   13395.4
   13557.2
   13772.0
   13952.6
   14152.2
   14166.7
   14313.5
   14386.7
   14699.1
   15389.1
   15541.5
   15547.5
   15592.2
   15648.5
   16162.6
   16197.4
   16303.1
   16567.7
   17162.7
   17293.5
   17567.7
   17639.6
   17913.3
   18025.0
   18361.0
   18688.0
   18733.9
   19168.1
   19263.1
   19412.6
   19498.5
   19578.9
   19658.8
   19678.8
   19683.1
   19914.4
   19921.1
   19923.7
   19925.3
   20175.2
   20340.0
   20578.3
   20688.4
   20809.6
   20930.2
   21254.3
   21356.9
   21464.0
   21567.9
   21660.1
   21963.0
   22140.8
   22460.9
   22645.7
   22720.7
