      80.4
     428.2
     541.0
     548.9
     680.5
     910.9
     931.9
     954.3
    1382.4
    1683.9
    1750.8
    1902.9
    2161.0
    2226.2
    2231.1
    2434.8
    2591.1
    2598.2
    2662.2
    2967.3
    2986.3
    3215.0
    3315.4
    3335.2
    3403.4
    3606.6
    3646.9
    3718.3
    3724.0
    3846.7
    3853.5
    3945.0
    4318.4
    4347.6
    4414.4
    5005.3
    5141.5
    5170.3
    5247.2
    5274.0
    5318.0
    5543.7
    5568.1
    5768.1
    5998.8
    6127.4
    6260.1
    6266.9
    6345.7
    6357.6
    6542.7
    6683.5
    6786.9
    6873.0
    7330.5
    7493.0
    7797.1
    7927.8
    8263.6
    8375.9
    8485.4
    8556.6
    8575.9
    9246.3
    9589.2
    9679.6
   10070.2
   10807.7
   10919.0
   11414.0
   11437.6
   11452.8
   11470.5
   11484.1
   11584.7
   11943.2
   12058.1
   12189.2
   12225.1
   12303.2
   12439.6
   12862.1
   12908.4
   13714.6
   13732.3
   14175.8
   14239.0
   14359.9
   14608.0
   14972.5
   15017.1
   15107.5
   15721.1
   15829.3
   16569.2
   17255.3
   17372.3
   17502.6
   17588.5
   17780.2
   18096.9
   18118.6
   18531.1
   18598.3
   19382.0
   19445.6
   19463.5
   19603.2
   19785.3
   19876.0
   20003.0
   20414.4
   20860.3
   21237.1
   21267.1
   21366.1
   21573.2
   21773.9
   21845.3
   22295.6
   22364.7
   22390.8
   22645.6
