     440.5
     613.8
     783.8
     863.1
    1101.6
    1360.1
    1472.4
    1474.5
    1684.9
    1758.3
    1913.5
    2194.4
    2778.4
    2826.8
    2960.0
    3060.3
    3249.8
    3881.1
    3953.4
    4097.6
    4512.5
    5028.1
    5041.8
    5070.7
    5640.9
    5803.6
    5849.4
    5878.9
    6022.1
    6346.2
    6479.1
    6517.2
    6690.2
    6850.4
    7231.2
    7257.8
    7831.3
    7918.5
    8563.7
    8701.5
    8737.9
    9232.8
    9274.2
   10047.3
   10268.6
   10524.6
   10669.7
   10943.9
   11632.9
   11664.8
   11762.9
   12066.3
   12078.9
   12316.6
   12361.3
   12427.7
   12564.0
   12606.4
   12691.5
   12733.8
   12787.7
   13104.4
   13848.3
   14147.2
   14623.3
   14774.7
   14853.2
   15035.9
   15097.4
   15571.9
   16097.0
   16122.5
   16217.7
   16499.4
   16641.1
   16673.6
   16685.6
   17058.2
   17266.0
   17730.1
   18102.5
   18140.5
   18186.8
   18313.3
   18421.0
   18479.1
   18509.3
   18897.5
   19238.9
   19352.3
   19510.9
   19671.6
   19704.8
   19849.2
   20087.2
   20430.6
   20599.8
   20761.5
   20994.3
   21148.2
   21217.6
   21369.5
   21659.7
   21830.6
   21972.1
   22882.0
   22978.9
