      40.6
     172.1
     394.7
     453.8
     570.7
     576.3
     712.3
     771.1
     875.1
    1002.2
    1272.6
    1506.0
    1557.7
    1776.1
    2057.8
    2091.5
    2104.3
    2327.2
    2541.7
    2795.5
    3083.6
    3175.2
    3548.6
    3682.9
    3705.7
    4051.8
    4192.7
    4383.7
    4413.8
    5133.8
    5229.5
    5672.9
    6078.1
    6166.4
    6312.0
    6742.0
    6788.2
    6850.0
    7098.1
    7392.5
    7633.1
    7814.4
    8301.0
    8380.5
    8719.4
    8777.6
    9018.3
    9030.8
    9431.8
   10103.1
   10187.9
   11041.1
   11188.0
   11384.5
   11873.9
   12025.2
   12359.9
   12437.0
   12463.7
   12519.0
   12609.2
   12696.2
   12833.1
   12930.5
   12993.6
   13218.8
   13399.6
   14120.2
   14400.0
   14427.3
   14441.8
   14967.1
   15041.2
   15099.9
   15418.0
   15504.7
   15684.8
   15709.8
   16205.5
   16335.0
   16541.2
   17235.4
   17487.0
   17937.6
   18034.3
   18097.0
   18299.0
   18402.5
   18429.9
   19038.4
   19523.6
   19847.0
   20180.9
   20328.8
   20485.4
   20878.5
   20903.7
   21205.9
   21333.4
   21391.2
   21493.1
   21526.5
   21897.8
   22516.8
