      17.6
     685.4
     809.3
     859.3
    1013.0
    1124.0
    1280.2
    1333.8
    1393.3
    1514.9
    2453.0
    2805.5
    2814.8
    2912.6
    2923.8
    2955.2
    3064.8
    3108.1
    3145.1
    3152.2
    3291.0
    3488.3
    3566.3
    3622.8
    3785.6
    3975.8
    3987.0
    4099.5
    4266.7
    4280.1
    4308.5
    4543.9
    4545.1
    4763.7
    5345.3
    5437.4
    5548.3
    5634.3
    5681.7
    5755.5
    5905.1
    5975.6
    6036.4
    6478.1
    6678.3
    6790.5
    6878.5
    7973.0
    8090.1
    8492.2
    8622.7
    8902.9
    8939.3
    9165.1
    9174.0
    9176.5
    9395.0
    9456.2
    9554.1
   10013.2
   10402.6
   10547.4
   10630.9
   11039.3
   11104.1
   11107.8
   11111.7
   11311.2
   11573.6
   11970.6
   12270.5
   12290.4
   12635.0
   13319.9
   13330.7
   13341.6
   13893.1
   14064.7
   14343.9
   14368.6
   14475.0
   14833.4
   14883.4
   15709.6
   15791.5
   16525.0
   17062.0
   17167.7
   17178.5
   17727.6
   17884.4
   18044.7
   18123.4
   18420.8
   18619.6
   19345.0
   20479.7
   20546.7
   20763.1
   20827.6
   21054.2
   21100.7
   21536.4
   21539.6
   21617.4
   21677.8
   21751.6
   21849.6
   22075.2
   22203.6
   22254.0
   22278.8
   22298.6
   22477.9
   22929.3
   22985.6
