     209.3
     227.9
     266.7
     747.4
     952.6
     963.4
    1170.3
    1251.9
    1353.3
    1427.9
    1995.7
    2053.2
    2083.8
    2534.6
    2542.7
    2679.1
    2725.3
    2940.5
    2957.1
    3124.6
    3139.2
    3332.2
    3568.5
    3734.9
    3781.6
    3817.6
    3834.3
    4440.1
    4517.1
    4850.5
    4968.8
    5081.0
    5169.0
    5233.4
    5726.8
    6085.5
    6091.7
    6117.1
    6327.7
    6335.3
    6481.0
    6600.7
    6835.1
    7173.6
    7301.7
    7471.5
    7608.6
    7667.4
    8209.0
    8281.3
    8381.2
    8445.0
    8836.4
    9445.4
    9445.8
    9693.6
   10428.7
   11068.7
   11352.7
   11489.2
   11491.8
   11502.8
   12123.9
   12144.7
   12289.5
   12302.2
   12530.2
   12717.9
   12800.8
   12971.6
   13362.1
   13473.8
   13830.6
   13888.0
   13978.9
   14014.2
   14161.2
   14642.5
   14824.1
   14855.8
   14858.3
   14893.1
   14941.1
   15062.1
   15265.0
   15323.6
   15336.5
   15410.1
   15746.2
   15813.2
   16013.0
   16166.0
   16235.3
   16327.2
   16372.4
   16704.4
   16757.1
   16806.5
   17000.0
   17098.7
   17125.6
   17292.0
   17471.8
   17617.0
   17732.5
   18056.5
   18207.7
   18363.0
   18783.1
   18993.6
   19221.2
   19382.2
   19489.4
   19606.0
   19691.5
   19894.6
   20142.1
   20159.3
   20348.4
   20504.6
   20618.2
   20722.5
   21618.3
   21786.2
   22040.8
   22082.0
   22120.1
   22317.9
   22404.1
