       5.9
     876.4
     943.9
    1012.9
    1161.5
    1323.6
    1475.9
    1624.2
    1768.6
    1834.6
    1989.7
    2006.4
    2200.4
    2375.9
    2425.8
    2579.0
    2649.8
    2789.6
    3096.5
    3103.7
    3139.0
    3384.7
    3431.1
    3789.8
    3804.4
    4239.8
    4241.4
    4259.0
    4831.7
    5301.3
    5581.2
    6188.2
    6527.4
    6734.7
    6923.5
    6999.9
    7259.8
    7684.5
    7788.7
    7796.8
    7823.0
    7922.2
    8299.4
    9037.2
    9098.9
    9307.7
    9589.4
    9882.1
   10225.9
   10536.6
   10628.6
   10866.0
   11126.6
   11323.8
   11400.1
   11598.8
   11628.7
   12408.5
   12528.9
   12572.7
   12667.0
   12914.6
   12936.8
   13057.3
   13118.3
   13172.3
   13342.2
   13525.7
   13583.8
   13677.3
   13773.5
   13831.1
   14130.7
   14160.7
   14793.2
   14991.2
   15152.7
   15221.0
   15392.9
   15415.7
   15457.1
   15815.9
   15876.4
   15990.5
   16090.5
   16121.6
   16474.5
   16964.7
   17366.6
   17778.9
   18038.3
   18167.8
   18372.5
   19070.6
   19257.4
   19324.0
   19418.4
   19558.6
   19922.6
   20390.7
   20602.0
   20608.3
   21298.9
   21523.5
   21552.4
   21556.3
   21735.1
   21808.2
   21992.4
   22030.8
   22274.2
   22509.2
   22601.1
   22629.8
   22970.9
