     115.7
     161.0
     387.9
     990.7
    1031.7
    1036.0
    1200.1
    1448.8
    1599.2
    1763.9
    2076.9
    2104.7
    2174.5
    2183.4
    2239.4
    2533.9
    2543.0
    2915.6
    2958.1
    3169.5
    3173.9
    3494.3
    4135.6
    4305.3
    4329.2
    4500.6
    4558.9
    5007.5
    5070.6
    5302.3
    5755.2
    5858.1
    5997.6
    6172.4
    6225.2
    6385.7
    6491.4
    7155.4
    7406.6
    7540.2
    7546.0
    7608.4
    7673.3
    7864.6
    8071.4
    8715.7
    8848.2
    9344.6
    9364.2
    9375.6
    9462.6
    9567.0
    9681.3
    9713.5
    9968.4
   10063.4
   10234.5
   10636.4
   10914.9
   10986.6
   11032.2
   11081.5
   11917.8
   12076.2
   12266.4
   12335.1
   12421.3
   12527.0
   12631.2
   12690.0
   12804.2
   13552.9
   13759.3
   13912.2
   13990.0
   14156.2
   14272.7
   14400.5
   14443.6
   14756.7
   14761.4
   15054.9
   15417.8
   16863.5
   17081.8
   17406.3
   17881.5
   17927.3
   18460.1
   18651.5
   18832.0
   19157.7
   19276.4
   19377.1
   19727.3
   19856.7
   19901.0
   19928.7
   20124.7
   20249.2
   20999.8
   21030.7
   21143.4
   21167.1
   21752.7
   22049.8
   22297.1
   22430.4
