     154.2
     159.4
     321.9
     354.2
     750.3
     812.1
     814.1
     877.1
     953.8
    1100.5
    1256.8
    1417.3
    1468.3
    1501.9
    1969.3
    2246.8
    2399.8
    2471.8
    3009.3
    3577.7
    3830.1
    4036.7
    4415.4
    4507.1
    4524.0
    4556.7
    4604.9
    4694.1
    5004.7
    5101.1
    5208.7
    5235.7
    5281.8
    5345.3
    5482.7
    5564.0
    5798.3
    5897.5
    6032.8
    6450.3
    6604.7
    6651.9
    6878.7
    6988.6
    7031.0
    7188.9
    7311.8
    7926.9
    7984.9
    8037.7
    8447.3
    8633.6
    8696.8
    8982.8
    9013.5
    9295.3
    9525.1
    9829.3
    9963.2
    9967.5
   10314.8
   10365.5
   10396.0
   10601.8
   10614.0
   10875.2
   10968.6
   11013.0
   11352.4
   11414.8
   11475.1
   11735.3
   11798.3
   11854.9
   12355.8
   12702.9
   12781.5
   12916.9
   12957.6
   13199.2
   13344.8
   13429.4
   13722.3
   13786.4
   13837.2
   13948.4
   14054.2
   14267.4
   14293.2
   14439.4
   14806.5
   14856.7
   14878.8
   14974.9
   15062.0
   15268.1
   15547.6
   15637.1
   15835.9
   15846.7
   15913.9
   15922.4
   15986.0
   16102.8
   16705.8
   16730.5
   16731.1
   17100.0
   17473.4
   17712.9
   17714.2
   17884.2
   17950.2
   18022.1
   18381.9
   18415.8
   18496.4
   18658.9
   18950.6
   19206.9
   19489.1
   19844.1
   19865.5
   20555.4
   20790.6
   21094.1
   21204.1
   21247.4
   21338.3
   21398.3
   21525.6
   21532.3
   21627.0
   21893.2
   22230.2
   22485.1
   22641.5
   22655.3
   22784.9
   22825.2
   22848.9
