     254.2
     306.2
     358.4
     901.7
     927.0
    1231.0
    1341.0
    1426.5
    1615.7
    1814.4
    2199.1
    2400.0
    2429.1
    2677.0
    2758.0
    2892.2
    3013.1
    3034.9
    3058.8
    3088.5
    3152.1
    3260.3
    3502.3
    3538.8
    3654.2
    3839.5
    4092.6
    4350.1
    4664.2
    4687.8
    4698.4
    4803.5
    4973.5
    5126.9
    5253.2
    5397.9
    5516.3
    5578.9
    5698.8
    5772.9
    5856.1
    5858.6
    5976.5
    6006.6
    6091.5
    6322.3
    6659.5
    6826.7
    6836.8
    6892.5
    6904.2
    6941.7
    7053.1
    7135.8
    7243.9
    7635.2
    8321.3
    8646.6
    9382.5
    9776.0
   10121.9
   10285.5
   10309.2
   10499.7
   10570.9
   10642.7
   10646.7
   10739.3
   10905.4
   10984.0
   11122.7
   11124.7
   11492.0
   11877.6
   11884.5
   12155.1
   12541.0
   12645.6
   13479.3
   13488.4
   13531.0
   13563.5
   14932.9
   15391.8
   15530.9
   15572.5
   15705.0
   15819.3
   15897.6
   16686.4
   16799.5
   16857.0
   17016.6
   17035.0
   17267.6
   17312.8
   17360.7
   17442.9
   17905.8
   17950.3
   17992.8
   18077.9
   18243.8
   18535.8
   18671.0
   19408.4
   19495.2
   19516.2
   19735.8
   19890.3
   20128.6
   20255.4
   20597.2
   20894.6
   21067.0
   21098.0
   21171.0
   21416.7
   21647.7
   21705.9
   21923.8
   21973.3
   22009.6
   22461.1
   22477.1
   22501.4
   22856.8
