       7.9
     276.6
     355.4
     380.9
     545.1
     679.4
     824.7
    1276.7
    1328.8
    1669.6
    1847.5
    1895.4
    2217.9
    3022.2
    3088.3
    3457.3
    3599.0
    4589.3
    4695.4
    5157.8
    5301.9
    5547.4
    5690.1
    5780.7
    6081.6
    6381.4
    6897.2
    7143.6
    7169.8
    7200.0
    7256.4
    7485.2
    7686.9
    7785.8
    7850.6
    8267.6
    8499.7
    9565.3
    9566.1
    9673.0
   10001.9
   10337.6
   10735.3
   10882.7
   11494.3
   11630.9
   11688.6
   11762.9
   11887.5
   11989.5
   12032.5
   12212.3
   12383.9
   12860.5
   12994.0
   13139.0
   13290.6
   13391.8
   13963.7
   13964.5
   14720.5
   14905.2
   15391.8
   15438.9
   15519.6
   16152.3
   16181.8
   16198.1
   16243.6
   16449.0
   16626.2
   16657.6
   16805.8
   17226.5
   18097.1
   18214.9
   18287.9
   18399.4
   18454.2
   18603.0
   18736.1
   18778.4
   18813.8
   18860.3
   18954.6
   19022.8
   19125.9
   19257.9
   19404.8
   19447.8
   19467.3
   19534.4
   19694.3
   19920.0
   20853.9
   20877.7
   21093.8
   21660.1
   22160.0
   22249.3
   22402.5
   22966.9
   22981.3
