      80.1
     443.6
     501.9
     577.8
    1116.6
    1174.4
    1509.8
    1563.9
    1592.2
    1619.1
    1761.6
    1796.2
    1866.9
    2179.7
    2423.8
    2814.0
    2940.8
    3064.2
    3675.5
    4025.1
    4046.3
    4113.2
    4311.5
    4788.1
    5251.6
    5692.8
    5797.9
    5962.9
    6610.1
    6790.9
    6858.9
    6922.7
    7089.2
    7110.8
    7132.6
    7555.2
    7765.4
    8060.5
    8115.2
    8574.8
    8594.5
    8968.8
    8984.6
    9638.9
    9714.3
   10081.2
   10401.7
   10589.9
   10973.1
   11205.0
   11436.7
   11444.9
   12265.9
   12570.9
   12745.7
   12865.6
   13263.0
   13416.6
   13534.1
   14736.4
   14808.9
   14955.0
   15109.7
   15324.9
   15352.0
   15666.8
   15743.4
   15806.9
   16084.5
   16259.2
   16589.9
   16651.5
   16906.0
   17020.7
   17167.7
   17620.2
   17745.6
   17895.2
   17941.1
   17990.1
   18328.4
   18337.3
   18393.4
   18629.9
   18642.7
   18663.3
   18982.6
   19246.3
   19948.0
   20121.3
   20255.0
   20727.2
   20879.7
   20964.6
   21072.5
   21074.2
   21129.6
   21308.3
   21445.7
   21677.7
   21963.7
   22223.9
   22265.8
   22569.7
