      63.0
     198.5
     685.8
     795.2
     967.9
    1244.1
    1284.0
    1629.8
    1766.1
    2200.8
    2443.6
    2801.8
    2940.7
    2944.9
    3019.1
    3204.1
    3330.2
    3338.9
    3679.9
    3753.4
    3965.9
    4243.1
    4372.8
    4707.8
    4715.5
    5218.6
    5243.9
    5310.1
    5547.1
    5566.4
    5663.1
    5849.8
    5931.8
    6035.9
    6885.3
    6990.4
    7414.1
    7531.6
    7702.5
    7734.6
    8470.4
    9009.4
    9066.6
    9225.9
    9730.8
    9852.2
    9982.6
   10084.1
   10184.0
   10373.2
   10399.5
   10530.8
   10552.7
   10689.8
   10738.9
   10963.5
   11116.0
   11543.5
   11650.2
   11962.8
   12143.2
   12315.8
   12443.9
   12631.6
   12657.0
   12725.2
   12821.5
   12907.5
   13060.9
   13087.9
   13184.3
   13283.1
   13379.3
   13547.6
   13681.8
   13894.2
   14026.7
   14069.1
   14604.9
   14721.4
   15057.1
   15340.5
   15391.8
   15519.1
   15565.3
   15585.8
   15625.7
   16022.7
   16138.9
   16305.2
   16459.1
   16649.3
   16684.6
   17108.8
   17496.3
   17573.7
   17574.0
   17699.2
   17702.0
   17952.9
   18018.6
   18141.9
   18248.5
   18360.7
   18476.1
   19120.2
   19138.5
   19249.7
   19275.8
   19276.1
   19289.6
   19302.3
   19398.6
   19611.0
   19951.3
   19959.1
   19964.5
   20110.3
   20276.3
   20367.3
   20413.2
   20575.3
   21688.6
   21893.0
   21918.6
   22148.3
   22221.3
   22265.1
   22699.1
