     192.0
     226.5
     268.5
     614.5
     656.0
     880.3
    1359.9
    2123.2
    2268.0
    2302.1
    2362.5
    2377.0
    2434.1
    2607.0
    2648.8
    2773.0
    2910.4
    2915.0
    3007.4
    3147.0
    3147.8
    3179.2
    3221.7
    3286.1
    3398.9
    3571.6
    4018.3
    4188.1
    4279.5
    4702.6
    4904.0
    4984.8
    5162.6
    6001.8
    6147.3
    6228.1
    6354.3
    6428.7
    6607.7
    6688.1
    7077.9
    7194.1
    7402.5
    8025.3
    8442.5
    8836.3
    8937.2
    9031.2
    9247.0
    9599.4
    9647.6
   10177.4
   10342.4
   10430.8
   10897.3
   10921.9
   10925.2
   11951.2
   12004.3
   12147.3
   12394.0
   12458.7
   12511.6
   12612.6
   12722.4
   12766.1
   12789.9
   13092.1
   13147.3
   13166.6
   13455.4
   13538.7
   14160.9
   14298.2
   14354.5
   14913.3
   14988.2
   15244.6
   15997.6
   16054.6
   16402.6
   16571.2
   16771.9
   17120.3
   17195.2
   17259.6
   17821.7
   18322.5
   18907.3
   19205.2
   19640.9
   19749.9
   19795.8
   19839.0
   19875.1
   19927.8
   20033.1
   20689.4
   20705.4
   20801.7
   21146.8
   21147.4
   21185.1
   21222.5
   21257.6
   21554.1
   21927.9
   21980.6
   22424.9
   22577.4
   22785.4
