     241.0
     796.9
     870.7
     925.1
     940.9
    1035.9
    1458.1
    1463.4
    1563.1
    1634.7
    1639.6
    1669.3
    1740.2
    2194.4
    2749.0
    3863.6
    3920.3
    4274.6
    4425.1
    4652.4
    4695.1
    4983.4
    5305.9
    5333.6
    5375.0
    6008.1
    6245.0
    6606.8
    7211.6
    7229.3
    7280.5
    7338.3
    7349.5
    7605.5
    7742.1
    7835.9
    8178.4
    8360.5
    8392.5
    8553.8
    8903.1
    8968.8
    8971.4
    9312.1
    9533.8
    9541.7
    9691.1
    9930.9
   10973.4
   11308.9
   11661.0
   11744.8
   11767.7
   11943.6
   12016.9
   12523.9
   12615.4
   13278.3
   13939.1
   14566.0
   14596.9
   14671.8
   14952.6
   15189.6
   15497.3
   15584.0
   15731.0
   16252.1
   16395.3
   16416.3
   16793.0
   17134.7
   17524.9
   17851.7
   18680.1
   19253.5
   19802.3
   20000.2
   20142.8
   20145.4
   20419.3
   21130.0
   21246.6
   21621.5
   21737.9
   21806.4
   21870.4
   21955.1
   22194.4
   22776.7
   22940.2
