     181.5
     250.0
     369.2
     573.4
     600.0
     659.6
     712.6
    1251.0
    1974.4
    2413.5
    2468.7
    2594.4
    2623.0
    2744.5
    3317.5
    3867.5
    4022.3
    4279.8
    4288.5
    4883.4
    5189.8
    5440.0
    5624.0
    6324.6
    6400.1
    6581.6
    6854.9
    6897.5
    7023.8
    7178.7
    7325.4
    7592.3
    7648.6
    8190.7
    8282.5
    8741.0
    9086.7
    9369.8
    9395.7
    9513.9
   10054.4
   10214.0
   10418.0
   10664.6
   10682.6
   10741.8
   10947.8
   11037.2
   11041.8
   11087.5
   11290.8
   11421.3
   11844.4
   11970.3
   12187.8
   12385.7
   12562.4
   12709.3
   13916.4
   13919.8
   13965.7
   14260.6
   14378.0
   14413.6
   14439.7
   14570.4
   14814.4
   14885.7
   15247.7
   15326.4
   15765.1
   15790.1
   15840.9
   16041.3
   16519.8
   16728.5
   17005.4
   17265.2
   17544.9
   17817.4
   18067.9
   18212.8
   18286.1
   18682.9
   18700.9
   18960.6
   19192.5
   19695.7
   20228.5
   21031.1
   21285.6
   21690.1
   21941.5
   22315.4
   22353.9
   22577.1
   22706.2
   22706.3
   22822.0
   22958.3
