     116.6
     125.5
     230.8
     321.9
     439.1
     471.0
     765.9
    1193.5
    1650.5
    2333.1
    2420.7
    2556.7
    2576.6
    3000.4
    3223.7
    3465.5
    3663.3
    3754.9
    3824.3
    4012.3
    4163.9
    4352.7
    5097.4
    5422.8
    5510.2
    5924.1
    5943.7
    6151.3
    6160.6
    6248.9
    7220.8
    7260.0
    7492.5
    7805.2
    7819.7
    8058.9
    8413.2
    8731.3
    8767.0
    8773.2
    8811.5
    8962.2
    8978.9
    9683.1
    9705.3
   10334.4
   10624.8
   10804.1
   10815.1
   10972.9
   10994.0
   11110.5
   11148.8
   11199.8
   11251.6
   11793.1
   11860.1
   11925.8
   12326.8
   12352.2
   12500.1
   12947.7
   12977.2
   13001.4
   13207.5
   13384.8
   13443.7
   13569.5
   13577.6
   13687.6
   13762.9
   13821.4
   13912.5
   14366.0
   14759.2
   14759.3
   14780.2
   15100.2
   15164.0
   15347.5
   15461.3
   15653.4
   15903.0
   16051.1
   16342.0
   16748.9
   16886.1
   17452.1
   17497.3
   17624.0
   17992.9
   18092.2
   18626.1
   18803.2
   18846.1
   18871.4
   18911.9
   18961.6
   19083.1
   19688.0
   20636.6
   20910.0
   20936.8
   21125.1
   21266.8
   21649.4
   21683.1
   22029.5
   22210.4
   22467.7
   22668.0
   22669.2
   22810.1
