      87.9
     359.7
     560.2
     739.0
     774.9
     959.5
    1194.6
    1303.8
    1314.9
    1477.7
    1929.1
    2133.7
    2182.8
    2374.1
    2433.2
    2544.5
    2776.7
    3082.9
    3216.0
    3217.2
    3692.8
    4712.7
    4782.6
    5046.3
    5601.6
    5939.4
    6201.8
    6243.3
    6448.3
    6939.8
    7039.9
    7347.2
    7579.6
    7758.7
    7832.2
    8278.1
    8318.0
    8742.0
    8826.1
    8843.3
    8858.0
    8881.0
    9178.5
    9270.3
    9325.6
    9487.8
    9726.5
   10210.4
   10220.7
   10256.2
   10402.3
   10650.2
   11088.7
   11176.8
   11303.3
   11482.1
   11503.8
   12734.0
   12982.7
   13396.2
   13450.6
   13762.3
   13908.4
   14000.1
   14439.1
   14493.3
   14563.6
   14758.0
   14951.3
   15852.2
   16407.3
   16471.0
   16667.6
   16865.6
   17256.0
   17535.9
   17615.3
   17788.6
   17944.5
   18008.2
   18057.5
   18414.4
   18513.5
   18554.3
   18645.4
   18942.9
   18980.9
   19692.8
   20193.8
   20362.6
   20775.2
   20828.0
   20862.8
   20866.5
   20913.2
   20937.3
   20971.3
   20985.7
   21320.6
   21341.6
   22018.8
   22176.0
   22231.8
   22771.5
   22856.5
   22916.6
