     260.6
     434.3
     436.6
     635.4
     808.5
     962.9
     975.0
    1034.9
    1177.3
    1312.0
    1455.2
    1713.0
    2208.4
    3059.6
    3390.9
    3430.5
    3519.1
    3679.5
    3766.8
    3996.5
    4098.3
    4173.8
    4633.5
    4772.8
    4804.2
    4826.2
    4902.3
    5260.7
    5383.6
    5572.7
    5579.1
    5621.4
    5694.4
    5810.0
    6403.8
    6751.1
    6885.0
    7783.3
    7785.7
    7820.2
    7897.9
    8330.6
    8331.1
    8367.6
    8518.9
    8612.0
    8943.5
    8948.0
    9254.3
    9319.4
    9505.1
    9621.1
    9672.5
    9723.7
    9763.6
    9806.3
   10454.3
   10456.6
   10851.5
   10875.7
   11060.4
   11060.5
   11343.4
   11395.4
   11410.6
   11502.0
   11619.2
   11620.6
   12589.4
   12856.4
   12928.4
   13207.7
   13390.5
   13802.6
   14032.7
   14080.0
   14362.1
   14657.4
   14704.5
   14756.1
   14871.4
   14944.1
   15306.4
   15402.9
   16143.4
   16615.0
   16907.2
   16973.7
   17082.8
   17234.6
   17756.9
   17879.1
   18236.4
   18328.3
   18685.4
   18900.0
   19013.8
   19388.2
   19861.1
   20012.4
   20280.3
   20450.6
   20536.1
   20570.2
   20596.3
   20619.4
   21100.3
   21203.7
   21225.7
   21246.5
   21585.5
   21733.7
   21738.5
   22090.0
   22459.5
   22483.6
   22497.9
   22603.9
   22623.9
   22900.3
