     258.8
     347.2
     350.3
     446.2
     595.9
     969.9
    1203.3
    1489.7
    1654.9
    1745.2
    2083.0
    2421.1
    2610.8
    3000.1
    3130.9
    3155.3
    3240.9
    3281.4
    3913.8
    4031.7
    4308.7
    4598.8
    4891.7
    4990.9
    4998.1
    5398.5
    5641.4
    5974.6
    6114.5
    6149.5
    6194.7
    6268.5
    6408.5
    6682.5
    6769.2
    6928.9
    7280.7
    8219.5
    8765.0
    8986.0
    9090.9
    9318.7
    9429.8
    9469.0
    9632.5
    9758.9
    9824.5
   10156.3
   10186.6
   10208.3
   10451.4
   10896.3
   10953.8
   10963.1
   11170.9
   12408.3
   12515.5
   12552.1
   12674.6
   12808.0
   12856.8
   12915.4
   13158.8
   13672.4
   13728.2
   13733.2
   13990.2
   14072.8
   14299.8
   14408.4
   14677.0
   14869.0
   14944.5
   14978.9
   15502.9
   15519.4
   15540.3
   16035.5
   16257.1
   16470.0
   16666.7
   16728.9
   16937.2
   17199.3
   17219.2
   17271.9
   17286.4
   17563.6
   17801.7
   17970.1
   18380.9
   18472.1
   18492.4
   18663.4
   18704.2
   18745.3
   18964.3
   19120.9
   19236.8
   19502.7
   19643.8
   19788.0
   19941.2
   19990.8
   20271.8
   20299.2
   20621.1
   20683.4
   20783.8
   20907.6
   21078.7
   21212.8
   21330.2
   21714.5
   21878.2
   22340.4
   22436.2
   22461.5
   22504.0
   22651.5
   22837.5
   22900.6
