      35.3
     245.2
     312.8
    1092.6
    1249.0
    1619.5
    1654.5
    1962.2
    2085.9
    2220.9
    2542.5
    2740.3
    2922.2
    2948.7
    3021.8
    3244.1
    3465.0
    3991.5
    4005.1
    4038.2
    4222.5
    4285.7
    4827.0
    4924.9
    5082.5
    5725.6
    5728.4
    5780.5
    5938.5
    6009.4
    6392.5
    6524.2
    6524.5
    6662.9
    6819.6
    7130.9
    7165.7
    7185.6
    7220.1
    7388.8
    7608.8
    7679.0
    7865.0
    7874.7
    8117.5
    8147.5
    8557.0
    8826.1
    9027.9
    9144.0
    9797.6
    9863.5
   10442.9
   10777.4
   10819.9
   10935.4
   11101.5
   11377.1
   11433.4
   12069.2
   12519.0
   12978.6
   13118.7
   13347.7
   13762.2
   13762.4
   13916.5
   13918.4
   13981.0
   14263.2
   14532.8
   14598.3
   14625.4
   14970.6
   15262.6
   15883.5
   16228.8
   16566.1
   16673.9
   16766.4
   16878.0
   17079.7
   17195.4
   17256.7
   17580.2
   17712.4
   17776.9
   17813.6
   18272.1
   18455.5
   18648.5
   18670.1
   18811.2
   19037.9
   19189.2
   19411.9
   19526.9
   19893.4
   19998.9
   20223.3
   20447.3
   20577.4
   20829.3
   20883.8
   20916.2
   20954.6
   21153.5
   22085.1
   22126.0
   22131.2
   22179.6
   22277.8
   22592.9
   22831.9
