     146.7
     186.6
     301.4
     620.4
    1041.3
    1079.8
    1178.5
    1204.1
    1569.3
    1575.6
    1598.5
    1892.4
    2054.8
    2114.1
    2120.8
    2416.7
    2535.7
    2787.2
    3137.9
    3147.8
    3237.5
    3245.5
    3298.8
    3412.8
    3753.8
    4025.4
    4133.1
    4418.6
    5124.1
    5261.1
    5394.3
    5807.1
    6121.8
    6188.2
    6616.8
    6678.2
    6934.6
    7006.8
    7094.2
    7277.0
    7451.7
    7796.9
    8266.9
    8444.7
    8484.3
    8586.3
    8884.5
    9547.6
    9842.9
    9902.1
   10200.0
   10251.3
   10356.7
   10883.4
   11064.7
   11089.3
   11295.6
   11332.8
   11430.0
   11577.3
   11684.8
   12041.7
   12248.6
   12522.6
   12565.4
   13400.8
   13717.5
   13752.7
   13887.5
   14238.4
   14240.9
   14284.4
   14388.7
   14425.0
   14592.1
   14631.9
   14854.7
   14914.7
   15098.1
   15456.7
   15505.2
   15559.3
   15794.7
   16191.4
   16253.6
   16288.1
   16314.2
   16389.2
   16494.9
   16510.7
   16510.8
   16886.0
   17060.9
   17140.5
   17430.9
   17693.2
   17722.8
   18020.4
   18064.1
   18407.6
   18432.1
   18834.9
   18978.8
   18998.1
   19078.4
   19158.7
   19189.1
   19734.8
   19738.2
   19818.5
   20348.0
   20754.9
   20867.7
   20935.6
   21068.3
   21165.0
   21476.4
   21570.5
   22023.7
   22141.7
   22281.4
   22301.7
   22899.6
   22994.7
