      44.8
     162.4
     204.2
     396.6
     758.0
     915.8
     973.0
    1001.3
    1122.3
    1438.3
    1552.5
    2300.3
    2695.8
    3061.2
    3107.5
    3389.8
    3535.7
    3547.5
    4276.6
    4349.1
    4724.6
    5046.8
    5341.0
    5527.8
    5615.9
    6028.9
    6048.6
    6412.6
    7106.4
    7686.5
    7695.8
    7918.5
    8018.6
    8538.4
    8659.5
    8718.0
    8773.6
    8944.5
    8958.4
    9005.0
    9183.7
    9400.1
    9436.6
    9488.1
    9736.1
   10001.0
   10058.4
   10480.5
   10758.3
   11343.2
   11963.9
   12174.2
   12332.6
   12675.0
   12732.2
   13187.4
   13381.2
   13475.8
   13582.4
   13788.1
   13982.3
   14252.8
   14329.1
   14490.7
   14775.0
   14822.9
   14974.6
   15016.3
   15397.1
   15424.6
   15597.1
   15887.0
   16514.4
   16703.6
   16826.0
   16999.3
   17018.4
   17204.0
   17235.7
   17610.8
   17615.6
   17655.4
   17756.1
   18162.6
   18279.6
   18337.4
   18579.7
   18592.9
   18594.7
   18751.1
   19040.9
   19053.3
   19411.3
   19485.3
   19498.4
   19522.4
   19656.6
   19688.6
   20164.1
   20233.0
   20384.8
   20509.2
   21089.1
   21127.8
   21147.6
   21399.7
   21615.5
   22159.7
   22207.2
   22244.7
   22519.7
   22640.7
