     556.2
     588.1
     665.4
     724.9
     818.2
     862.6
    1189.2
    1336.9
    1391.9
    1859.5
    2142.5
    2404.1
    2508.4
    2723.1
    3341.7
    3915.0
    4376.9
    4399.1
    4428.7
    4991.9
    5104.4
    5188.0
    5384.4
    5600.1
    5756.2
    5756.5
    5791.0
    5963.6
    6045.3
    6203.1
    6524.4
    6780.3
    6974.1
    7131.6
    7173.0
    7253.5
    7349.7
    8155.9
    8203.0
    8468.6
    8735.1
    9422.6
    9513.2
    9514.0
    9614.6
    9750.4
    9855.1
    9886.6
   10023.6
   10286.6
   10592.8
   10660.9
   10941.5
   11058.9
   11064.2
   11556.0
   11706.6
   12166.4
   12637.7
   13162.9
   13572.2
   13577.8
   13581.1
   13724.8
   13750.8
   13957.1
   13978.2
   14157.1
   14187.3
   14246.8
   14769.3
   14969.4
   15325.4
   15481.5
   15628.7
   15756.6
   15953.4
   16092.8
   16160.9
   16647.0
   16721.4
   16825.1
   17049.2
   17252.6
   17358.5
   17818.0
   17930.2
   17992.4
   17999.8
   18199.1
   18245.1
   18868.8
   18870.6
   19180.3
   19271.0
   19295.3
   19343.7
   20668.3
   20922.6
   21160.9
   21458.0
   21653.7
   21679.8
   21827.2
   21994.4
   22255.8
   22690.5
