      96.0
     355.5
     481.9
     504.0
     525.0
     998.1
    1190.6
    1258.5
    1456.1
    1607.3
    1658.0
    1898.7
    2071.3
    2267.2
    2365.4
    2472.9
    2533.3
    2723.6
    2919.6
    2998.5
    3090.7
    3257.4
    3434.0
    3502.6
    3611.9
    4395.5
    5297.1
    5401.2
    5488.3
    5701.5
    6297.4
    6327.1
    6462.2
    6488.4
    6588.9
    6915.2
    7230.9
    7747.2
    7901.0
    7937.9
    7965.7
    8184.2
    8798.9
    9045.6
    9076.4
    9160.1
    9341.7
    9400.7
    9759.2
    9926.2
   10110.1
   10194.2
   10412.0
   10665.4
   10917.9
   11096.5
   11301.9
   11321.2
   12197.5
   12514.9
   12765.2
   12834.3
   13157.4
   13347.8
   13373.6
   14032.3
   14143.8
   14495.2
   14983.4
   15264.6
   15283.0
   15389.1
   15740.2
   16068.1
   16192.9
   16330.5
   16487.7
   16500.2
   16585.2
   16635.3
   16638.6
   16700.7
   16827.9
   16967.3
   17039.3
   17236.4
   17490.0
   17516.5
   17562.9
   17601.1
   17653.9
   17694.7
   17810.2
   18043.1
   18105.7
   18151.1
   18262.6
   18373.0
   18418.0
   18552.2
   18583.6
   19021.7
   19068.2
   19183.1
   19184.8
   19486.0
   19649.8
   20150.5
   20343.1
   20874.7
   20936.2
   21138.7
   21421.3
   21435.3
   21690.3
   21719.1
   21927.2
   22769.5
