     108.2
     126.4
     131.9
     354.5
    1165.5
    1303.7
    1541.5
    1564.8
    1600.2
    1916.1
    2346.6
    2524.2
    2574.5
    2645.8
    3046.2
    3088.3
    3216.8
    3286.0
    3340.9
    3391.9
    3557.5
    3779.1
    3840.3
    3915.0
    4005.2
    4224.1
    4289.9
    4343.6
    4366.7
    4531.6
    4580.1
    4690.9
    4724.3
    5016.9
    5688.3
    5969.9
    6167.9
    6899.5
    6901.2
    7189.9
    7375.4
    7406.3
    7600.8
    7918.6
    7937.8
    8068.9
    8257.2
    8375.9
    8653.9
    8945.5
    8970.3
    9666.4
    9803.8
    9972.3
   10085.1
   10495.0
   10536.9
   10625.0
   10762.6
   10819.0
   10884.7
   11231.5
   11583.0
   11646.1
   11907.5
   12326.6
   12521.7
   12586.3
   12901.0
   12942.9
   13269.1
   13789.0
   13809.7
   13931.1
   14430.9
   14490.4
   14617.9
   14977.3
   15190.7
   15277.5
   15343.7
   15462.4
   15611.1
   15907.2
   16063.0
   16311.7
   16376.1
   16405.7
   16512.6
   16677.2
   16725.0
   17097.3
   17468.8
   17494.1
   17648.9
   18130.6
   19189.3
   19224.2
   19322.0
   19394.7
   19440.3
   19585.2
   19773.9
   19808.5
   20044.3
   20259.8
   20348.3
   20397.5
   21171.2
   21831.4
   22262.8
   22268.3
