      36.0
     119.8
     358.1
     509.0
     700.4
     826.8
     899.7
     957.1
    1111.6
    1210.1
    1499.0
    1755.9
    1766.2
    1803.8
    1834.6
    1935.1
    2079.5
    2250.1
    2396.5
    2403.6
    2480.0
    2483.3
    2527.3
    2874.1
    3063.8
    3290.1
    3324.1
    3341.7
    3522.8
    3627.9
    3841.0
    4233.2
    4379.0
    4428.6
    4667.2
    4689.6
    4723.4
    5015.6
    5084.3
    5510.9
    5621.3
    5768.5
    5905.0
    5943.2
    6132.6
    6417.0
    6575.0
    6751.7
    6825.0
    6825.7
    6926.1
    7085.4
    7355.2
    7397.3
    7821.1
    7936.8
    8018.1
    8030.0
    8197.5
    8262.5
    8347.2
    8350.4
    8730.9
    8905.0
   10342.1
   10511.4
   10570.0
   10959.1
   11279.9
   11319.6
   11398.6
   11589.3
   11727.5
   11919.7
   12166.2
   12274.7
   12433.7
   12696.0
   13544.3
   14033.1
   14167.3
   14331.1
   14606.9
   14834.8
   15103.6
   15809.1
   15866.9
   16159.6
   16245.3
   17017.4
   17080.3
   17210.8
   17477.2
   17521.7
   17552.7
   17659.3
   17686.6
   18520.4
   18653.5
   18928.3
   18989.7
   19036.5
   19060.4
   19260.5
   19698.8
   19925.2
   20012.1
   20013.5
   20253.5
   20430.6
   20927.8
   20928.1
   21036.5
   21218.2
   21498.8
   21533.4
   22113.9
   22186.3
   22201.7
   22233.9
   22758.2
   22763.6
   22873.4
   22940.9
