     218.3
     278.3
     404.1
     455.8
     556.7
     598.3
     864.7
     897.7
     911.5
    1140.2
    1550.7
    1911.3
    1937.9
    2087.5
    2221.2
    2455.6
    2551.4
    2660.8
    2668.5
    3300.9
    3860.0
    3876.2
    3902.2
    4592.3
    4607.4
    4923.6
    5026.1
    5241.9
    5648.3
    5963.5
    6020.2
    6291.6
    6383.5
    6478.2
    6671.8
    6894.5
    7391.3
    7462.9
    7488.6
    7669.8
    7681.2
    7717.0
    7729.7
    7832.0
    7963.3
    8889.1
    8963.2
    8997.0
    9028.1
    9048.2
    9469.3
    9606.4
    9774.9
    9943.0
   10480.4
   10683.1
   10836.7
   10934.5
   11269.4
   11546.4
   11886.0
   12646.3
   12675.6
   12825.0
   13293.0
   13403.7
   13470.5
   13639.2
   13883.1
   14193.0
   14412.2
   14644.6
   15845.0
   15993.4
   16010.6
   16300.3
   16504.6
   16625.8
   16728.7
   16731.6
   16741.5
   17140.8
   17361.6
   17456.1
   17546.4
   17546.5
   17617.0
   18080.0
   18132.4
   18269.5
   18338.1
   18622.2
   18686.6
   18893.1
   18950.6
   19226.6
   19243.7
   19437.5
   19614.4
   19640.0
   20008.0
   20044.2
   20079.9
   20236.2
   20631.5
   20654.1
   20666.5
   20941.5
   21042.3
   21094.2
   21225.9
   21409.5
   21570.1
   22082.7
   22278.6
   22343.0
   22768.3
