      22.5
     498.4
     652.3
     876.3
    1154.1
    1294.1
    1475.7
    2163.5
    2573.9
    2906.5
    3031.4
    3072.3
    3413.4
    3809.5
    4484.8
    4564.3
    4955.1
    5009.9
    5357.3
    6315.1
    6498.3
    6596.4
    6677.3
    6800.9
    6832.1
    7397.9
    7833.1
    7845.5
    7859.1
    7961.6
    8186.7
    8270.0
    8390.9
    8562.8
    8683.9
    8882.6
    8944.7
    8996.8
    9140.5
    9255.3
    9336.4
    9726.1
   10080.6
   10100.8
   10170.0
   10212.1
   10316.0
   10366.3
   10671.4
   10725.6
   10746.1
   10896.0
   10995.9
   11131.4
   11726.2
   11833.9
   12067.4
   12358.4
   12462.7
   12544.3
   12998.2
   13152.7
   13264.4
   13307.5
   14249.8
   14465.1
   14471.9
   15009.0
   15477.0
   15775.2
   15846.7
   15857.2
   16012.9
   16581.9
   16654.7
   16826.0
   16867.1
   16876.8
   17182.7
   17202.6
   17230.8
   17238.1
   17254.7
   17363.4
   17889.7
   17919.4
   18006.1
   18230.1
   18684.2
   18819.9
   19065.6
   19313.0
   19358.4
   19693.2
   20052.1
   20089.0
   20213.0
   20400.1
   20887.7
   20892.5
   20956.7
   21409.8
   21974.4
   22287.3
   22435.8
   22562.8
   22950.5
