      35.2
     121.4
     570.1
     792.3
     989.7
    1076.0
    1087.4
    1499.8
    1556.4
    2405.3
    3223.3
    3327.1
    3332.4
    3520.5
    3532.9
    3908.8
    4442.6
    4886.9
    5152.9
    5166.0
    5250.7
    5264.7
    5550.3
    5563.1
    5716.8
    5731.4
    5886.5
    6131.3
    6222.2
    6250.3
    6425.7
    6457.1
    6858.3
    6863.3
    6904.5
    7135.0
    7136.8
    7339.7
    7375.0
    7683.8
    7802.0
    7882.8
    7916.8
    8386.1
    8493.4
    8514.9
    8621.3
    9359.2
    9377.4
    9872.5
    9949.3
   10032.9
   10204.7
   10291.1
   10429.7
   10698.5
   10707.7
   10760.9
   10838.7
   11074.0
   11360.5
   11385.7
   11545.0
   11607.9
   12395.8
   12683.2
   13204.9
   13496.4
   14579.8
   14943.6
   14991.1
   15022.9
   15126.5
   15667.3
   15772.1
   15879.9
   15904.4
   15915.2
   16003.1
   16032.2
   16060.2
   16175.4
   16191.6
   16336.4
   16518.9
   16538.7
   16699.6
   16709.8
   16756.6
   16858.9
   17022.9
   17138.9
   17184.7
   17204.1
   17442.2
   17615.0
   17749.0
   18022.7
   18681.7
   19025.8
   19480.0
   19563.9
   19852.7
   20269.4
   20384.2
   20534.5
   20889.1
   20968.9
   21050.8
   21642.2
   22223.2
   22247.2
   22730.7
   22930.6
   22980.3
