     394.7
     593.7
     766.7
    1029.0
    1100.0
    1202.4
    1276.5
    1464.8
    1670.2
    1916.1
    2008.1
    2126.1
    2415.2
    2649.1
    2698.3
    2768.2
    2860.1
    3051.7
    3281.8
    3567.3
    3662.5
    3700.7
    3806.9
    4345.1
    4908.9
    5273.3
    5317.4
    5336.2
    5526.6
    5932.2
    5948.1
    6020.6
    6238.7
    6268.1
    6351.3
    6398.5
    6537.9
    6640.5
    6641.3
    6910.2
    6970.2
    7049.9
    7484.2
    7509.4
    7639.1
    7789.5
    7838.6
    8038.4
    8108.4
    8158.3
    8318.6
    8340.4
    8356.9
    8542.5
    8551.4
    8726.3
    8968.0
    9309.2
    9325.7
    9736.1
   10218.2
   10282.0
   10394.5
   10639.5
   10646.7
   10783.6
   10894.9
   10980.3
   11121.7
   11369.0
   11684.9
   11958.4
   12062.0
   12150.9
   12391.9
   13293.5
   13300.4
   13327.3
   13822.0
   14184.1
   14259.3
   14422.5
   14508.0
   14657.7
   15382.2
   15417.2
   15575.6
   15596.0
   15677.9
   15691.8
   15771.4
   15804.3
   15864.5
   15892.4
   15906.1
   16051.9
   16114.2
   16208.2
   16282.4
   16416.0
   16492.7
   16690.9
   17015.7
   17231.6
   17991.4
   18028.1
   18183.3
   18188.0
   18209.8
   18669.4
   18946.5
   19109.2
   19678.3
   19815.8
   20037.5
   20181.8
   21266.8
   21382.4
   21405.6
   21454.3
   21476.2
   21861.8
   21957.2
   22012.6
   22155.0
   22288.5
   22561.9
   22657.6
   22807.1
