       2.7
     460.3
     461.9
     489.1
     715.6
     873.6
    1080.6
    1097.8
    1189.4
    1241.6
    1364.0
    1651.2
    1798.7
    1813.3
    1900.5
    1907.3
    2265.7
    2856.9
    3564.0
    3612.4
    3648.5
    3798.4
    4194.3
    4277.2
    4516.5
    4612.5
    4736.9
    4969.8
    4970.5
    5817.9
    5891.3
    5983.0
    6322.7
    6550.1
    6652.3
    6787.4
    6971.8
    7152.5
    7153.1
    7420.7
    7600.9
    7652.8
    7805.7
    7963.0
    7982.1
    8197.5
    8656.1
    8693.8
    9190.6
    9259.0
    9497.5
    9573.9
    9959.7
   10410.1
   10425.4
   10449.1
   10523.2
   10659.2
   10860.7
   11138.2
   11148.5
   11668.1
   11827.6
   12338.8
   12343.5
   12471.9
   12575.6
   12666.4
   12686.6
   12748.5
   12757.8
   13146.2
   13551.9
   13647.0
   13689.6
   13801.4
   13829.1
   13992.9
   14086.1
   14151.9
   14465.7
   15225.5
   15513.5
   15692.0
   16342.3
   16401.7
   16700.8
   17503.3
   17506.6
   17603.0
   17766.5
   17789.1
   17932.0
   17949.7
   18256.2
   18432.0
   18692.1
   18867.3
   18913.1
   18975.4
   19469.0
   19628.2
   19700.3
   19856.5
   20389.7
   20488.3
   20557.5
   20986.3
   21068.9
   21334.5
   21440.7
   21645.8
   21863.8
   22245.7
   22421.0
