      41.8
     254.5
     961.7
     997.5
    1030.5
    1432.9
    1642.4
    1656.5
    1938.6
    2080.4
    2083.3
    3060.5
    3083.8
    3181.9
    3541.7
    3583.8
    3590.9
    3680.1
    3973.1
    4070.3
    4485.8
    4704.8
    5101.9
    5557.8
    5575.9
    5927.4
    6251.9
    6542.2
    6741.0
    6828.1
    7084.4
    7347.6
    7378.9
    7383.9
    7595.2
    7943.0
    7996.6
    8291.2
    8413.5
    8612.6
    9128.7
   10063.0
   10614.1
   10713.5
   10816.2
   11031.5
   11068.2
   11177.9
   11356.6
   11970.6
   12139.6
   12247.5
   12351.9
   13429.7
   13478.5
   13748.9
   13908.1
   14317.8
   14445.2
   14640.8
   14800.8
   14851.6
   15034.1
   15038.4
   15708.9
   15905.0
   15993.7
   16057.6
   16107.0
   16138.2
   16232.3
   16390.0
   16715.2
   17150.7
   17340.5
   17348.3
   17390.2
   17394.5
   17485.8
   18213.8
   18630.8
   18700.2
   18715.4
   18720.0
   18790.1
   19199.8
   19489.5
   20224.3
   20557.8
   20627.7
   20809.3
   20811.2
   21086.3
   21202.1
   21539.1
   21798.1
   22073.9
   22192.3
   22542.5
   22643.8
   22972.0
