      56.7
      71.9
     923.0
    1236.2
    1264.8
    1324.9
    1465.0
    1518.4
    1688.6
    1835.5
    1896.1
    2236.2
    2314.6
    2362.9
    2393.9
    2637.5
    2653.6
    2811.7
    2866.0
    3091.2
    3165.8
    3365.6
    3835.3
    4045.9
    4296.6
    4330.6
    4591.3
    4605.3
    4694.5
    5176.6
    5448.7
    6115.4
    6116.8
    6445.6
    7026.8
    7068.1
    7496.0
    7600.2
    7871.8
    8423.9
    8660.6
    8802.3
    9901.3
   10086.7
   10283.9
   10432.1
   10498.4
   10606.3
   10653.1
   10768.1
   10879.8
   11093.8
   11175.3
   11227.4
   11384.1
   11433.8
   11484.1
   11680.0
   11798.7
   12018.8
   12311.6
   13210.4
   13217.9
   13337.5
   14294.1
   14398.9
   14517.8
   14533.1
   15184.5
   15291.8
   15851.0
   15871.5
   16045.7
   16340.5
   16394.9
   16623.8
   16714.9
   16897.8
   17845.4
   17859.2
   17867.8
   17895.8
   18990.5
   19139.4
   19315.0
   19416.2
   19538.2
   19593.6
   19624.7
   19737.7
   20089.2
   20532.7
   20599.4
   20936.2
   21251.1
   21525.7
   21666.9
   21954.5
   21966.0
   22369.5
   22458.8
   22529.7
