      17.6
     522.7
     622.0
     786.0
    1297.9
    1425.2
    1669.4
    1903.7
    2556.2
    2839.0
    3032.1
    3234.6
    3322.6
    3468.0
    3821.5
    4014.5
    4460.1
    4507.5
    4922.5
    5241.0
    6363.5
    6560.9
    7081.9
    7103.5
    7168.8
    7240.6
    7351.6
    7556.5
    7567.6
    7816.9
    7880.6
    7907.8
    8484.3
    8606.7
    9128.2
    9133.7
    9356.8
    9592.4
    9602.4
    9628.5
    9697.9
    9895.1
   10572.7
   10877.8
   11441.2
   12048.2
   12816.1
   12893.1
   13176.5
   13188.2
   13551.8
   13598.9
   13607.6
   14709.4
   15054.2
   15167.5
   15328.4
   15387.7
   15399.9
   15409.6
   15689.8
   15764.6
   16029.3
   16368.6
   16616.3
   16861.8
   16963.8
   17064.4
   17125.1
   17205.2
   17313.9
   17477.9
   17492.7
   17539.5
   17785.1
   18016.8
   18049.0
   18268.5
   18435.1
   18750.0
   19004.5
   19071.5
   19343.5
   19471.4
   20065.8
   20085.3
   20120.9
   20279.2
   20403.3
   20408.0
   20456.1
   20594.2
   20793.4
   20824.9
   20844.5
   21009.9
   21216.9
   21517.4
   21571.4
   21635.8
   21636.7
   21709.4
   22102.5
   22104.8
   22744.4
   22812.6
   22843.4
