      25.7
     191.0
     208.0
     553.8
     565.2
     862.7
     892.4
    1053.4
    1089.4
    1247.2
    1447.4
    1779.0
    2035.0
    2162.6
    2201.0
    2488.3
    2780.0
    2979.4
    4113.1
    4263.2
    4356.2
    4507.1
    4726.8
    4918.0
    5835.9
    6009.1
    6025.6
    6356.2
    6755.8
    6820.3
    6894.2
    7028.6
    7042.4
    7044.7
    7153.1
    7194.4
    7481.0
    7489.3
    7607.7
    7657.9
    7866.6
    8170.2
    8934.7
    9036.8
    9445.9
    9896.1
   10094.9
   10434.4
   10664.3
   11072.7
   11142.5
   11247.5
   11621.0
   11637.5
   11695.4
   11915.1
   12000.2
   12101.2
   12228.8
   12359.9
   12474.9
   12537.1
   12540.9
   12852.0
   12869.6
   13032.4
   13254.2
   13389.0
   13504.6
   13507.9
   13518.6
   13602.1
   13613.1
   13631.5
   13718.7
   13835.5
   14405.6
   14493.1
   14743.1
   15080.4
   15757.3
   15868.3
   16335.8
   16419.7
   16592.1
   16852.6
   17212.7
   17298.3
   17305.5
   17823.0
   17841.7
   17902.9
   17974.5
   18077.8
   18148.2
   18451.1
   18758.7
   18870.8
   18889.8
   19031.3
   19707.5
   19754.1
   19947.8
   20118.2
   20136.2
   20429.2
   21031.6
   21370.9
   21614.1
   22287.2
   22642.9
   22942.0
