       6.1
     201.7
     573.3
     575.0
     581.5
    1121.6
    1147.8
    1155.3
    1313.8
    1325.0
    1382.2
    1546.6
    1818.9
    2053.3
    2555.5
    2566.2
    2864.0
    2916.0
    3972.0
    4169.3
    4259.7
    4678.6
    4844.0
    5088.4
    5585.9
    5598.6
    5677.8
    6082.5
    6423.3
    6440.5
    6605.7
    6633.9
    6732.5
    6968.6
    7084.4
    7240.7
    7264.1
    7300.2
    7594.8
    7834.3
    7840.2
    7927.3
    8116.6
    8770.2
    8818.6
    9013.2
    9268.1
    9379.7
    9652.8
    9713.6
   10246.9
   10478.8
   10529.2
   10532.0
   10607.0
   10994.8
   10996.8
   11770.3
   12154.0
   12170.7
   12474.0
   12529.8
   12614.3
   12839.9
   12843.8
   13026.4
   13100.8
   13243.1
   13411.6
   13451.3
   13730.0
   14066.0
   14077.3
   14299.0
   14469.1
   14596.5
   14652.9
   15279.3
   15593.1
   16010.3
   16604.9
   16724.6
   16919.3
   17032.4
   17138.9
   17184.3
   17200.9
   17641.4
   17732.9
   18037.1
   18351.3
   18672.1
   19263.4
   19272.2
   19279.1
   19368.7
   19375.5
   19494.7
   20594.1
   20594.4
   20744.9
   20868.3
   20936.6
   21020.2
   21787.0
   22367.8
   22475.4
   22669.4
   22954.6
