      38.9
      58.2
     231.3
     415.9
     516.3
     595.8
    1341.0
    1470.9
    1509.8
    1795.2
    1884.7
    2038.2
    2069.0
    2108.5
    2132.6
    2176.0
    2263.9
    2284.8
    2819.6
    3036.8
    3045.1
    3487.0
    3519.1
    3635.0
    3888.6
    4012.7
    4247.9
    4329.6
    4486.1
    4564.7
    4737.7
    4798.9
    5134.9
    5376.7
    5420.6
    5452.2
    5503.3
    5819.0
    6211.9
    6403.0
    6491.5
    6643.8
    6905.4
    7075.8
    7319.3
    7539.1
    8045.0
    8255.0
    8652.3
    8664.6
    8921.1
    8945.5
    9127.1
    9358.8
   10020.9
   10022.4
   10041.9
   10219.9
   10491.4
   10558.3
   11012.2
   11347.6
   11575.3
   11879.7
   12089.0
   12131.9
   12556.6
   12572.4
   13017.8
   13308.8
   13320.5
   13440.4
   13958.5
   14040.9
   14949.2
   15214.6
   15308.2
   15430.0
   15628.2
   16050.2
   16169.4
   16247.6
   16322.5
   16741.0
   16746.3
   17466.7
   17540.4
   17716.4
   17861.1
   17894.4
   18003.6
   18548.3
   18576.5
   19082.8
   19613.4
   19805.3
   19903.4
   19944.8
   20533.4
   20652.1
   20889.1
   21130.1
   21424.6
   21455.2
   21743.7
   21795.2
   21807.2
   21838.6
   21899.2
   21942.0
   22624.5
