     570.4
     605.0
     805.2
     910.5
    1081.7
    1166.8
    1322.7
    1464.5
    2257.8
    2277.7
    2398.8
    3096.6
    3277.6
    3294.4
    3332.9
    4299.6
    4330.8
    4489.9
    4582.9
    4736.9
    4755.1
    4924.4
    5284.0
    5584.0
    5781.8
    5804.0
    6146.1
    6214.1
    6235.4
    6732.5
    7067.9
    7209.0
    7860.5
    7992.8
    8307.8
    8351.5
    8471.5
    8472.3
    8756.6
    9126.3
    9286.6
    9313.3
   10056.0
   10148.1
   10213.2
   10647.4
   10909.2
   11157.5
   11250.2
   11296.0
   11441.6
   11589.4
   11607.3
   11809.9
   11883.1
   12001.2
   12530.4
   12567.3
   12756.2
   13180.4
   13290.4
   13587.2
   13883.5
   14037.7
   14091.1
   14151.0
   14225.8
   14740.0
   14756.1
   14772.6
   14940.1
   15105.4
   15142.0
   15274.1
   15729.6
   15755.4
   16124.4
   16472.6
   16549.2
   16803.1
   16812.7
   16906.3
   16943.5
   17027.5
   17200.1
   17212.8
   17239.5
   17392.9
   17660.5
   17668.7
   17837.9
   18047.3
   18200.6
   18208.1
   18291.3
   18347.4
   18483.3
   18516.2
   18956.6
   19169.5
   19228.6
   19541.9
   19587.3
   19749.1
   19827.1
   19890.5
   19947.5
   20133.3
   20316.7
   20415.8
   20527.1
   20688.9
   21452.9
   21771.2
   22057.0
   22441.5
   22450.8
   22489.5
   22550.0
   22962.0
