     278.7
     322.0
     442.2
     530.4
     580.9
     664.9
     817.4
     959.4
    1046.8
    1246.9
    1526.2
    1981.1
    2734.5
    3332.9
    3407.1
    3479.3
    3583.6
    3696.7
    4028.9
    4111.1
    4154.2
    4363.3
    4534.3
    4670.9
    4932.0
    5428.5
    5614.3
    5856.1
    5951.3
    6026.2
    6057.0
    6573.3
    6732.5
    6778.4
    6922.5
    6951.7
    7374.9
    7679.3
    7805.4
    7811.7
    7815.6
    7990.0
    8089.7
    8090.3
    8933.8
    9059.2
    9102.0
    9175.0
    9300.8
    9622.1
    9630.1
    9791.7
    9947.7
   10117.4
   10824.1
   10906.4
   10967.0
   11068.7
   11340.4
   11607.2
   11910.6
   12124.5
   12154.9
   12367.7
   12456.3
   12758.1
   12987.2
   13119.3
   13300.5
   13884.0
   13935.9
   14032.4
   14043.5
   14059.3
   14082.1
   14173.6
   14844.1
   14889.4
   15041.4
   15194.3
   15206.0
   15240.1
   15486.5
   15585.1
   15631.1
   15707.9
   15972.7
   16023.7
   16029.5
   16235.8
   16491.7
   16621.3
   16660.0
   16751.7
   17054.0
   17446.7
   17872.6
   17900.2
   18086.3
   18230.3
   18316.3
   18387.9
   18582.5
   18718.8
   18722.8
   18874.2
   19071.5
   19109.6
   19806.5
   19892.7
   20045.8
   20053.8
   20056.8
   20601.3
   20695.1
   20762.9
   20876.3
   20924.5
   20946.3
   21015.8
   21022.7
   21237.3
   21355.7
   21433.8
   21448.9
   21561.0
   21834.2
   21918.2
   22197.7
   22283.4
   22376.1
