     666.8
     893.1
    1219.9
    1376.4
    1475.7
    1620.1
    1811.1
    1882.9
    2135.3
    2162.8
    2338.4
    2342.3
    2468.9
    2542.4
    2669.4
    2890.8
    3302.4
    3535.5
    3713.5
    4364.0
    4647.6
    4967.2
    5717.5
    6190.4
    6257.7
    6469.8
    6858.4
    6876.4
    7101.0
    7312.1
    7339.0
    7405.9
    7821.9
    8754.6
    9254.2
   10016.9
   10119.9
   10146.5
   10171.2
   10371.6
   10780.1
   10972.7
   11037.2
   11447.3
   11614.0
   11642.6
   11841.1
   11863.0
   12151.7
   12239.6
   12345.8
   12497.6
   12877.8
   13095.6
   13213.1
   13486.3
   13656.2
   13840.6
   13841.5
   14141.3
   14249.5
   15012.4
   15210.0
   15275.1
   15752.0
   16132.0
   16226.7
   16802.0
   16802.4
   17044.3
   17047.6
   17105.7
   17792.1
   18178.1
   19102.2
   19510.7
   19859.6
   19934.0
   20014.2
   20214.8
   20779.2
   21063.7
   21150.2
   21375.1
   21376.9
   21463.9
   21602.1
   21619.6
   21669.5
   21938.4
   21959.2
   22015.8
   22557.9
   22589.7
