     453.1
     787.6
     847.8
     974.3
    1046.2
    1337.5
    1540.0
    1616.6
    1679.2
    1891.3
    1922.7
    2193.0
    2218.9
    2315.6
    2814.8
    3095.3
    3160.6
    3267.6
    3289.8
    3385.8
    3452.8
    3526.9
    3794.5
    4029.7
    4072.5
    4167.5
    4232.3
    4664.6
    4942.3
    5218.6
    5300.2
    5438.7
    5524.6
    5695.6
    5912.3
    6235.2
    6407.3
    6535.7
    6683.5
    6789.4
    6934.4
    7133.6
    7292.2
    7720.0
    7904.9
    7922.3
    8314.9
    8444.6
    8661.6
    8908.7
    9091.4
    9113.4
    9292.6
    9378.3
    9807.9
    9808.7
    9881.7
   10060.1
   10202.3
   10281.9
   10614.8
   10638.6
   10670.7
   10916.8
   10919.9
   11416.4
   11443.1
   11807.3
   11899.7
   12117.1
   12587.7
   13051.4
   13124.0
   13160.7
   13550.2
   13552.9
   13572.6
   14154.6
   14198.0
   14349.7
   14469.6
   14596.5
   14691.5
   14844.4
   14926.5
   15039.7
   15635.6
   16008.8
   16150.0
   16229.5
   16427.5
   16513.0
   16542.3
   16661.6
   16835.1
   17028.8
   17098.9
   17223.7
   17350.4
   18030.6
   18154.2
   18167.9
   18347.4
   18384.1
   18474.2
   18762.1
   19393.2
   19472.6
   19538.2
   19670.6
   19852.1
   20393.4
   20535.1
   20780.4
   20813.6
   20929.0
   21176.7
   21181.4
   21292.5
   21554.6
   21594.8
   21724.2
   21972.8
   21975.7
   22275.5
   22467.2
   22646.8
   22731.4
   22948.5
