     391.6
     707.7
     745.4
     815.6
    1324.6
    1673.1
    1697.6
    1705.9
    1707.3
    1793.2
    1910.6
    1982.4
    2422.6
    2730.5
    2983.2
    3459.6
    3481.2
    3580.8
    3839.1
    3864.3
    4212.4
    4820.4
    5334.7
    5350.2
    5698.2
    5871.8
    6060.9
    6157.5
    6314.8
    6629.0
    6737.9
    6911.9
    7099.5
    7455.9
    7634.1
    7656.5
    8413.4
    8428.3
    8456.5
    9112.8
    9656.5
    9753.6
    9856.4
    9870.3
   10170.3
   10288.4
   10418.6
   10419.5
   10476.5
   10564.7
   10892.6
   10992.4
   11131.5
   11465.9
   11674.7
   11841.2
   11929.7
   12176.5
   12247.0
   12273.6
   12927.0
   13082.8
   13195.6
   13988.6
   14369.1
   14804.1
   14992.2
   15130.6
   15340.7
   15526.5
   15555.6
   15647.7
   15843.4
   15923.5
   16526.6
   16780.8
   17053.4
   17768.1
   17860.0
   18268.7
   18556.3
   18801.6
   18985.5
   19182.2
   19446.9
   19840.5
   19859.1
   20150.0
   20152.5
   20287.2
   20829.2
   20863.4
   21158.5
   21371.7
   21415.1
   21579.3
   21683.6
   21731.2
   21761.0
   22047.9
   22225.3
   22986.5
