     163.2
     376.0
     396.5
     620.4
     710.9
     725.2
    1054.7
    1106.9
    1135.0
    1562.9
    1570.9
    2073.6
    2111.0
    2114.2
    2232.1
    2421.5
    2995.6
    3097.5
    3407.3
    4136.8
    4176.4
    4179.5
    4185.6
    4205.6
    4389.3
    4412.2
    4660.5
    4672.7
    4678.6
    5311.7
    5499.2
    5521.3
    6113.6
    6216.0
    6595.6
    6809.5
    6916.8
    7095.3
    7518.4
    7548.4
    7699.6
    7736.9
    8015.0
    8592.8
    8637.9
    8792.7
    8943.8
    8955.3
    9133.1
    9382.8
    9810.8
   10189.5
   10602.2
   11384.9
   11423.5
   11686.7
   12158.1
   12553.0
   12586.0
   12841.3
   13088.7
   13092.2
   13326.7
   13457.9
   13491.7
   14001.5
   14130.8
   14222.2
   14510.3
   14560.0
   14710.2
   15034.7
   15410.1
   15496.7
   15639.9
   15814.2
   16131.4
   16288.1
   16553.8
   16737.4
   16756.7
   16821.7
   16827.9
   16921.8
   16990.3
   17160.7
   17376.7
   17459.1
   17979.5
   17989.7
   18449.1
   18588.3
   18654.3
   19121.5
   19201.4
   19874.0
   20371.8
   20657.1
   20697.6
   21209.2
   21212.2
   21517.0
   21877.3
   22021.9
   22064.0
   22643.0
   22728.3
   22853.2
   22866.1
   22880.6
