      43.0
     217.0
     362.8
     607.5
    1114.5
    1440.9
    1473.3
    1735.2
    1748.0
    2058.1
    2637.5
    2840.5
    2996.5
    3329.6
    3666.6
    3828.7
    3871.1
    4006.9
    4248.9
    4380.8
    4440.3
    4649.3
    4802.5
    4979.5
    4986.3
    6274.6
    6466.6
    6467.2
    6571.6
    6663.8
    6760.5
    7212.5
    7686.7
    7760.7
    7792.8
    8011.2
    8051.5
    8066.3
    8089.5
    8195.1
    8326.0
    8914.1
    9481.0
    9725.8
   10380.6
   10448.5
   10575.7
   10731.3
   10827.3
   11323.4
   11463.6
   11781.4
   12404.7
   12812.2
   12833.5
   13083.8
   13234.9
   13449.3
   13456.9
   13543.0
   13966.0
   14340.4
   14394.4
   14926.1
   14966.2
   14977.6
   15169.1
   15245.2
   15304.4
   15330.8
   15448.9
   15500.8
   15549.7
   15846.4
   16074.9
   16290.9
   16303.2
   16900.9
   16998.5
   17070.1
   17251.2
   17917.4
   17948.2
   18334.0
   18769.3
   18776.5
   18851.8
   19011.0
   19104.3
   19136.0
   19187.5
   19293.8
   19327.2
   19656.9
   19955.1
   19981.1
   20124.7
   20611.4
   21523.5
   21574.6
   21979.2
   22013.3
   22486.4
   22495.9
   22513.7
   22535.1
   22791.3
