      73.4
     272.3
     524.8
    1061.9
    1078.3
    1117.3
    1170.6
    1510.1
    2113.8
    2448.9
    2560.1
    2854.4
    2986.0
    3032.2
    3201.0
    3217.9
    3401.4
    3431.5
    3461.1
    3760.0
    3808.1
    3878.9
    4124.2
    4299.1
    5038.3
    5062.9
    5435.8
    5571.5
    5643.1
    5675.5
    5688.2
    5844.7
    5875.7
    6136.3
    6190.7
    6868.0
    7404.4
    7772.3
    8135.1
    8702.8
    8851.0
    9029.2
    9287.8
    9514.1
    9780.6
    9821.2
    9998.8
   10081.3
   10176.3
   10754.1
   11083.7
   11122.2
   11134.7
   11420.9
   12800.7
   12844.5
   12860.8
   13558.3
   14003.6
   14144.6
   14224.0
   14344.0
   14823.8
   14968.4
   15150.9
   15196.2
   15313.9
   15395.6
   16623.0
   16916.9
   17013.8
   17421.9
   17424.4
   17468.0
   17514.2
   17858.0
   17903.3
   18271.6
   18310.0
   18431.9
   18860.8
   20020.8
   20166.0
   20625.7
   20923.6
   21025.2
   21221.7
   21350.2
   21625.2
   22296.5
   22342.4
   22365.2
