     147.9
     268.4
     323.4
     433.7
     704.5
     732.7
     751.0
     779.5
     943.8
    1314.2
    1477.4
    1744.3
    2755.7
    2798.3
    2848.0
    3371.5
    3509.0
    3522.7
    3801.4
    3816.7
    4018.0
    4411.5
    4951.8
    5209.5
    5287.6
    5344.4
    6463.6
    6498.8
    6926.9
    7294.4
    7438.9
    7620.1
    7917.8
    7992.5
    8622.3
    8736.7
    9018.3
    9818.8
    9845.8
   10339.2
   10560.7
   10909.3
   10997.6
   11009.5
   11093.5
   11279.9
   11561.7
   12256.7
   12661.0
   12805.4
   13110.5
   13292.1
   13356.1
   13370.3
   13380.1
   13734.9
   14274.6
   14735.6
   14858.1
   14951.1
   15349.3
   15441.2
   15471.1
   15502.5
   15554.7
   15661.9
   15723.6
   15768.8
   15830.6
   15843.1
   16166.9
   16561.5
   16574.6
   16613.2
   17164.2
   17183.7
   17472.6
   17584.5
   17595.9
   17781.1
   18462.2
   18596.4
   18600.7
   18660.6
   18908.6
   19021.0
   19263.8
   19703.5
   20214.2
   20258.4
   20712.5
   20960.2
   21035.5
   21053.9
   21416.2
   21572.9
   21673.6
   21764.3
   21860.4
   21995.0
   22438.6
   22719.0
   22990.9
