      78.0
      87.1
     300.7
     419.6
     423.0
     898.0
     937.9
    1163.9
    1417.4
    1505.6
    1663.3
    1908.7
    2381.8
    2442.5
    2515.5
    2551.0
    2616.2
    2668.8
    2685.4
    3018.7
    3199.2
    3221.4
    3415.4
    3593.9
    3661.3
    4400.6
    4450.0
    4552.0
    4628.9
    5056.6
    5601.8
    5821.3
    5829.1
    6322.7
    6342.7
    6530.4
    6586.5
    6798.5
    6817.9
    6885.9
    7599.6
    7600.2
    7838.1
    7918.2
    7961.2
    8434.4
    8530.6
    8672.6
    8691.1
    8696.8
    8937.0
    8989.9
    9069.9
    9168.2
    9190.4
    9466.2
    9763.0
    9790.0
   10212.1
   10408.5
   10424.9
   10483.9
   10833.9
   11159.5
   11187.1
   11239.4
   11447.2
   11574.9
   11587.7
   11796.9
   11900.7
   11971.6
   12117.6
   12210.9
   12499.3
   12980.7
   13144.9
   13234.1
   14597.8
   14736.7
   14966.1
   15084.7
   15537.2
   15690.0
   15806.3
   15840.4
   16370.9
   16496.7
   16500.9
   16633.7
   16825.3
   17046.8
   17550.5
   17563.0
   17828.8
   17973.1
   17979.7
   17989.7
   18346.4
   18506.8
   18771.3
   18971.3
   18995.7
   19173.2
   19558.6
   20587.2
   20921.3
   21166.6
   21342.7
   21397.5
   21421.6
   21775.5
   21844.7
   21875.5
   22573.9
