     416.0
     718.6
     858.4
    1257.6
    1324.6
    2049.9
    2253.1
    2309.3
    2327.2
    2573.6
    2633.4
    2760.9
    3216.8
    3261.0
    3349.4
    3425.5
    3504.5
    3505.5
    3813.4
    4188.1
    4304.9
    4611.1
    4769.3
    4900.9
    4909.1
    5445.6
    5757.4
    5966.4
    6233.6
    6313.4
    6322.0
    6643.6
    6747.0
    7214.5
    7255.3
    7271.4
    7381.8
    7445.6
    7582.3
    7613.8
    7823.2
    8030.4
    8112.9
    8205.5
    8242.3
    9091.9
    9135.6
    9156.5
    9483.6
    9517.0
    9534.8
    9980.7
   10009.7
   10767.1
   10815.1
   10865.8
   10982.7
   11149.7
   11184.9
   11217.2
   11314.4
   11330.8
   11824.0
   11847.9
   11882.6
   12145.3
   12290.7
   12542.3
   12695.3
   13231.8
   13585.0
   13765.8
   13895.3
   13950.8
   13981.1
   14134.0
   14555.1
   14615.9
   14843.7
   14859.8
   14985.3
   15012.5
   15333.2
   15405.7
   15624.2
   15640.1
   15983.0
   16158.2
   16168.8
   16372.1
   16413.7
   16443.9
   16551.2
   16800.0
   16857.7
   16978.8
   17145.3
   17294.5
   18002.9
   18030.7
   18223.8
   18281.9
   18513.4
   18529.2
   18601.0
   18831.4
   19194.6
   19572.4
   19612.9
   20716.1
   20774.1
   21089.0
   21494.0
   21558.4
   21561.8
   21680.1
   21827.6
   22002.8
   22072.9
   22288.4
   22473.3
   22642.6
