     239.7
     281.4
     604.8
     965.9
    1229.1
    1233.2
    1887.5
    2227.8
    2654.6
    3698.2
    4130.9
    4620.6
    4829.9
    4840.0
    5032.4
    5082.6
    5534.6
    5584.3
    5662.8
    5753.9
    5817.4
    6121.8
    6226.6
    6338.8
    6415.5
    6557.5
    6690.9
    6769.6
    6884.1
    7187.5
    7216.0
    7670.9
    7707.3
    7720.1
    8035.2
    8070.6
    8117.8
    8277.4
    9123.5
    9254.0
    9466.7
    9634.1
    9737.2
    9782.3
    9928.8
   10034.9
   10170.4
   10438.6
   10545.4
   10768.1
   10959.5
   11415.2
   11460.3
   11628.3
   11654.5
   12055.1
   12135.5
   12185.4
   12821.7
   13312.3
   13438.2
   13628.4
   14001.7
   14032.9
   14074.7
   14408.9
   14871.8
   15083.2
   15492.3
   16968.7
   17032.1
   17051.9
   17108.7
   17505.1
   17620.1
   18041.7
   18089.0
   18102.1
   18943.9
   19070.8
   19098.7
   19288.9
   19322.8
   19333.7
   19784.5
   19829.3
   19975.6
   20335.6
   20410.6
   20416.8
   20555.8
   20556.0
   21187.7
   21504.3
   21543.4
   21819.3
   21956.7
   22025.6
   22290.0
   22683.3
