     487.9
     667.0
     783.1
    1066.0
    1160.9
    1204.7
    1744.2
    1777.1
    1841.2
    1878.9
    1919.0
    2441.5
    2445.7
    2557.0
    2882.9
    2909.1
    2922.8
    2980.6
    3073.6
    3852.9
    3953.6
    4490.8
    4510.6
    4861.2
    4951.6
    5325.2
    5549.4
    5868.2
    5930.2
    5946.0
    6037.6
    6131.2
    6601.0
    6677.1
    6907.6
    7026.5
    7108.6
    7346.7
    7918.9
    8090.7
    8324.9
    8344.5
    8434.0
    8974.9
    9347.9
    9449.7
    9530.7
    9703.0
   10138.9
   10277.3
   10598.0
   10731.4
   11118.6
   11224.3
   11936.7
   12196.6
   12395.8
   12828.6
   13265.4
   13339.9
   13350.4
   13405.0
   13454.7
   13464.6
   13716.4
   13741.1
   13774.4
   14084.0
   14240.6
   14445.0
   14719.4
   14826.6
   14847.7
   15465.6
   15490.4
   15623.1
   15715.6
   15741.4
   16161.2
   17601.3
   18012.3
   18102.0
   18169.7
   18207.6
   18223.5
   18235.4
   18285.2
   18426.7
   18451.5
   18796.7
   19403.8
   19513.0
   19655.7
   19732.0
   19806.6
   20192.0
   20217.1
   20331.5
   20415.9
   20959.1
   21522.9
   21855.1
   22299.6
   22339.3
   22760.2
