      77.9
     319.1
     575.9
     886.9
     942.4
    1443.9
    1840.0
    2088.5
    2216.6
    2307.8
    2407.1
    2450.4
    2805.4
    2861.4
    3753.0
    3770.3
    3800.7
    3838.5
    3908.1
    4453.2
    4793.8
    5488.9
    5603.0
    5680.4
    5777.7
    5786.1
    6376.7
    7545.7
    7800.9
    8829.5
    8880.4
    9118.3
    9349.3
    9573.0
    9903.8
    9972.5
   10362.4
   10462.5
   10536.3
   10591.1
   10660.3
   10824.7
   11107.6
   11156.5
   11262.2
   11319.9
   11430.1
   11439.3
   11683.5
   11848.3
   11994.8
   12160.5
   12165.5
   12371.2
   12378.9
   12631.7
   12682.0
   12959.9
   13934.7
   13986.2
   14080.0
   14299.9
   14360.1
   14512.2
   14596.9
   14629.1
   14793.7
   14978.4
   15084.3
   15173.1
   15373.4
   15490.1
   15785.8
   15822.4
   15871.9
   16077.8
   16260.3
   16510.3
   16632.3
   17055.6
   17289.9
   17355.4
   17516.8
   17544.0
   17573.2
   17916.4
   18281.6
   18494.0
   18829.8
   18981.6
   19049.5
   19231.8
   19336.5
   19597.4
   19629.8
   20080.4
   20247.3
   20344.9
   20618.1
   20885.0
   20969.3
   21058.4
   21088.4
   21253.7
   21284.5
   21517.1
   21640.9
   22260.1
   22308.4
   22485.7
   22563.4
   22942.7
