     122.0
     222.9
    1523.3
    1595.2
    1686.6
    1875.1
    2021.6
    2252.2
    2276.9
    2429.1
    2574.8
    2840.5
    3134.0
    3190.3
    3420.9
    3617.4
    3659.7
    4056.1
    4186.8
    4387.2
    4508.4
    4818.3
    4936.5
    5186.5
    5240.5
    5450.3
    5510.8
    6052.9
    6274.4
    6523.0
    6556.0
    6620.3
    6741.5
    6957.4
    7093.4
    7148.8
    7460.1
    7491.8
    7642.0
    7825.9
    8362.2
    8674.4
    9084.8
    9540.5
    9893.1
   10145.5
   10259.8
   10802.8
   10905.5
   11003.5
   11080.2
   11377.4
   11462.1
   12014.8
   12312.7
   12456.5
   12484.2
   12507.6
   12733.6
   13537.5
   13559.3
   13751.6
   13902.5
   14089.9
   14275.1
   14296.7
   14956.4
   15209.5
   15447.6
   15625.2
   15642.1
   15862.5
   16112.0
   16623.6
   16803.4
   16809.1
   16945.1
   17852.1
   17976.0
   18479.0
   18868.1
   19064.9
   19095.7
   19171.4
   19189.6
   19200.3
   19233.4
   19591.0
   19605.5
   19765.8
   19823.8
   19855.9
   20256.9
   20333.4
   20374.9
   20630.7
   20850.0
   21174.1
   21291.4
   22628.8
   22705.2
