      13.3
     270.6
     325.3
     367.1
     472.5
     480.9
    1057.1
    1072.5
    1239.4
    1666.7
    1992.0
    1992.5
    2001.5
    2125.0
    2421.4
    2559.5
    3195.4
    3213.5
    3577.4
    4008.4
    4172.7
    4435.1
    4519.5
    5044.1
    5359.1
    5399.5
    5615.4
    5691.1
    6429.9
    6702.0
    6801.0
    6822.0
    6844.4
    6999.3
    7062.4
    7312.9
    7604.0
    7983.3
    8005.3
    8024.5
    8445.2
    9324.3
    9512.6
    9903.7
    9941.6
    9972.9
   10084.9
   10109.6
   10173.6
   10651.9
   10720.1
   10762.2
   10856.9
   11024.1
   11240.6
   11763.7
   11871.5
   11991.3
   12209.9
   12497.8
   12900.3
   13329.3
   13397.4
   13405.2
   13545.7
   13660.6
   13686.6
   13813.0
   14190.7
   14220.1
   14428.6
   14484.1
   14811.8
   15117.0
   15386.2
   15398.2
   15480.6
   15667.8
   15887.6
   15937.7
   15976.5
   16544.0
   16964.0
   17555.8
   17615.7
   17909.8
   18186.5
   18319.0
   18376.0
   18561.5
   19046.8
   19419.3
   19440.3
   19553.8
   19840.6
   20067.9
   20173.0
   20660.0
   20874.4
   20905.5
   20953.3
   21337.5
   22477.5
   22964.6
