      99.2
     597.5
     615.5
     742.5
     745.1
     880.0
    1038.1
    1049.9
    1080.8
    1566.8
    1767.9
    1852.1
    2334.7
    2465.9
    2682.7
    2810.1
    2970.4
    3154.9
    3266.3
    3900.3
    4177.5
    4391.5
    4487.2
    4679.3
    4922.5
    5332.7
    6195.6
    6294.2
    6651.8
    6976.9
    7075.7
    7196.4
    7416.9
    7478.0
    7528.6
    7600.8
    7698.2
    8330.6
    8385.4
    8423.6
    8516.8
    8527.0
    9418.6
    9560.4
    9581.1
    9652.9
    9781.6
   10087.5
   10150.9
   10253.8
   10293.3
   10352.4
   10425.3
   10765.8
   11028.3
   11094.0
   11500.0
   11528.7
   12344.5
   12395.9
   12410.7
   12420.3
   12502.5
   12587.6
   12718.8
   13031.8
   13035.3
   13093.0
   13314.6
   13815.2
   14708.7
   15054.3
   15341.3
   15954.8
   16131.9
   16287.5
   16387.6
   16661.1
   16711.0
   17186.8
   17332.0
   17490.1
   17801.0
   18498.6
   18659.9
   19258.9
   19697.1
   19846.4
   19984.0
   20284.8
   20343.5
   20748.4
   20792.7
   21049.0
   21125.9
   21315.5
   21424.7
   21534.1
   21698.6
   21822.7
   21876.6
   21934.9
   22133.9
   22234.1
   22846.0
   22953.3
