     237.2
     572.0
     685.2
    1353.2
    1371.5
    1412.7
    1603.4
    1862.1
    1979.8
    2079.9
    2350.8
    2653.7
    2695.3
    3037.7
    3110.7
    3224.0
    3252.7
    3696.9
    3704.5
    4059.2
    4120.6
    4176.4
    4260.8
    4383.3
    4451.8
    5021.9
    5119.8
    5127.0
    5272.4
    5278.4
    5291.2
    5481.3
    5528.3
    5647.8
    5784.8
    6087.6
    6138.1
    6202.4
    6240.7
    6323.3
    6435.6
    6510.3
    6806.7
    6873.0
    7214.0
    7504.1
    8071.9
    8256.6
    9006.2
    9298.9
    9629.2
    9943.1
    9984.6
   10104.9
   10195.6
   10418.8
   10673.2
   11005.9
   11879.9
   12078.3
   12094.5
   12442.1
   12579.7
   12856.5
   13184.2
   13389.6
   13421.3
   13477.0
   13627.6
   13710.5
   14043.8
   14302.2
   14343.1
   14632.4
   14837.1
   14979.6
   15248.5
   15394.3
   15616.7
   15683.9
   15868.4
   15928.1
   16017.2
   16425.8
   16899.1
   17027.1
   17369.2
   17677.3
   17869.8
   18153.0
   18458.2
   18465.5
   18645.5
   18841.9
   18951.6
   19044.1
   19819.1
   19884.5
   20003.6
   20133.7
   20150.0
   20214.5
   20332.7
   20413.9
   20615.5
   21142.5
   21172.9
   21222.7
   21324.0
   21392.2
   21537.4
   21542.8
   21588.7
   21762.5
   21901.4
   22310.5
   22367.6
   22376.2
   22812.8
