      60.6
     543.5
     670.8
     741.7
     753.9
     943.6
     978.7
    1107.2
    1353.7
    1377.4
    2016.7
    2348.4
    2361.6
    2398.2
    2620.8
    2823.0
    2857.1
    3521.0
    3565.0
    3785.4
    4516.1
    4534.3
    4587.6
    4766.4
    4972.7
    5007.4
    5311.6
    5355.3
    5492.5
    5496.5
    5919.6
    5940.8
    6142.1
    6310.0
    6333.4
    6364.0
    6715.7
    6780.7
    7272.8
    7278.0
    7305.2
    7355.5
    7420.5
    7499.9
    7762.6
    7903.0
    8109.2
    8252.7
    8329.9
    8532.3
    8615.5
    8777.3
    9202.0
    9354.4
    9486.0
    9908.5
   10539.3
   10716.2
   10753.4
   10900.7
   11005.9
   11422.3
   11515.9
   11733.9
   11827.0
   11910.5
   12129.8
   12313.3
   12751.9
   12860.5
   12860.8
   12981.8
   13213.4
   13288.8
   13386.2
   13716.4
   13767.6
   13810.6
   13882.0
   13910.4
   13918.3
   14002.1
   14030.8
   14107.2
   14237.8
   14252.6
   14473.1
   14539.0
   15333.5
   15411.4
   15896.6
   15910.7
   16239.6
   16280.9
   16889.1
   16946.8
   16959.1
   17050.9
   17351.1
   17355.1
   17376.9
   17591.8
   17721.0
   18316.2
   18551.0
   18682.6
   19015.7
   19331.0
   19791.1
   19833.3
   19856.8
   19986.3
   20324.2
   20349.3
   20498.2
   20624.1
   20981.5
   21383.0
   21710.1
   22664.4
   22819.5
   22932.6
   22965.8
   22969.2
