      41.0
     274.9
     756.6
     914.4
    1331.4
    1816.4
    2159.2
    2402.5
    2890.6
    2952.7
    3006.1
    3078.3
    3142.8
    3322.9
    3480.1
    3548.4
    3976.0
    4325.3
    4392.7
    4483.1
    4867.9
    5051.3
    5282.8
    5403.6
    5460.3
    6033.2
    6034.0
    6167.7
    6270.0
    6298.3
    6461.0
    6584.5
    6871.7
    6951.3
    7019.1
    7242.5
    7324.7
    7491.7
    7784.5
    7815.4
    7969.6
    8108.6
    8209.2
    8302.3
    8349.4
    8384.1
    8692.1
    9053.6
    9094.3
    9612.7
    9620.1
    9738.7
   10332.0
   10502.1
   10547.2
   10571.4
   10678.3
   10757.2
   11417.8
   11713.9
   11901.9
   12087.4
   12784.9
   13374.9
   13382.1
   13515.5
   13598.2
   13628.2
   13766.0
   14086.1
   14185.2
   14584.3
   14640.1
   14712.4
   15068.1
   15068.4
   15445.8
   15653.1
   15686.1
   15701.7
   15892.2
   15995.5
   16944.5
   17671.4
   17685.1
   18486.3
   18569.4
   18665.9
   18757.1
   18942.5
   19158.5
   20064.4
   20559.1
   20691.2
   20761.8
   21123.8
   21131.4
   21364.8
   21710.1
   21982.9
   22100.2
