     236.4
     272.5
     591.3
     864.1
     908.5
    1026.1
    1091.5
    1127.5
    1156.2
    1763.0
    1905.1
    1913.8
    2339.5
    2402.9
    2525.7
    2816.4
    3040.4
    3067.4
    3260.1
    3272.9
    3333.3
    3549.8
    4083.5
    4437.2
    4610.9
    5115.7
    5488.3
    5580.1
    5846.5
    5846.9
    5950.6
    6037.6
    6123.2
    6226.0
    6324.2
    6343.5
    6552.8
    6618.9
    6780.8
    6786.6
    6961.2
    7194.3
    7307.4
    7358.9
    7364.5
    7392.9
    7456.8
    8110.6
    8118.6
    8329.2
    8374.7
    8428.9
    8957.4
    9136.8
    9150.6
    9206.7
    9334.4
    9542.4
    9616.3
    9685.1
    9928.8
   10175.3
   10796.1
   10845.5
   10990.0
   11644.6
   11892.3
   12121.8
   12148.2
   12234.8
   12396.6
   12466.9
   12904.6
   12958.6
   13208.9
   13371.0
   13450.9
   13502.7
   13919.2
   13949.9
   13983.7
   14020.5
   14282.3
   14283.2
   14401.0
   14486.4
   14945.4
   14966.8
   14989.1
   15190.9
   15514.2
   15580.5
   15614.9
   15772.7
   15781.0
   15925.5
   15955.7
   16428.6
   16943.0
   16951.8
   16953.0
   17360.3
   17422.3
   18190.2
   18351.1
   18630.5
   18991.7
   19095.1
   19389.2
   19537.9
   19567.8
   19579.5
   20400.3
   20530.1
   20611.2
   20669.7
   20748.1
   20863.0
   21139.3
   21390.2
   21670.3
   21819.3
   21917.7
   21975.3
   22746.5
   22820.3
