      42.0
      45.1
      50.1
      51.9
     153.5
     248.8
     357.3
     967.0
    1103.8
    1309.9
    1325.3
    1369.5
    1414.6
    1446.6
    1933.6
    2077.0
    2121.3
    2337.8
    2405.0
    3053.7
    3413.6
    3679.1
    3890.5
    4250.9
    4410.3
    4432.9
    4508.5
    4527.9
    4582.8
    4845.5
    4886.6
    5824.1
    5941.7
    6231.1
    6383.0
    6428.7
    6737.2
    6742.1
    6993.6
    7411.5
    7587.9
    7757.7
    7760.4
    8101.5
    8195.0
    8317.3
    8401.1
    8443.1
    8589.0
    8730.0
    9034.7
    9240.0
    9313.8
    9470.4
    9509.6
    9573.4
   10128.4
   10321.8
   10718.0
   10887.3
   10935.2
   11210.8
   11592.0
   12008.4
   12109.3
   12194.8
   12363.3
   13093.9
   13171.2
   13327.6
   13371.6
   13432.7
   14021.4
   14073.2
   14175.9
   14437.3
   14521.3
   14812.1
   14905.8
   15093.3
   15256.1
   16160.4
   16382.6
   16514.8
   16523.2
   17152.2
   17303.1
   17333.5
   17549.7
   17610.7
   17666.9
   17912.6
   18024.0
   18109.3
   18148.4
   18776.3
   18806.5
   19102.8
   19582.2
   20253.5
   20451.9
   20705.3
   20750.0
   20985.2
   21454.3
   21622.7
   22800.8
   22912.7
