     728.5
     767.5
     789.9
     877.5
    1154.1
    1377.7
    1829.7
    2452.8
    2705.2
    2707.1
    2948.5
    3000.3
    3079.0
    3097.2
    3123.3
    3352.4
    3354.0
    3424.9
    3849.4
    4454.8
    4840.2
    4843.6
    4947.5
    5113.5
    5787.8
    5863.0
    6108.0
    6174.7
    6348.6
    7092.1
    7125.7
    7174.1
    7267.0
    7316.9
    7488.2
    7566.0
    7950.1
    8677.3
    8825.2
    9690.0
    9869.6
    9936.6
    9968.9
   10026.9
   10199.1
   10708.4
   11524.3
   11526.1
   11841.6
   11941.3
   11973.9
   12057.0
   12158.0
   12383.8
   12535.1
   12545.3
   12787.8
   13209.3
   13295.5
   13421.6
   13424.7
   13601.3
   13667.2
   13986.8
   13991.0
   14097.9
   14284.5
   14374.8
   14841.5
   15113.9
   15363.5
   15436.3
   16637.7
   16663.0
   16737.6
   17534.0
   17625.6
   17941.0
   18107.8
   18532.0
   18560.1
   18706.3
   19083.4
   19276.9
   19300.9
   19700.5
   19707.5
   19715.2
   19730.9
   19746.2
   19897.0
   19993.2
   20159.3
   20191.9
   20391.4
   20533.2
   20941.7
   21164.4
   21219.1
   21411.7
   21498.9
   21624.4
   21732.3
   22068.9
   22182.2
   22203.4
   22242.5
   22378.8
   22825.2
