     663.8
     685.8
     735.6
     800.8
    1686.6
    1688.3
    1848.6
    2156.7
    2207.8
    2405.3
    2695.5
    2963.2
    3395.2
    3469.4
    3497.2
    3519.3
    3539.7
    3557.2
    3756.2
    4358.5
    4452.3
    4459.6
    4659.8
    4788.3
    4801.6
    4902.4
    5168.8
    5189.1
    5407.0
    5428.4
    5440.2
    5453.0
    5613.0
    6257.5
    6282.6
    6900.0
    7025.6
    7151.1
    7229.6
    7296.5
    7401.7
    7410.4
    7446.5
    7515.7
    7540.5
    7645.9
    7699.8
    7938.0
    7988.5
    8073.5
    8149.8
    8217.9
    8255.7
    8287.7
    8330.9
    8439.7
    8543.5
    8733.9
    8784.1
    9156.3
    9225.2
    9541.7
    9549.4
    9663.5
    9725.2
    9935.7
   10321.6
   10365.2
   10459.2
   10470.2
   10514.1
   10726.9
   11004.1
   11066.9
   11538.4
   12010.2
   12300.3
   12314.0
   12443.7
   12544.7
   12604.6
   12779.8
   13205.5
   13541.7
   13715.0
   13735.4
   14124.3
   14130.0
   14181.3
   14182.7
   14296.2
   14528.6
   14627.7
   14874.4
   15427.8
   15453.9
   15592.5
   15777.8
   15953.3
   15971.1
   16102.9
   16639.8
   16688.3
   16822.8
   16915.1
   16947.2
   16985.3
   17030.0
   17376.8
   17481.9
   17613.1
   17923.3
   18102.8
   18845.9
   18880.9
   18963.8
   18989.8
   19417.7
   19566.9
   20320.9
   20647.3
   20896.4
   20898.9
   20903.0
   20965.2
   21012.3
   21331.1
   21357.0
   21759.9
   22394.7
   22968.1
