     184.4
     225.3
     262.5
     315.9
     317.8
     436.6
     585.6
     587.9
     904.7
    1341.8
    1365.0
    1554.2
    1829.2
    1832.1
    2136.2
    2151.3
    2704.2
    2875.4
    3296.1
    3338.9
    3353.2
    3595.3
    3765.8
    3958.7
    4159.0
    4498.6
    5185.5
    5745.3
    6004.3
    6047.9
    6233.9
    6880.3
    6892.7
    6936.7
    7426.6
    7805.5
    7953.9
    8354.1
    8667.0
    8858.1
    8960.0
    8966.1
    9168.9
    9574.7
    9605.4
    9644.6
    9675.4
   10165.1
   10450.4
   10535.5
   10598.6
   10679.0
   10833.8
   11063.2
   11219.5
   11495.4
   11542.5
   12179.0
   12285.0
   12302.1
   12421.5
   12501.1
   13302.9
   13436.1
   13865.3
   14016.2
   14152.0
   14207.0
   14487.2
   14495.0
   14657.3
   14823.0
   14841.6
   14899.7
   15277.7
   15314.2
   15356.2
   15386.3
   15388.2
   15388.5
   15420.1
   15704.6
   15730.7
   15809.2
   15981.4
   16005.7
   16286.9
   16403.2
   16868.7
   16962.4
   17237.0
   17408.0
   18136.5
   18780.5
   18798.6
   18799.0
   18931.5
   19097.1
   19953.2
   20286.1
   21134.1
   21309.4
   21424.2
   21485.9
   21709.2
   22079.3
   22107.7
   22109.7
   22124.1
   22640.3
   22880.8
   22948.5
   22974.8
