     291.1
     677.0
    1307.3
    1642.1
    1752.2
    2132.8
    2149.9
    2302.5
    3007.7
    3008.8
    3051.3
    3078.9
    3585.9
    3675.6
    3817.5
    3906.2
    4074.8
    4343.5
    4345.1
    4469.5
    4669.4
    4772.8
    4995.2
    5007.5
    5294.1
    5341.2
    5441.0
    5615.4
    5860.2
    6385.0
    6763.0
    7097.8
    7137.5
    7153.6
    7342.4
    7397.3
    7513.6
    7711.8
    7760.4
    7882.8
    7959.4
    8146.5
    8167.4
    8191.9
    8221.8
    8304.9
    9168.3
    9354.7
    9464.0
    9615.3
   10007.5
   10530.4
   10825.2
   10841.2
   10916.4
   10939.8
   11444.5
   11491.3
   11654.3
   11817.3
   11893.8
   11910.9
   11997.7
   12052.3
   12227.7
   12620.9
   12736.6
   12837.8
   13070.1
   13676.5
   13690.3
   13820.7
   14489.4
   14491.3
   14517.7
   14752.0
   15309.5
   15849.7
   15862.4
   15880.3
   16063.4
   16100.0
   16197.2
   16312.9
   16313.7
   16585.7
   17114.3
   17266.3
   17768.2
   18242.7
   18432.9
   18447.6
   18899.6
   19154.7
   19217.5
   19234.0
   19274.4
   19358.2
   19730.6
   19838.5
   19847.7
   20072.8
   20463.2
   20585.3
   20715.3
   20996.6
   21149.4
   21203.1
   21325.4
   21531.1
   21863.5
   21892.8
   22091.3
   22217.9
   22322.2
   22550.5
