       3.5
     111.8
     859.2
    1126.4
    1391.7
    1690.2
    1733.9
    1844.7
    1996.1
    2019.8
    2260.6
    2814.0
    2830.0
    2842.4
    3369.5
    3392.7
    3792.9
    3895.9
    3978.0
    4157.3
    4348.4
    4441.2
    4685.5
    4705.9
    4814.2
    5122.5
    5172.8
    5444.0
    6164.9
    6247.5
    6488.0
    6590.7
    6787.9
    6864.7
    7059.8
    7089.0
    7195.2
    7472.1
    7515.4
    7773.9
    8311.5
    8566.5
    8603.0
    8668.1
    8774.7
    9254.9
    9885.5
    9885.7
   10005.1
   10451.4
   10514.8
   11245.8
   11443.3
   11467.0
   11530.2
   11556.8
   11568.9
   12468.0
   12571.7
   13154.8
   13646.1
   13681.7
   13868.9
   14071.6
   14116.7
   14177.2
   14571.0
   14616.7
   14978.5
   14987.8
   15161.7
   15467.8
   15480.1
   15796.7
   15952.4
   16753.0
   16974.0
   16982.8
   17342.7
   17397.1
   18440.4
   18535.8
   18569.2
   18657.0
   18710.5
   18882.4
   18941.8
   19125.6
   19469.7
   19690.6
   19860.2
   19961.0
   20686.8
   20770.7
   20805.8
   21059.7
   21117.7
   21686.9
   21740.0
   21910.1
   22070.9
   22229.1
   22986.4
