     219.5
     500.7
     586.6
     789.6
     830.5
     940.5
    1276.4
    1607.5
    1987.7
    2743.5
    3963.2
    4204.0
    5064.3
    5156.4
    5557.7
    6253.7
    6350.4
    6614.6
    6621.6
    6754.5
    6906.9
    7075.6
    7237.0
    7246.3
    7768.3
    7851.0
    8096.0
    8216.3
    8617.0
    8877.5
    8900.2
    8997.2
    9045.1
    9248.3
    9436.8
    9586.1
    9677.8
    9901.1
   10030.1
   10248.3
   10737.9
   11250.9
   11257.3
   11375.6
   11588.5
   11618.3
   11650.4
   11970.9
   12701.4
   13022.0
   13371.8
   13959.3
   14449.9
   14598.9
   14609.8
   14911.2
   15087.5
   15178.1
   15266.6
   15789.5
   16135.1
   16144.5
   16278.4
   16375.0
   16397.6
   16484.6
   16493.3
   16760.0
   16805.2
   16888.3
   16985.2
   17077.4
   17442.9
   17555.5
   17760.4
   18045.5
   18346.8
   18561.4
   18843.8
   18858.8
   19035.8
   19085.3
   19175.1
   19193.3
   19236.7
   19695.6
   20253.2
   20323.4
   20591.3
   20751.1
   21095.0
   21508.5
   21813.8
   21851.8
   22230.4
   22334.6
