     213.3
     224.7
     283.7
     390.6
     874.2
    1518.8
    1714.3
    2105.7
    2119.3
    2214.1
    2343.5
    2409.2
    2625.8
    2785.9
    2907.5
    3410.9
    3629.7
    3765.4
    3775.3
    3812.4
    3820.9
    4333.3
    4631.7
    5273.9
    5699.4
    6558.4
    6644.8
    6983.5
    6988.7
    7480.5
    7577.0
    7989.7
    8317.8
    8559.9
    8582.4
    8854.0
    9195.5
    9235.6
    9353.4
    9536.1
    9893.0
    9895.6
   10292.5
   10490.4
   10708.1
   11105.5
   11373.5
   11802.2
   11842.4
   12042.0
   12274.6
   12290.8
   12303.5
   12354.2
   12461.2
   12470.6
   12734.3
   12876.0
   13857.2
   15266.7
   15421.7
   15658.2
   15677.3
   15704.4
   15798.5
   16003.9
   16028.8
   16338.9
   16753.2
   16848.3
   16976.4
   17513.6
   18201.4
   18226.7
   18340.3
   18398.5
   18436.8
   18437.4
   18520.7
   19243.8
   19665.3
   19701.4
   20670.1
   20694.5
   20799.2
   21364.9
   21772.5
   21965.8
   22110.8
   22383.3
   22487.7
   22502.1
   22803.8
   22966.5
