     541.4
     901.7
    1349.0
    1815.4
    1815.9
    2368.3
    2394.2
    2554.8
    2659.7
    2741.5
    2874.9
    2881.3
    3289.7
    3369.5
    3757.4
    3760.4
    3804.0
    3961.2
    4472.9
    4517.6
    4644.5
    4887.0
    5083.5
    5104.0
    5247.0
    5440.3
    5965.6
    5978.9
    6129.4
    6212.9
    6270.0
    6466.5
    6634.1
    7146.6
    7183.1
    7246.2
    7955.7
    8012.9
    8235.1
    8276.8
    8316.9
    8836.9
    8919.6
    8985.8
    9014.8
    9099.7
    9232.7
    9467.8
    9591.9
    9835.2
    9986.9
   10236.8
   10655.8
   10892.5
   11040.8
   11753.0
   12156.2
   12616.7
   13173.6
   13422.6
   13602.9
   13659.7
   13703.9
   13819.9
   13889.6
   13901.6
   14308.8
   14374.8
   14495.2
   14653.8
   14742.3
   14959.4
   15097.0
   15164.9
   15545.4
   15791.7
   16062.5
   16194.3
   16496.6
   16669.2
   16804.4
   16943.7
   16948.6
   17280.3
   18131.9
   18367.1
   18550.5
   18640.0
   18651.1
   18738.0
   18939.1
   18949.2
   19599.5
   19636.1
   19636.4
   19699.5
   19942.7
   20172.8
   20234.9
   20235.2
   20746.2
   20879.5
   20922.3
   20941.4
   21143.6
   21258.1
   21314.4
   21341.3
   21803.8
   22092.6
   22105.9
   22674.0
