       1.9
     202.3
     254.7
     266.1
     387.2
     548.2
    1097.4
    1289.3
    1644.3
    1750.5
    1807.4
    2517.3
    2818.2
    2845.7
    3171.2
    3601.1
    3734.5
    3739.4
    3775.4
    4075.1
    4680.3
    5091.3
    5414.2
    5618.7
    5637.0
    5837.6
    6151.5
    6201.5
    6314.2
    6576.0
    6653.4
    6903.8
    7114.6
    7182.7
    7469.9
    7682.4
    8447.8
    9255.7
    9376.0
    9739.1
   10088.8
   10643.1
   10744.6
   11036.2
   11354.4
   11384.9
   11816.5
   11818.1
   11862.2
   12148.2
   12259.4
   12418.2
   12467.8
   12472.7
   12974.0
   13085.4
   13192.1
   13237.0
   13322.7
   13401.2
   13471.0
   13648.1
   13690.7
   14015.1
   14160.2
   14508.7
   14988.7
   15000.1
   15088.4
   15487.4
   15558.5
   15904.7
   16293.0
   16375.7
   16402.9
   16405.4
   16559.1
   16904.9
   17150.6
   17209.5
   17633.3
   17713.0
   17941.2
   18145.3
   18213.5
   18256.5
   18260.6
   18345.9
   18438.6
   18688.2
   18795.8
   18836.0
   18891.0
   18903.7
   19458.3
   19518.6
   19542.2
   19559.2
   19719.6
   20015.2
   20345.3
   20359.5
   20391.5
   20818.2
   20856.1
   21284.7
   21287.9
   21342.4
   22189.3
   22555.6
   22624.5
   22653.7
   22898.8
