     280.8
     348.7
     539.8
     987.4
    1320.0
    1675.2
    2348.2
    2467.8
    2528.0
    2794.0
    3265.5
    3284.6
    3430.9
    3555.5
    3583.0
    3630.8
    3919.3
    4057.3
    4179.6
    4212.1
    4406.5
    4892.0
    5035.1
    5116.5
    5122.2
    5378.4
    5483.7
    5592.5
    5996.0
    6232.2
    6239.7
    6270.2
    6346.9
    6488.8
    6639.6
    6997.8
    7190.0
    7198.2
    7400.8
    7536.1
    7610.6
    7836.0
    7897.3
    8379.9
    8514.5
    8915.6
    9256.2
    9259.0
    9470.0
    9846.2
    9920.9
   10512.2
   10525.9
   10620.5
   10840.8
   10928.4
   11179.6
   11358.2
   11528.1
   11561.4
   11600.5
   11662.3
   11667.7
   12262.5
   12629.5
   12652.5
   12663.1
   12671.9
   12713.1
   12950.8
   13150.3
   13309.4
   13357.2
   13459.8
   13505.0
   13629.9
   14065.2
   14088.0
   14185.3
   14299.1
   14399.5
   14439.0
   14739.8
   15366.1
   15954.9
   16333.5
   16392.0
   16866.3
   16920.3
   17026.7
   17063.2
   17842.1
   17962.7
   18160.9
   18653.7
   18726.9
   19286.2
   19775.9
   19777.6
   21030.6
   21215.9
   21282.4
   21397.5
   21682.8
   21889.6
   22183.7
   22683.2
