      57.8
     309.1
     315.8
     329.0
     983.6
    1152.3
    1163.7
    1579.3
    1607.1
    1651.1
    1689.8
    2064.5
    2209.0
    2358.9
    2482.0
    2491.5
    2682.3
    3754.0
    3950.0
    4153.6
    4373.3
    4479.4
    4508.2
    4727.7
    4751.0
    4764.4
    4787.8
    4971.3
    5184.6
    5278.5
    5340.8
    5828.0
    5851.0
    8220.6
    8303.1
    8311.6
    8593.3
    8607.4
    8860.1
    9052.4
    9257.6
    9418.3
    9651.2
    9697.7
    9757.2
    9868.9
    9939.8
   10070.2
   10179.3
   10391.4
   10721.7
   10762.9
   11944.8
   12315.9
   12403.7
   12558.5
   12649.6
   12719.7
   12760.0
   13041.6
   13636.9
   14048.7
   14193.9
   14443.4
   14536.9
   14811.1
   15021.0
   15537.6
   15905.6
   16446.5
   16465.8
   16637.4
   16866.4
   16881.6
   16926.1
   17037.9
   18255.6
   18486.9
   18571.2
   18616.9
   18785.4
   18987.8
   19160.6
   19272.2
   19289.2
   19860.8
   20028.5
   20114.9
   20858.7
   21288.5
   21693.1
   21916.0
   22039.3
   22230.0
   22327.9
   22330.4
   22624.0
   22970.8
