      14.9
     465.1
     521.8
     560.3
     624.0
    1122.2
    1282.9
    1611.3
    2122.9
    2269.9
    2648.9
    2708.5
    3150.4
    4793.9
    4796.8
    4876.8
    4960.2
    5494.0
    5542.1
    5867.2
    6208.6
    6308.4
    6517.4
    7044.1
    7343.9
    7349.7
    7406.1
    7479.5
    7632.4
    7751.5
    7923.9
    8385.1
    8390.4
    8467.2
    8626.4
    8677.6
    8741.8
    8869.6
    9216.4
    9501.2
    9575.5
    9650.2
    9842.0
   10065.5
   10519.9
   10635.0
   11204.2
   11314.1
   11325.9
   11370.7
   11604.2
   12173.5
   12362.1
   12651.7
   12666.6
   12874.3
   12981.6
   13244.9
   13508.8
   13580.6
   13967.3
   14305.0
   14469.0
   14524.7
   14615.3
   14642.5
   14851.7
   15111.8
   15299.8
   15581.0
   15642.5
   15773.0
   16027.7
   16713.6
   16815.6
   16957.3
   17017.1
   17504.9
   17746.4
   17872.8
   17888.6
   18012.6
   18321.3
   18360.8
   18530.5
   18562.9
   18847.8
   18908.4
   18959.6
   18971.2
   19045.4
   19055.3
   19290.3
   19359.3
   19419.7
   19497.5
   19856.7
   20167.3
   20182.5
   20453.8
   20699.5
   20770.7
   20951.7
   20980.8
   21104.2
   21884.1
   21997.3
   22179.0
   22194.7
   22722.5
   22848.7
   22991.9
