      10.3
      46.9
     307.6
     395.7
     430.6
     614.9
     633.5
     643.8
    1351.0
    1514.4
    1531.6
    2734.2
    3127.8
    3156.2
    3163.4
    3900.0
    3904.3
    4190.1
    4346.7
    4370.6
    4502.6
    4547.2
    4555.8
    4795.0
    4962.7
    5037.6
    5055.7
    5436.8
    5488.7
    5720.4
    5837.9
    5916.1
    6173.7
    6197.4
    6538.1
    6682.2
    6779.7
    6808.9
    7156.6
    7331.7
    7526.4
    7750.8
    8204.3
    8480.8
    8662.0
    8738.2
    9001.1
    9225.7
    9232.3
    9319.6
    9431.4
    9453.3
    9458.5
   10560.9
   10713.6
   10828.6
   11066.6
   11602.0
   12240.9
   12278.5
   12290.0
   12294.3
   12296.9
   12564.7
   12616.1
   12618.6
   12627.7
   12774.2
   12935.6
   13103.3
   13279.2
   13472.4
   13511.6
   14307.5
   14338.9
   14527.9
   14541.5
   14747.8
   14892.7
   15220.7
   15514.1
   15678.3
   15963.3
   16146.7
   16747.1
   16966.2
   17049.2
   17105.0
   17369.2
   17981.0
   18056.8
   18181.9
   18418.0
   18725.0
   18757.9
   18914.4
   19092.1
   19350.0
   20147.3
   20182.4
   20845.1
   20923.3
   21138.3
   21293.7
   21630.5
   21780.6
   21834.9
   21927.7
   22013.6
   22142.8
   22456.7
   22586.4
   22767.8
   22858.7
