      47.7
      62.3
     165.9
     374.7
     641.9
     656.2
    1166.0
    1340.4
    1753.0
    1900.7
    2515.1
    2763.6
    2988.1
    3308.9
    3322.5
    3388.8
    3463.0
    3514.8
    3682.7
    3710.0
    3803.7
    4059.6
    4106.9
    4436.9
    4448.8
    5156.0
    5894.9
    6037.6
    6158.9
    6523.1
    6747.9
    7204.0
    8075.5
    8184.7
    8344.6
    8375.2
    8400.6
    8569.2
    8627.0
    8690.6
    8719.0
    8739.2
    9005.4
    9043.0
    9136.5
    9678.8
    9881.4
   10064.7
   10699.9
   10767.5
   11293.1
   11562.3
   12215.5
   12382.9
   12563.6
   12665.1
   13634.4
   13650.8
   13713.4
   13906.5
   14081.6
   14135.6
   14489.8
   14835.4
   15216.2
   15541.6
   15641.7
   16019.9
   16095.9
   16156.9
   17093.5
   17477.1
   17641.3
   17737.1
   17934.5
   17938.4
   18001.4
   18186.0
   18279.5
   18292.1
   18489.6
   18560.5
   18913.2
   19098.7
   19107.7
   19262.6
   19335.3
   19421.4
   19437.0
   19758.3
   19909.8
   20169.8
   20373.1
   20374.4
   20473.6
   20932.1
   21008.5
   21253.0
   21277.5
   21811.6
   21883.8
   21955.3
   22050.8
   22484.3
   22500.2
   22860.0
   22922.5
   22995.7
