     843.3
     965.0
    1125.5
    1309.8
    1330.3
    1481.4
    1500.4
    1603.1
    2070.4
    2124.9
    2381.3
    3123.0
    3298.5
    3368.2
    3378.5
    3465.8
    3507.3
    3909.5
    4527.1
    4670.3
    4989.2
    5379.8
    5459.2
    5627.7
    5628.2
    5689.1
    5724.2
    6048.0
    6056.2
    6202.5
    6313.5
    6598.3
    6635.9
    6654.2
    6656.4
    6705.5
    6933.6
    6936.1
    7257.1
    7366.7
    7381.8
    7401.7
    7474.0
    7843.8
    7924.6
    7994.1
    8033.9
    8618.5
    8651.0
    8754.7
    8869.1
    9135.2
    9413.2
    9497.2
    9625.1
    9678.7
   10063.7
   10179.4
   10349.0
   10359.4
   10402.5
   10562.2
   10591.5
   10732.5
   10763.8
   10861.3
   11615.3
   11661.8
   11685.3
   12025.4
   12427.7
   12444.4
   12451.1
   12702.2
   12964.8
   13174.6
   13180.1
   13205.2
   13348.1
   13468.6
   13500.0
   13559.8
   13701.3
   14263.8
   14469.7
   14975.5
   15076.1
   15404.2
   15489.0
   15497.3
   15570.8
   15648.6
   15855.5
   16048.7
   16237.7
   16336.8
   16353.0
   16605.1
   16707.6
   16825.0
   16963.1
   17144.9
   17203.5
   17709.0
   17896.8
   17903.8
   18066.3
   18231.6
   18408.0
   18446.5
   18491.8
   18933.0
   19286.8
   19324.7
   19571.1
   19863.7
   19931.5
   20307.5
   20772.1
   21103.9
   21565.8
   21649.1
   21707.2
   21763.2
   21819.0
   22025.9
   22057.8
   22288.4
   22392.1
   22628.0
