     111.3
     455.4
     528.6
     532.1
     970.7
    1016.3
    1026.2
    1183.5
    1326.8
    1608.8
    1952.3
    2552.1
    2712.9
    2729.6
    3135.9
    3271.3
    3478.8
    3538.6
    3667.8
    4075.5
    4408.2
    4666.8
    4677.3
    4700.8
    4999.4
    5031.2
    5519.8
    5590.0
    5935.1
    6528.7
    6837.5
    6890.5
    7007.7
    7104.0
    7117.8
    7170.1
    7405.4
    7552.4
    7797.7
    7902.0
    8053.7
    8267.6
    8364.0
    8517.6
    8580.9
    8641.0
    8989.5
    9011.9
    9431.1
    9497.3
    9588.3
    9913.7
   10141.9
   10244.4
   10300.8
   10749.3
   10861.1
   10931.4
   10982.6
   11608.8
   11630.3
   11918.3
   12245.4
   12371.4
   12540.3
   12810.4
   13280.8
   13350.1
   13789.0
   13799.7
   14003.9
   14261.4
   14515.0
   14708.8
   14920.1
   15108.7
   15251.6
   15501.9
   15897.9
   16370.8
   16713.9
   17188.4
   17341.6
   17478.5
   17785.8
   18112.4
   18256.7
   18317.5
   18530.7
   18588.4
   18888.6
   19618.1
   19929.6
   20006.3
   20045.1
   20334.3
   20804.8
   20854.3
   20956.7
   20991.9
   21030.8
   21037.5
   21100.0
   21136.6
   21144.8
   21216.3
   21411.8
   21490.1
   21537.1
   21607.3
   21763.1
   21959.1
   22731.6
