      98.4
     251.9
     635.8
    1009.8
    1274.3
    1345.0
    1860.7
    2565.2
    2609.6
    2836.2
    2984.3
    3025.5
    3317.1
    3481.8
    3813.0
    3984.2
    4090.6
    4332.0
    4457.3
    4967.0
    4979.6
    5055.8
    5308.1
    5321.3
    5777.8
    5886.1
    6040.8
    6329.5
    6471.5
    6494.0
    7104.9
    7339.9
    7372.2
    7855.4
    8114.2
    8209.4
    8438.5
    8633.4
   10029.7
   10404.4
   10885.3
   10959.0
   11440.9
   11472.9
   11775.1
   11782.9
   11815.6
   11842.9
   11997.7
   12330.2
   12665.6
   12791.1
   12834.0
   12896.8
   13254.9
   13470.6
   13972.9
   14127.2
   14281.4
   14390.9
   14401.7
   14423.4
   14818.7
   14896.4
   15163.7
   15306.6
   15944.9
   16189.6
   16373.5
   16568.5
   16777.1
   16893.0
   16976.7
   17008.4
   17204.5
   17223.3
   17254.5
   17565.3
   17698.6
   17860.1
   17977.4
   18274.4
   18302.6
   18321.0
   18460.1
   18618.9
   18927.3
   19709.4
   19870.5
   19971.4
   20084.9
   20093.9
   20232.1
   20434.6
   20487.7
   20740.5
   20814.9
   20870.5
   20951.2
   21333.1
   21974.7
   22004.9
   22551.2
   22613.5
   22758.5
   22883.6
