      61.6
     206.3
     463.4
     557.8
     745.4
     984.1
    1082.8
    1327.7
    1375.6
    1443.9
    1928.7
    1944.3
    2134.8
    2234.3
    2483.4
    3007.3
    3390.8
    3656.0
    3712.3
    3804.8
    3970.5
    4092.4
    4301.0
    4571.2
    4573.8
    4741.0
    4744.3
    4834.1
    5099.6
    5144.5
    5414.2
    5438.0
    5856.8
    5886.3
    5906.9
    6328.8
    6858.0
    7328.9
    7390.3
    7543.3
    7575.1
    7895.7
    7929.7
    7982.9
    7993.6
    8116.4
    8371.9
    8395.5
    8474.4
    8483.0
    8502.4
    8989.5
    9175.4
    9210.0
    9223.8
    9558.8
    9588.8
    9669.8
   10156.0
   10690.3
   10772.9
   10958.1
   11507.6
   11778.5
   11860.4
   11990.2
   12040.7
   12565.6
   13119.3
   13173.7
   13260.2
   13331.9
   13363.1
   13370.8
   13896.5
   14022.8
   14400.5
   14484.8
   14494.1
   15286.6
   15340.6
   15389.5
   15439.9
   15520.4
   15759.5
   15806.9
   16418.1
   17040.9
   17326.0
   17531.7
   17610.7
   17997.7
   18064.8
   18136.1
   18317.1
   18340.6
   19103.7
   19113.0
   19447.2
   19639.5
   20095.3
   20292.0
   20445.4
   20583.7
   20714.4
   20875.3
   21063.5
   21173.0
   21215.0
   21275.1
   21679.2
   21773.8
   21959.2
   22222.3
   22456.4
   22798.6
   22826.3
   22847.1
   22899.5
