     501.5
     549.1
     570.3
     673.4
    1768.3
    1887.2
    1894.2
    1921.1
    2063.9
    2079.4
    2248.8
    2526.5
    2929.9
    2937.8
    2962.3
    2981.0
    3023.9
    3790.4
    3890.7
    4179.7
    4316.4
    4704.2
    4880.1
    5325.7
    5444.2
    5861.9
    5980.6
    6000.0
    6348.2
    6465.8
    6582.1
    6747.7
    6931.7
    6991.3
    7277.2
    7475.9
    7653.5
    8002.3
    8079.1
    8326.2
    8367.2
    8483.8
    8545.2
    8697.8
    9193.3
    9247.8
    9340.8
    9363.4
    9760.9
    9890.1
   10189.4
   10417.0
   10522.1
   10661.6
   10775.7
   10949.3
   11098.8
   11374.6
   11643.1
   12233.2
   12599.8
   12623.0
   13208.3
   13475.2
   13531.0
   13554.6
   13591.9
   13688.0
   13701.4
   13814.9
   13958.5
   14058.3
   14181.9
   14781.3
   14976.3
   15381.5
   15855.6
   15992.4
   16091.9
   16202.2
   16670.5
   16967.8
   17172.2
   17497.6
   17574.1
   17576.7
   17697.7
   18062.3
   18293.8
   18330.2
   18742.2
   18772.3
   19371.4
   19391.6
   19692.1
   19971.0
   19988.1
   20047.0
   20313.4
   20375.9
   20743.6
   21461.3
   21479.1
   21584.8
   21678.4
   22170.3
   22309.8
   22347.1
   22443.2
   22657.9
   22932.8
   22968.9
