     223.2
     229.3
     691.6
     837.9
     851.6
     955.1
     982.5
    1510.7
    1717.5
    1817.0
    2107.4
    2225.1
    2277.7
    2355.5
    2797.5
    3218.2
    3239.2
    3450.6
    4414.2
    4586.0
    4653.1
    4708.1
    4927.5
    4979.6
    5045.4
    5089.8
    5410.4
    5520.9
    5652.7
    6642.9
    7168.0
    7214.6
    7334.7
    8642.8
    9273.1
    9316.1
    9517.6
    9585.8
    9661.6
    9810.9
    9934.8
   10147.9
   10162.5
   10177.9
   10225.6
   10233.0
   10360.8
   10445.8
   10709.3
   10786.8
   10795.7
   10817.1
   11076.3
   11116.5
   11188.8
   11279.9
   11310.1
   11428.8
   11703.5
   11988.9
   12106.1
   12239.5
   12334.8
   12678.1
   12932.3
   12945.6
   12957.5
   13061.7
   13266.3
   13304.9
   13517.8
   13529.2
   13577.6
   13636.8
   14280.2
   14709.1
   14792.0
   15205.2
   15227.4
   15382.8
   15716.7
   15847.2
   16280.6
   16284.9
   16420.3
   16612.3
   16626.1
   16652.1
   16906.9
   16921.6
   17700.5
   17730.6
   17923.1
   18007.3
   18220.2
   18307.3
   18352.4
   18449.5
   18462.0
   18465.0
   18661.2
   19202.9
   19709.5
   20020.6
   20110.0
   20347.4
   20467.4
   21100.3
   21171.8
   21447.8
   21621.0
   21934.5
   22012.1
   22022.3
   22162.8
   22289.8
   22391.8
   22489.2
   22795.5
