      20.1
     427.8
     521.3
     581.3
     665.3
     833.9
    1250.3
    1321.6
    1521.1
    1672.6
    2035.0
    2090.1
    2425.5
    2727.1
    2943.9
    3628.9
    3692.1
    3870.9
    4276.4
    4349.4
    4389.7
    4972.8
    5081.0
    5364.9
    6304.2
    6470.8
    6483.5
    6536.3
    6538.8
    6666.8
    6878.2
    7246.8
    7496.9
    7877.6
    7908.5
    8118.2
    8685.2
    8869.3
    9037.3
    9161.4
    9505.9
    9558.8
    9871.6
   10040.7
   10278.3
   10646.4
   10870.4
   10950.5
   11248.6
   11727.0
   11867.1
   11970.7
   12064.4
   12165.8
   12300.9
   12641.4
   12751.6
   13020.8
   13777.3
   14056.1
   14064.5
   14080.0
   14089.4
   14417.0
   14803.1
   14887.3
   15409.7
   15617.6
   16205.4
   16354.7
   16546.8
   16712.4
   16848.9
   17009.2
   17124.4
   17518.0
   17755.3
   17770.1
   17830.7
   17921.5
   18175.0
   18349.5
   18513.3
   18746.2
   18781.1
   19067.0
   19093.7
   19521.7
   19692.9
   19735.2
   19931.4
   20026.8
   20115.6
   20466.0
   20520.4
   20527.0
   20659.8
   20969.5
   21025.3
   21050.5
   21055.3
   21225.3
   21236.4
   21593.4
   21603.2
   21659.2
   22035.8
   22044.1
   22086.8
   22190.8
   22387.4
