     163.6
     164.1
     237.6
     301.4
     512.4
     518.4
     799.4
     894.7
     918.9
    1096.0
    1099.8
    1163.7
    1229.2
    1293.2
    1675.3
    1912.4
    2225.8
    2423.4
    2821.1
    3513.2
    3808.5
    4144.7
    4356.7
    4683.9
    4763.3
    5001.4
    5156.1
    5395.1
    5429.0
    5493.7
    5813.7
    5866.5
    5927.6
    6412.1
    6563.9
    6713.4
    6847.6
    6939.0
    6973.7
    7017.0
    7109.1
    7117.0
    7134.6
    7978.5
    7983.1
    8102.3
    8376.8
    8459.8
    9395.6
    9621.3
    9941.2
    9977.3
   10047.9
   10133.0
   10242.6
   10269.1
   10301.6
   10405.9
   10633.2
   10796.1
   11146.2
   11186.0
   11778.8
   11828.7
   12133.2
   12137.9
   12321.1
   12350.7
   12481.3
   12489.4
   12924.0
   12987.7
   13362.2
   13471.1
   13494.9
   13701.7
   13850.4
   14125.3
   14166.2
   14518.0
   14523.9
   15052.6
   15192.3
   15746.3
   15863.2
   16029.2
   16081.7
   16106.9
   16263.8
   16539.7
   16598.6
   16894.6
   16960.1
   17000.6
   17307.3
   17647.2
   17668.1
   17754.0
   17884.1
   17899.6
   17991.4
   18139.0
   18253.8
   18661.9
   19784.3
   19796.0
   20147.2
   20262.7
   20341.1
   20536.8
   20572.8
   20862.0
   20863.5
   20897.4
   21012.8
   21225.5
   21278.5
   21406.2
   21583.6
   22099.6
   22348.4
   22576.6
