      63.4
     201.2
     281.4
     307.0
     338.9
     435.6
     515.7
     726.5
     786.0
    1076.2
    1461.9
    1658.1
    1781.3
    2115.5
    2344.7
    2352.6
    2593.8
    2677.0
    2699.9
    2738.0
    3058.2
    3096.6
    3871.0
    4173.0
    4182.9
    4934.8
    5331.6
    5482.4
    5538.1
    5656.6
    5751.8
    5935.0
    5937.0
    6078.0
    6408.3
    6437.8
    6440.3
    6609.9
    6917.6
    7198.9
    7672.6
    7680.6
    7943.5
    8194.4
    8195.9
    8580.6
    9018.6
    9551.1
    9607.8
    9629.9
   10011.5
   10029.5
   10688.4
   10930.9
   11070.1
   11191.3
   11211.1
   11300.1
   11317.6
   11686.7
   11822.8
   11851.6
   12504.5
   12565.1
   12587.0
   12868.8
   13014.4
   13156.5
   13508.5
   13907.2
   14355.2
   14430.2
   14827.1
   14967.7
   15347.2
   15698.0
   15920.9
   16100.8
   16263.8
   16317.0
   16717.9
   16846.2
   17104.8
   17196.1
   17435.7
   17528.7
   17545.1
   17847.0
   17934.7
   18090.6
   18171.0
   18240.4
   18404.4
   18424.2
   18586.0
   18897.5
   19040.0
   19073.4
   19443.3
   19454.1
   19588.0
   19949.1
   20122.1
   20196.3
   20324.1
   20581.5
   21003.2
   21158.6
   21396.0
   21457.1
   21463.9
   21957.8
   22042.7
   22100.3
   22214.0
   22324.7
   22489.9
   22573.7
   22633.6
   22681.4
   22722.3
   22858.2
   22931.0
