     239.3
     276.6
     366.0
     638.0
    1249.8
    1490.1
    1674.1
    1697.0
    1740.6
    1818.8
    2012.4
    2074.5
    2124.2
    2287.0
    2469.3
    2764.0
    3116.2
    3150.9
    3333.1
    3679.6
    3748.0
    3937.4
    4175.4
    4360.1
    4452.3
    4456.8
    4530.2
    4775.7
    4786.8
    5034.3
    5118.4
    5288.0
    5305.2
    5351.7
    5757.9
    5822.1
    6067.3
    6090.5
    6184.7
    6331.3
    6339.9
    6631.3
    6745.4
    6815.3
    6865.8
    7140.5
    7301.7
    7319.7
    7750.9
    7795.5
    7923.9
    8142.9
    8169.2
    8384.7
    8423.1
    8726.5
    9150.4
    9684.1
    9876.1
   10075.1
   10114.7
   10770.6
   11023.6
   11313.8
   11321.8
   11402.4
   11420.2
   11438.4
   11552.2
   11651.8
   11690.0
   11842.0
   12252.9
   12602.3
   14098.1
   14188.0
   14294.4
   14402.2
   14493.8
   14496.5
   14502.1
   14717.2
   15022.3
   15388.8
   16039.3
   16126.8
   16152.0
   16406.1
   16500.1
   16581.2
   16792.8
   17141.7
   17354.7
   17773.5
   17899.5
   17948.2
   18139.0
   18619.7
   18645.4
   19176.5
   19331.1
   19402.0
   19488.6
   19657.0
   20075.5
   20205.9
   20341.7
   20603.0
   20626.3
   20691.0
   20693.2
   20741.5
   20856.3
   20881.9
   20959.4
   21358.7
   21449.0
   21543.2
   21989.6
   22007.1
   22050.2
   22084.7
   22214.6
   22379.7
   22904.3
