     200.8
     212.7
     249.1
     330.2
     342.1
     449.6
     863.2
     867.3
     994.6
    1246.6
    1429.3
    1692.8
    1820.6
    1982.6
    2167.0
    2199.7
    2333.6
    2557.1
    2664.0
    3160.1
    3294.3
    3455.8
    3504.8
    3791.3
    4047.5
    4150.4
    4156.5
    4370.6
    4673.8
    4707.4
    4884.6
    5280.5
    5287.7
    5555.1
    5619.0
    5812.3
    6290.5
    6329.3
    6484.2
    7090.0
    7264.3
    7444.1
    7642.0
    7727.4
    7786.3
    7877.2
    7945.7
    8243.4
    8946.7
    9287.6
    9468.0
    9756.1
   10230.5
   10413.7
   10973.1
   11149.1
   11149.2
   11624.6
   11671.2
   12442.5
   12723.9
   13393.8
   13457.2
   13553.7
   13776.9
   13885.0
   14095.4
   14119.3
   14330.8
   14568.7
   14610.2
   14699.8
   15139.4
   15219.7
   15260.3
   15674.3
   15856.8
   15882.2
   16104.4
   16574.9
   16681.5
   17060.5
   17191.6
   17209.6
   17419.9
   17722.3
   17728.7
   17829.7
   18012.8
   18018.9
   18254.6
   18265.9
   18305.3
   18461.7
   18485.7
   19022.6
   19043.4
   19334.6
   19457.6
   19613.1
   19825.6
   19957.8
   20203.2
   20313.7
   20325.6
   20484.7
   20496.8
   21123.6
   21254.6
   21340.6
   22026.0
   22106.1
   22217.7
