     297.8
     381.8
     455.6
     718.1
     794.9
     881.5
     902.6
    1112.9
    1346.8
    1474.4
    2249.1
    2262.0
    2335.7
    2533.3
    3694.0
    3833.5
    3847.3
    3899.7
    4437.7
    4833.3
    5606.3
    5894.8
    5954.6
    6114.4
    6224.8
    6690.3
    6729.8
    7143.7
    7457.2
    7464.1
    7615.5
    7710.4
    8252.6
    8328.6
    8984.8
    9130.8
    9137.8
    9627.4
   10186.1
   11439.8
   11895.0
   11898.3
   12638.0
   12726.6
   12868.1
   13018.3
   13372.3
   13383.3
   13614.4
   13623.1
   13812.9
   13922.8
   14026.3
   14162.2
   14172.6
   14283.7
   14311.8
   14321.2
   14449.5
   14694.4
   15099.9
   15199.6
   15401.1
   15566.6
   15825.7
   16212.9
   16396.1
   16633.0
   16893.7
   17286.0
   17391.0
   17448.0
   17748.7
   17925.5
   18311.0
   18434.4
   19005.8
   19219.1
   19358.6
   19660.6
   19889.6
   19891.7
   20501.6
   20670.6
   20701.8
   20874.5
   20885.2
   21553.8
   21889.5
   21925.4
   21947.6
   22067.9
   22631.3
   22770.4
