      59.9
     164.2
     228.3
     364.4
     591.3
     683.2
    1020.8
    1058.9
    1111.0
    1222.1
    1567.5
    1570.0
    1572.8
    1671.6
    2163.9
    2169.0
    2202.8
    2267.9
    2276.6
    3154.2
    3180.1
    3662.3
    3665.2
    3903.8
    3956.3
    4119.3
    4142.2
    4487.4
    4682.1
    4761.6
    5190.6
    5286.4
    5347.5
    5389.5
    5659.2
    5937.4
    6110.0
    6119.5
    6475.4
    7177.0
    7215.8
    7804.6
    7975.7
    8166.4
    8174.5
    8231.2
    8248.6
    8506.6
    8511.0
    8706.6
    8799.4
    8835.8
    8854.4
    9052.8
    9272.0
    9899.9
    9930.7
   10432.8
   10598.3
   10734.7
   10736.4
   10975.2
   11174.5
   11573.9
   11660.1
   12245.1
   12799.4
   12845.9
   12938.9
   13663.8
   14852.0
   15171.7
   15438.2
   15536.5
   15553.7
   15637.3
   15829.9
   15931.5
   16616.1
   16644.4
   16763.8
   16932.5
   17018.5
   17055.3
   17155.3
   17215.0
   17221.5
   17310.0
   17430.6
   17473.4
   17726.8
   17767.1
   17908.3
   18311.3
   18481.8
   18706.8
   18871.8
   19038.9
   19113.9
   19499.7
   19659.4
   19774.2
   19822.6
   20127.4
   20202.0
   20730.6
   20757.2
   21133.8
   21139.4
   21459.3
   21570.9
   21576.9
   21611.3
   21686.8
   21694.3
   21741.1
   21899.6
   22346.6
   22688.6
