     367.2
     528.7
     599.1
     651.6
     996.5
    1475.5
    1669.9
    1762.3
    1934.5
    2656.6
    2760.5
    2898.5
    2919.3
    3906.4
    4370.4
    4497.6
    4559.4
    5018.7
    5042.6
    5113.0
    5507.6
    5700.6
    5782.8
    6258.5
    6289.0
    6307.1
    6538.6
    7016.2
    7086.3
    7122.8
    7328.5
    7377.3
    7459.8
    7511.4
    7840.2
    7864.9
    7905.0
    8255.6
    8377.6
    8399.2
    9131.5
    9306.5
    9963.5
   10309.1
   10701.5
   10862.4
   10908.1
   10913.1
   11071.9
   11270.8
   11856.1
   12189.0
   12302.9
   12368.1
   12490.2
   12606.5
   12848.3
   12974.4
   13020.0
   13066.6
   13072.7
   13322.4
   13345.8
   13668.5
   13849.6
   14190.1
   14369.4
   14466.4
   14797.1
   15159.4
   15565.3
   15635.1
   15858.4
   16100.5
   16587.8
   16809.0
   17193.0
   17415.4
   17620.1
   17743.4
   17774.9
   17809.2
   18177.6
   18198.9
   18295.6
   18638.6
   18793.2
   18864.6
   19077.1
   19173.3
   19260.5
   19763.1
   19836.6
   20012.5
   20557.9
   20781.5
   20881.4
   21408.3
   21628.0
   21759.1
   21960.9
   22188.2
   22406.8
   22416.4
   22583.4
   22620.4
   22767.9
   22876.0
