     197.4
     515.5
     539.7
     657.8
     723.5
    1042.2
    1074.4
    1099.5
    1135.0
    1538.6
    1590.9
    2033.5
    2036.4
    2183.5
    2316.7
    2327.6
    2502.7
    2509.7
    2598.5
    2838.2
    2951.3
    3771.3
    3926.5
    4398.5
    4504.2
    4600.8
    4626.9
    4915.7
    5827.6
    5852.8
    6104.2
    6485.5
    6511.6
    6538.6
    6600.7
    6680.0
    6890.2
    7371.0
    7915.9
    7969.8
    7979.2
    8042.5
    8044.8
    8650.9
    8752.1
    8876.4
    9411.0
    9457.4
    9512.6
    9779.1
    9814.8
    9847.7
   10114.5
   10317.6
   10407.6
   10833.5
   10985.5
   11032.4
   11263.5
   11443.1
   11588.2
   11966.7
   12017.6
   12474.7
   13010.4
   13063.0
   13156.6
   13170.6
   13282.6
   13771.1
   13919.7
   13988.2
   14716.2
   14894.1
   14968.6
   14975.2
   15073.8
   15348.9
   15528.0
   15554.1
   16094.2
   16133.6
   16217.5
   16638.0
   16934.6
   17055.9
   17617.3
   17665.4
   17702.3
   18145.2
   18745.0
   19113.8
   19848.8
   19948.3
   20034.0
   20748.5
   21087.4
   21367.1
   21381.2
   21491.0
   22458.6
   22666.8
   22846.2
