      26.4
     303.4
     595.7
     615.7
     909.2
    1438.5
    1544.3
    1552.5
    1969.1
    2010.9
    2240.0
    2505.9
    2680.9
    3143.0
    3453.8
    3655.6
    3859.9
    4173.0
    4200.8
    4227.0
    4742.2
    5082.5
    5828.4
    6040.7
    6070.0
    6255.3
    6691.2
    6836.8
    7267.0
    7400.7
    7462.8
    7640.4
    7686.0
    7829.8
    8114.7
    8324.6
    8585.4
    8775.8
    8939.8
    9254.5
    9555.8
    9763.2
    9824.3
    9923.4
   10071.4
   10119.8
   10326.3
   10340.3
   10673.1
   10819.7
   11149.8
   11320.2
   11379.1
   11429.7
   11644.2
   11673.3
   11777.0
   11798.6
   11824.7
   12487.4
   13016.7
   13235.9
   13249.8
   13295.0
   13831.0
   13871.2
   14028.4
   14417.5
   14631.7
   14669.8
   15039.0
   15206.8
   15580.8
   16103.4
   16145.0
   16731.9
   17462.9
   17606.8
   17914.7
   17956.0
   18157.9
   18277.6
   18388.9
   18605.3
   18669.9
   18681.3
   18858.9
   19201.3
   19229.1
   20217.4
   20707.3
   20912.5
   21017.1
   21045.8
   21053.5
   21295.9
   21642.3
   21826.7
   21827.4
   21848.1
   21908.4
   21960.7
   22053.1
   22091.8
   22235.3
