     164.6
     547.2
     867.3
     935.8
    1362.3
    1901.6
    2064.9
    2120.2
    2147.2
    2360.4
    2375.4
    2555.5
    2857.7
    2871.5
    2960.2
    3197.1
    3612.4
    3774.3
    3949.1
    4100.1
    4160.9
    4227.5
    4647.0
    4802.8
    5006.2
    5096.5
    5135.7
    5360.4
    5386.7
    5452.8
    5611.2
    5677.8
    5759.8
    5789.9
    5847.9
    6124.5
    6222.5
    6281.0
    6490.7
    6538.9
    6783.5
    7089.3
    7106.5
    7337.7
    7385.9
    7622.5
    7630.4
    7929.6
    7997.5
    8182.8
    8276.0
    8521.5
    9352.7
    9902.0
    9937.9
   10159.7
   10340.2
   10362.7
   10508.9
   10553.3
   10595.8
   10616.7
   10732.6
   10796.4
   10938.1
   10991.6
   11033.8
   11780.0
   11989.9
   12096.6
   12553.5
   12597.5
   12601.6
   13595.7
   13651.1
   14050.0
   14139.3
   14179.9
   14205.4
   14573.2
   14683.5
   15184.6
   15533.3
   15713.0
   15844.8
   15853.7
   15950.7
   16042.7
   16644.3
   17214.1
   17291.2
   17330.2
   17434.4
   17535.0
   18344.1
   18358.1
   18513.4
   18625.2
   18812.2
   18925.9
   19001.4
   19007.0
   19025.0
   19305.7
   19380.5
   19662.5
   19838.6
   20587.4
   21367.8
   21756.5
   22126.0
   22310.7
   22319.2
   22442.9
   22816.7
   22866.4
   22869.2
   22879.0
   22928.0
