     120.0
     162.6
     195.4
     864.8
     950.3
    1163.5
    1175.4
    1219.1
    1249.7
    1402.4
    1727.5
    1964.7
    2400.9
    2532.9
    2894.0
    3266.1
    3718.1
    4099.1
    4268.6
    5045.4
    5128.1
    5135.2
    5188.1
    5512.7
    5741.9
    5768.6
    5930.1
    6054.8
    6241.8
    6768.1
    6835.1
    6882.3
    6897.8
    7282.1
    7320.8
    7528.6
    7593.0
    7910.3
    8300.1
    8453.9
    8469.1
    8690.5
    9018.6
    9040.7
    9114.6
    9146.5
    9251.9
    9324.5
    9685.8
    9720.7
    9823.6
    9845.1
    9858.9
    9964.4
    9980.7
   10187.2
   10354.6
   10915.2
   10996.8
   11773.1
   11846.3
   12260.1
   12403.5
   12501.1
   12759.9
   13937.9
   14251.3
   14321.0
   14422.4
   14617.0
   14708.3
   14722.2
   14959.2
   15189.5
   15190.9
   15197.3
   15446.4
   15647.5
   15748.4
   16129.6
   16215.8
   16236.7
   17016.4
   17441.9
   17639.9
   17718.0
   17771.8
   17886.4
   18039.4
   18186.2
   18302.4
   18589.6
   18866.3
   19064.9
   19226.2
   19568.6
   20287.1
   20427.4
   20620.7
   20687.8
   20712.8
   20844.1
   21038.8
   21858.8
   21918.3
   22192.4
   22443.0
   22474.4
   22630.2
   22736.3
   22794.8
