      24.2
     263.7
     334.2
     722.2
     802.3
     980.3
    1090.0
    1196.3
    1253.1
    1312.0
    1518.2
    1661.4
    1930.5
    2081.9
    3099.5
    3341.6
    3358.6
    3363.7
    3391.0
    3459.3
    4101.5
    4478.2
    5296.4
    5658.8
    6098.3
    6680.5
    6920.7
    7950.5
    7998.4
    8013.8
    8423.4
    8506.6
    9044.7
    9287.0
    9294.2
    9444.2
    9748.3
   10524.8
   10543.5
   10581.4
   10634.8
   11127.6
   11143.8
   11489.9
   11558.8
   11699.2
   11836.4
   11877.1
   11972.9
   12194.6
   13031.5
   13235.9
   13631.7
   13774.0
   14018.2
   14052.7
   14143.6
   14212.6
   14413.1
   14653.8
   15212.0
   15231.8
   15334.8
   15817.5
   16020.6
   16286.3
   16372.8
   16389.1
   16408.8
   16414.2
   16551.6
   16678.7
   17234.6
   17237.3
   17783.7
   17847.9
   17905.8
   17964.4
   17964.8
   18040.8
   18207.6
   18368.6
   18924.3
   18928.4
   18952.3
   19611.2
   20007.9
   20110.6
   20201.9
   20240.4
   20297.4
   20726.7
   20903.7
   21058.7
   21182.0
   21845.1
   21864.5
   22063.2
   22088.1
   22186.4
   22287.6
   22291.9
   22461.8
   22466.0
   22732.0
   22743.0
   22920.0
