     105.4
     699.1
    1021.3
    1496.8
    1731.7
    1846.3
    1890.6
    2117.5
    2124.9
    2128.6
    2384.2
    2441.7
    2469.3
    2523.2
    2666.7
    2797.1
    3012.1
    3063.2
    3136.1
    3178.1
    3270.3
    3425.6
    3667.3
    3744.1
    3795.8
    4042.7
    4206.8
    4624.1
    4696.2
    4904.9
    4987.1
    5021.0
    5636.9
    5664.2
    5973.8
    6212.3
    6481.6
    6584.5
    6633.7
    6659.0
    6687.3
    6715.2
    6786.4
    6947.9
    7327.6
    7655.7
    7706.1
    7752.6
    7812.7
    8185.9
    8378.6
    8404.3
    8750.9
    8755.4
    8855.7
    8897.4
    9186.5
    9201.8
    9352.8
    9396.0
    9527.8
    9575.3
    9645.5
    9665.4
   10000.6
   10030.7
   10176.9
   10250.1
   10865.5
   10906.1
   11029.9
   11321.9
   11505.5
   11563.2
   12421.6
   12579.4
   12613.4
   12623.7
   12628.5
   12751.9
   13653.6
   13725.1
   14811.9
   15069.7
   15735.5
   15787.8
   15858.1
   16392.1
   16563.8
   16675.7
   16826.4
   16844.4
   17083.6
   17420.3
   17488.0
   17654.7
   17807.1
   17891.0
   17908.7
   18022.3
   18041.7
   18291.6
   18623.3
   19238.7
   19375.3
   19457.7
   20049.7
   20269.7
   20718.2
   21287.3
   21662.9
   21853.3
   21901.5
   22427.4
   22643.4
   22772.5
   22820.5
   22823.7
