      14.1
      45.7
     180.2
     560.0
     581.9
     585.8
     903.3
     974.1
    1316.8
    2079.9
    2183.7
    2536.3
    2558.3
    2672.4
    2935.2
    3179.7
    3384.1
    4195.4
    4230.7
    4291.3
    4402.2
    4410.3
    4423.3
    4436.2
    4541.9
    4667.3
    4790.4
    5075.3
    5375.3
    5527.9
    5563.8
    5573.1
    5597.2
    5643.7
    5723.5
    5799.5
    5826.4
    6275.1
    6554.3
    7057.6
    7339.3
    7603.3
    8287.6
    8742.0
    8787.8
    8791.1
    8889.1
    9057.1
    9439.2
    9477.6
   10241.5
   10660.9
   11586.9
   11923.0
   12062.8
   12881.8
   12917.3
   13272.8
   13276.0
   13569.4
   13602.7
   13637.4
   13931.3
   14268.6
   14295.7
   14357.5
   14744.4
   14764.0
   15375.1
   15566.1
   15580.3
   15753.0
   15855.6
   15992.3
   16128.7
   16141.9
   16280.9
   16561.3
   16657.6
   16667.7
   16845.4
   16967.7
   17373.6
   17389.9
   17643.2
   17647.2
   17979.7
   18152.7
   18610.8
   19071.8
   19250.2
   19320.5
   19403.6
   19463.6
   19721.5
   19741.0
   19774.6
   20481.9
   20898.7
   21004.4
   21567.6
   21573.8
   21783.7
   22530.6
   22581.4
   22831.9
   22981.2
