     117.3
     277.2
     305.1
     712.9
     966.1
     966.2
    1089.8
    1898.8
    2176.9
    2642.7
    2660.2
    2883.6
    3040.6
    3114.9
    3761.5
    3808.1
    3944.9
    4061.7
    4201.6
    4335.4
    4366.7
    4396.2
    4730.1
    5037.5
    5091.3
    5132.1
    5592.4
    5709.8
    5727.8
    5968.9
    6094.5
    6304.2
    6400.1
    6566.5
    6576.9
    6779.1
    6949.9
    6964.3
    6969.4
    7088.6
    7141.1
    7157.7
    7417.7
    7426.9
    7549.3
    7778.1
    7784.4
    7943.5
    8111.8
    8177.9
    8235.2
    8600.2
    9255.6
    9436.0
    9748.1
    9906.3
   10130.3
   10305.2
   10370.6
   10382.7
   10491.6
   10515.9
   10587.3
   10706.1
   10759.8
   10979.6
   11084.3
   11149.0
   11456.9
   11848.4
   12487.2
   12788.8
   12852.3
   12934.7
   13000.2
   13207.2
   13631.8
   13687.8
   13704.3
   13707.3
   13869.4
   14018.6
   14333.6
   14345.0
   14421.9
   15006.1
   15086.5
   15494.2
   15720.6
   15825.1
   16048.7
   16080.6
   16137.4
   16142.9
   16366.7
   17030.6
   17087.6
   17280.2
   17814.1
   18323.3
   18557.8
   18626.8
   18627.6
   18883.4
   18915.8
   19661.9
   19812.2
   19832.7
   19921.0
   20276.8
   20515.8
   20633.4
   20720.9
   20735.4
   21265.2
   21291.6
   21516.8
   21786.4
   22212.2
   22633.7
   22779.0
   22803.9
   22944.9
   22948.6
