     252.2
     673.2
     719.7
     777.6
     890.0
    1673.4
    1695.5
    1697.2
    2563.5
    2650.2
    2900.9
    2929.3
    2978.5
    3553.5
    3670.0
    3802.2
    3834.4
    3849.3
    3915.7
    3994.0
    4161.3
    4470.8
    4886.3
    4890.5
    5235.0
    5288.8
    5320.1
    5560.2
    6084.1
    6373.2
    6452.9
    6541.2
    7155.5
    7170.0
    7686.1
    8048.4
    8080.8
    8094.5
    8419.8
    8496.3
    8629.3
    8895.7
    9054.3
    9091.8
    9279.4
    9741.9
    9756.8
    9843.9
   10392.3
   10490.8
   10545.4
   10660.1
   10912.4
   11007.9
   11100.4
   11639.8
   12102.1
   12347.1
   12407.7
   12803.8
   13096.0
   13207.4
   13271.5
   13643.6
   13735.7
   13999.4
   14387.9
   14579.1
   14894.9
   15068.0
   15509.7
   15636.4
   15820.1
   16111.7
   16147.4
   16304.0
   16311.2
   16325.2
   16405.6
   16478.1
   16522.1
   16857.9
   16899.0
   17027.3
   17155.9
   17170.3
   17937.5
   18094.5
   18176.6
   18449.7
   18540.2
   18630.1
   18680.0
   18690.3
   18817.5
   18839.6
   18849.3
   19081.2
   19326.9
   19509.8
   20237.2
   20684.0
   20692.7
   20725.5
   20802.2
   20882.1
   20914.3
   21088.0
   21288.6
   21336.8
   21390.8
   21782.1
   21917.4
   22257.2
   22316.7
   22426.8
   22430.3
   22608.8
   22684.4
