     370.7
     620.9
     688.8
    1028.2
    1327.9
    1406.5
    1665.8
    2042.7
    2396.2
    2427.6
    2598.3
    2763.8
    2962.6
    2966.7
    3469.2
    3964.8
    4169.6
    4447.7
    4481.2
    4592.9
    4653.8
    5079.9
    5271.0
    5297.4
    5388.1
    6127.1
    6149.0
    6149.1
    6602.1
    6618.3
    6928.0
    6943.3
    7595.0
    7618.8
    8070.6
    8397.6
    8430.3
    8547.8
    8627.4
    8953.1
    9316.3
    9353.7
    9570.8
    9828.5
   10012.0
   10107.1
   10202.4
   10591.1
   11002.6
   11003.8
   11242.0
   11324.6
   11384.1
   11413.1
   11723.0
   11976.6
   12021.0
   12172.7
   12265.6
   12651.6
   13335.1
   13541.1
   13723.5
   13882.8
   13955.1
   14091.3
   14158.1
   14180.4
   14367.3
   14372.7
   14501.5
   14537.4
   14560.9
   14883.0
   14923.9
   15273.2
   15487.4
   16410.6
   16702.0
   16988.2
   17532.7
   17700.2
   17808.4
   17820.7
   17871.7
   17945.4
   18057.8
   18297.0
   18375.6
   18514.4
   18609.5
   19204.5
   19649.4
   19682.0
   19999.7
   20352.9
   20401.2
   20620.1
   20984.1
   21083.4
   21476.8
   21539.0
   21731.5
   21830.1
   22187.7
   22236.5
   22323.2
   22453.8
   22682.9
   22898.4
