     132.3
     605.8
     748.4
     873.8
     875.3
     929.0
     978.5
    1177.8
    1625.5
    1652.1
    1720.7
    1833.1
    2017.6
    2045.2
    2074.8
    2356.9
    2546.6
    2854.8
    3078.8
    3105.2
    3364.9
    3476.5
    3733.1
    4200.3
    4300.3
    4332.9
    4349.6
    4538.5
    5593.2
    5676.0
    6133.1
    6266.1
    6398.9
    6458.9
    6499.5
    6863.5
    7314.3
    7911.5
    8359.2
    8410.7
    8430.4
    8657.6
    8728.7
    8847.4
    9649.7
    9709.6
    9925.2
   10028.7
   10057.5
   10271.7
   10577.7
   10890.4
   11476.5
   11844.3
   12392.4
   12393.1
   12739.8
   13170.2
   13244.4
   13444.1
   13889.9
   13991.3
   14116.4
   14174.9
   14279.6
   14624.4
   14936.7
   14989.7
   15047.8
   15670.0
   15839.8
   15871.2
   16243.7
   16535.5
   16657.5
   17170.9
   17442.1
   17486.9
   17674.7
   17926.7
   18340.6
   18432.7
   18731.0
   18878.8
   19057.7
   19132.3
   19196.6
   19372.9
   19414.4
   19651.9
   19795.7
   19928.0
   20207.7
   20421.8
   20497.8
   20743.5
   21358.2
   21362.8
   21465.9
   21708.7
   21712.9
   22046.1
   22392.5
   22405.3
   22434.5
