     356.9
     591.2
    1284.5
    1285.4
    1709.0
    1813.1
    1993.0
    2497.0
    2576.4
    2577.8
    2651.8
    2880.7
    3002.2
    3122.5
    3292.7
    3608.5
    3632.7
    3819.1
    3841.4
    4391.5
    4474.5
    4502.5
    4587.8
    5230.1
    5630.1
    5852.5
    6281.7
    6284.6
    6322.5
    6782.0
    6925.6
    7212.5
    7332.7
    7693.4
    7881.0
    8337.7
    8386.4
    8421.3
    8802.1
    8814.0
    9030.7
    9105.2
    9116.0
    9269.7
    9539.0
    9720.4
   10173.8
   10576.6
   10623.4
   11192.5
   11210.1
   11610.3
   11702.7
   11714.9
   11998.2
   12117.9
   12154.4
   12299.4
   12539.0
   12539.4
   12673.9
   12725.2
   12889.6
   13212.0
   13524.0
   13911.1
   14188.2
   14454.2
   14612.9
   14631.0
   14654.8
   14655.5
   14965.4
   15014.9
   15054.2
   15774.7
   15873.0
   15888.2
   16577.2
   17308.2
   17342.7
   17423.9
   17458.2
   18026.8
   18197.3
   18347.3
   18425.0
   18910.4
   19089.0
   19244.4
   19316.7
   19349.7
   19375.6
   19835.3
   19870.8
   20039.8
   20077.3
   20208.3
   20426.2
   20521.7
   21013.8
   21227.2
   21302.9
   21415.4
   21440.0
   21600.6
   21640.6
   22315.5
   22398.8
   22900.9
   22936.4
   22966.6
   22993.6
