     140.0
     545.2
     699.6
     932.4
    1063.1
    1067.1
    1143.9
    1611.1
    1632.1
    1633.9
    1706.1
    1872.8
    2058.4
    2745.7
    3228.5
    3231.1
    3297.4
    3535.0
    3541.1
    3567.1
    3796.5
    3900.0
    4030.0
    4223.2
    4381.1
    4564.4
    4645.7
    4729.4
    4806.7
    5014.9
    5082.4
    5368.9
    5780.5
    6322.1
    6523.4
    6763.2
    6852.2
    6876.1
    6906.8
    7318.3
    7393.0
    7948.7
    8282.8
    8296.3
    8352.2
    8693.2
    8929.2
    9386.1
    9563.1
   10131.7
   10367.0
   10999.7
   11018.1
   11291.8
   11403.5
   11513.3
   11689.1
   11836.8
   11838.0
   11903.3
   12074.2
   12123.7
   12260.5
   12364.4
   12552.3
   12850.3
   12942.2
   13223.0
   13342.6
   13454.8
   13536.6
   13850.7
   13891.4
   14078.5
   14080.3
   14082.0
   14349.3
   14647.1
   14649.2
   14980.0
   15082.0
   15332.6
   15410.1
   15418.4
   15427.6
   15482.6
   15540.8
   15587.7
   15857.2
   16160.6
   16317.3
   16458.9
   16472.9
   16559.9
   16970.5
   16988.4
   17214.5
   17731.3
   17807.9
   17830.8
   18386.5
   18407.4
   18688.8
   18713.2
   19172.7
   19226.9
   19259.7
   19260.6
   19516.6
   19667.8
   20206.6
   20409.5
   20505.3
   20891.2
   20994.0
   21056.5
   21124.8
   21149.1
   21270.9
   21354.3
   21498.9
   22069.7
   22343.5
   22622.2
   22660.3
   22884.3
