       6.3
     111.2
     116.8
     425.7
     891.7
    1038.8
    1078.2
    1213.2
    1970.1
    2633.3
    2712.2
    2833.8
    3524.6
    3825.5
    4049.0
    4205.1
    5163.5
    5802.6
    6113.0
    6115.0
    6295.2
    6440.1
    6462.1
    7006.1
    7200.1
    7302.8
    7889.8
    8052.7
    8070.9
    8105.1
    8269.2
    8858.5
    8908.8
    9034.1
    9084.8
   10199.1
   10340.0
   10793.9
   10818.1
   10841.6
   11127.6
   11171.6
   11215.1
   11363.5
   11749.2
   12160.2
   12370.8
   12377.3
   12379.1
   12519.0
   13176.2
   13259.8
   13315.9
   13359.7
   13375.4
   13609.3
   13890.2
   14024.0
   14288.1
   14367.1
   14574.0
   14794.5
   14818.5
   14927.6
   14947.2
   15035.7
   15065.0
   15220.1
   15502.7
   15582.4
   16042.3
   16155.2
   16193.8
   16244.9
   16309.2
   16608.3
   16618.5
   16648.6
   16945.7
   17044.3
   17080.3
   17117.0
   17172.8
   17573.9
   17871.5
   17906.2
   18260.4
   18305.9
   18344.0
   18730.7
   19026.2
   19134.4
   19152.4
   19174.0
   19213.4
   19357.1
   19443.8
   19619.2
   19880.1
   20018.1
   20095.8
   20114.6
   20597.8
   20639.6
   20813.3
   20871.5
   21255.5
   21255.9
   21278.0
   21349.2
   21409.0
   21435.8
   22165.0
   22261.7
   22725.8
   22891.1
   22907.5
   22926.5
   22991.7
   22995.3
