      50.1
     361.0
     548.6
     709.6
    1077.2
    1425.4
    1666.0
    1820.5
    2038.9
    2258.3
    2326.3
    2502.9
    2515.5
    3342.0
    3404.4
    3423.0
    3473.5
    3492.8
    3581.7
    3616.7
    3723.0
    3801.0
    4153.4
    4348.2
    4381.6
    4559.5
    4585.9
    5091.4
    5782.0
    5868.8
    5894.4
    5975.2
    6018.4
    6310.0
    6380.9
    6696.2
    6723.9
    7301.7
    7552.3
    8128.4
    8555.9
    8569.1
    8635.5
    8849.6
    9123.3
    9269.8
    9423.0
    9445.5
    9946.7
   10281.4
   10288.3
   10300.6
   10379.4
   10442.8
   10639.8
   10692.7
   10816.4
   10877.3
   11300.6
   11532.4
   11799.1
   12113.9
   12199.4
   12200.5
   12339.4
   12386.7
   12392.8
   12534.6
   12540.9
   12550.3
   12733.2
   12785.8
   12878.5
   12928.5
   13313.9
   13315.0
   13553.6
   13745.7
   13927.3
   14016.1
   14284.5
   14345.6
   14538.3
   14591.6
   15035.0
   15088.1
   15243.1
   15440.7
   15481.9
   15592.8
   15619.1
   16626.9
   16851.4
   17462.3
   17845.4
   17862.7
   18208.9
   18385.2
   18748.0
   18862.9
   18949.0
   18990.3
   19034.1
   19106.6
   19660.2
   19853.3
   19997.3
   20063.4
   20693.7
   20731.7
   20843.2
   20969.7
   21318.3
   21829.8
   21989.4
   22125.4
   22785.7
   22918.6
   22922.5
   22951.0
