     162.2
     569.9
     683.9
     874.4
    1307.5
    1445.8
    1494.0
    1607.3
    1916.1
    1987.0
    2587.5
    2650.6
    2762.3
    2773.9
    3062.5
    3280.3
    3360.0
    3438.7
    3732.7
    3740.8
    3826.9
    4272.9
    4567.7
    4988.3
    5202.1
    5206.7
    5367.8
    5979.6
    6123.7
    6333.1
    6356.1
    6495.6
    6932.2
    6999.7
    7005.6
    7669.4
    7850.5
    7942.4
    8687.0
    8760.2
    8944.1
    9188.2
    9259.0
    9916.2
   10055.3
   10393.9
   10406.6
   10622.6
   10962.9
   11027.7
   11400.6
   11417.9
   11498.8
   11638.9
   11702.1
   11765.2
   11766.2
   12094.8
   12230.5
   12244.2
   12330.2
   12503.3
   12554.9
   12591.5
   12719.4
   13146.1
   13271.6
   13324.7
   13408.5
   13592.4
   13879.1
   14171.8
   14307.4
   14598.6
   14761.3
   14790.2
   15060.1
   15235.3
   15236.2
   15247.7
   15371.2
   15549.6
   15596.0
   15624.7
   15905.8
   15968.7
   16480.1
   16652.6
   16831.5
   16956.9
   17088.7
   17464.9
   17507.4
   17528.3
   17620.7
   17860.4
   18120.6
   18137.3
   18178.9
   18189.4
   18190.8
   18283.3
   18485.1
   18649.1
   19106.1
   19173.4
   19208.6
   19375.3
   19476.9
   19625.7
   19886.6
   19917.9
   20170.3
   20185.5
   20454.4
   20669.3
   20705.2
   20722.2
   20843.7
   20965.1
   21184.1
   21202.8
   21253.2
   21391.2
   21528.9
   21700.2
   21948.3
   21997.7
   22068.9
   22630.7
   22849.7
   22928.8
