     273.8
     331.0
     518.7
     613.5
     618.1
     639.6
     651.0
    1223.1
    1415.3
    1843.2
    2422.0
    2590.6
    2730.8
    2813.7
    2832.0
    2938.6
    3129.5
    3316.8
    3436.2
    3450.7
    3512.9
    3821.8
    3930.8
    3934.6
    4444.8
    4651.1
    5067.3
    5167.1
    5238.4
    5528.1
    5770.5
    5932.8
    6032.1
    6064.9
    6175.5
    6194.9
    6530.6
    6671.6
    6757.9
    6802.0
    6805.7
    6902.0
    6930.2
    7053.1
    7061.3
    7128.0
    7473.3
    7902.9
    7946.5
    8267.7
    8298.6
    8436.1
    8603.0
    8776.5
    8932.5
    9054.8
    9135.9
    9297.4
    9314.1
    9425.9
    9886.1
    9951.0
   10363.8
   10437.9
   10518.2
   10648.2
   11100.4
   11661.1
   11755.9
   11761.9
   11836.6
   11912.6
   11971.3
   12291.8
   12427.6
   12594.1
   12611.7
   13013.6
   13091.8
   13314.1
   13425.2
   13558.4
   13708.0
   13725.0
   13955.4
   14000.4
   14045.2
   14091.3
   14329.8
   14387.6
   14555.1
   14582.7
   14906.6
   15003.5
   15124.5
   15332.4
   15363.5
   15400.7
   15587.6
   15943.0
   16175.0
   16248.0
   16298.3
   17087.0
   17220.4
   17356.0
   17836.5
   18456.7
   18887.0
   19276.6
   19443.0
   20027.6
   20106.7
   20652.5
   20676.0
   20928.0
   21103.9
   21123.4
   21155.9
   21162.2
   21304.0
   21539.9
   21631.4
   21674.8
   21949.3
   22066.0
   22068.1
   22073.5
   22116.7
   22280.4
   22620.0
   22637.6
