      75.8
     576.4
     686.6
     787.0
    2057.3
    2143.6
    2519.2
    3061.4
    4071.3
    4247.2
    4397.7
    5527.2
    5562.4
    5607.4
    5879.7
    5993.8
    6471.3
    6889.5
    7080.3
    7112.8
    7488.3
    8365.2
    8469.7
    8593.4
    8768.4
    8853.1
    8890.4
    9567.7
    9798.8
   10015.6
   10593.3
   10842.5
   10946.7
   11300.9
   11442.8
   11599.2
   11810.6
   11897.2
   12167.9
   12684.9
   12771.7
   13194.3
   13243.4
   13672.9
   13802.2
   14658.7
   14757.2
   15081.5
   15389.7
   15459.5
   16664.0
   16693.0
   16903.0
   17140.4
   17259.3
   17360.9
   17699.9
   17964.1
   18382.2
   18548.9
   18713.6
   18742.3
   19066.2
   19155.2
   19422.2
   19572.9
   19589.9
   19702.0
   19892.6
   19956.7
   20484.8
   20490.7
   20514.7
   20592.2
   20637.3
   21048.7
   21195.7
   21316.7
   21366.7
   21424.4
   21523.7
   22041.7
   22162.7
   22551.3
   22865.1
   22885.8
