     448.0
     676.4
     982.7
    1330.8
    1462.4
    1586.8
    1631.6
    1734.9
    2031.1
    2550.0
    3479.9
    3770.5
    3834.9
    3908.4
    4224.4
    4421.3
    4498.7
    5122.5
    5202.3
    5278.5
    5285.8
    5422.6
    5589.0
    5799.2
    6068.9
    6718.4
    7054.5
    7267.8
    7503.6
    7746.9
    8095.9
    8158.7
    8241.9
    8595.8
    8898.5
    9407.7
   10051.7
   10136.6
   10150.0
   10649.6
   10672.6
   10699.0
   10886.9
   10923.3
   10932.1
   11271.6
   11480.6
   11885.0
   12257.7
   12266.7
   12369.7
   12396.0
   12400.5
   12414.8
   12575.6
   12709.8
   12797.4
   13089.8
   13212.5
   13275.9
   13340.2
   13390.6
   13498.6
   13641.2
   13681.2
   13873.0
   14199.0
   14331.2
   14343.8
   14355.3
   14425.7
   14491.7
   14584.7
   14862.0
   14910.6
   15062.3
   15098.6
   15239.9
   15350.4
   15661.7
   15716.4
   15845.2
   16042.8
   16192.4
   16277.2
   16383.4
   16463.3
   16544.0
   16739.5
   17047.2
   17191.5
   17265.8
   17797.4
   17988.6
   18113.5
   18368.1
   18450.2
   18788.4
   18954.5
   19068.6
   19100.5
   19132.0
   19230.2
   19483.9
   19540.2
   19572.1
   19577.6
   19617.6
   19630.7
   20279.1
   20371.7
   20415.5
   20601.2
   20646.8
   20660.0
   20926.5
   21168.0
   21260.5
   21356.6
   21559.1
   21619.1
   22089.7
   22154.6
   22243.0
   22482.7
   22736.3
   22906.4
