     384.6
     590.8
     678.1
    1031.1
    1128.0
    2027.0
    2400.4
    2406.5
    2436.9
    2539.2
    2583.6
    2896.4
    2901.8
    2946.5
    3093.8
    3179.7
    3469.8
    3729.7
    3890.4
    3985.7
    4258.1
    4409.8
    4516.5
    4790.5
    4910.1
    4993.2
    5171.9
    5409.9
    5528.1
    5706.4
    5998.6
    6036.5
    6042.2
    6062.4
    6209.9
    6357.0
    6366.6
    6422.0
    6662.6
    6840.1
    7310.2
    7518.8
    7874.1
    7916.7
    8005.1
    8160.0
    8910.7
    9081.7
    9203.4
    9217.9
    9300.5
    9343.9
    9625.3
    9927.6
   10192.1
   10588.0
   10632.6
   10665.1
   10913.4
   10994.0
   11159.3
   11174.9
   11380.2
   11401.3
   11569.3
   11947.7
   12142.5
   12319.5
   12418.8
   12638.1
   12745.1
   13637.3
   13885.1
   14212.2
   14513.9
   14689.6
   14788.0
   14804.8
   14873.1
   14985.2
   15076.3
   15192.1
   15280.4
   15312.9
   15769.9
   15809.3
   15935.6
   16038.5
   16107.7
   16205.2
   16435.2
   17081.1
   17154.4
   17214.0
   17247.1
   17259.5
   17301.9
   17553.0
   17664.6
   17858.7
   18160.6
   18194.5
   18484.5
   18895.8
   18987.9
   19191.7
   19625.1
   19788.6
   19831.3
   20547.3
   20893.8
   20938.8
   21068.8
   21256.0
   21345.6
   21532.3
   21750.6
   22373.9
   22690.1
   22942.4
   22969.8
