      95.6
     297.8
     421.1
     544.3
     623.9
     948.5
    1101.4
    1123.1
    1192.0
    1265.5
    1326.1
    1338.8
    1368.0
    2304.0
    2543.8
    3004.0
    3044.0
    3050.8
    3084.8
    3574.5
    3646.0
    4096.0
    4313.5
    4895.0
    4970.5
    5326.5
    5418.2
    5578.2
    5677.2
    5852.5
    5894.0
    7004.6
    7124.8
    7251.0
    7283.9
    7365.3
    7432.8
    7692.5
    7724.9
    8272.2
    8291.7
    8326.7
    8352.0
    8478.5
    8780.3
    8876.6
    8884.0
    9076.2
    9113.4
    9156.8
    9190.2
    9275.8
    9414.2
    9497.2
    9734.8
   10296.2
   10403.3
   10464.3
   10511.1
   11201.7
   11270.0
   11446.5
   11544.0
   11747.3
   12108.9
   12174.1
   12815.1
   13006.5
   13033.6
   13234.8
   13289.1
   13317.5
   13340.1
   13493.8
   13814.4
   13880.8
   13985.2
   14053.5
   14524.0
   14737.6
   15087.8
   15332.0
   15549.2
   15575.9
   15639.6
   16128.3
   16373.3
   16375.0
   16405.5
   16529.0
   16961.1
   17171.9
   17185.5
   17192.4
   17312.4
   17358.2
   18054.8
   18170.6
   18476.3
   18516.1
   18711.8
   18774.5
   19025.3
   19255.0
   19557.8
   19620.7
   19650.8
   19858.4
   19976.2
   19980.6
   20447.8
   20636.4
   21093.6
   21178.0
   21212.3
   21392.6
   21554.6
   21738.6
   22082.7
   22160.5
   22216.0
   22509.9
   22554.6
   22620.6
   22622.6
   22893.5
