     202.1
     480.7
     652.6
     766.3
     933.5
    1148.8
    1229.5
    1589.8
    1619.2
    1940.2
    1984.7
    2023.8
    2040.7
    2261.4
    2821.7
    2940.1
    2972.4
    3393.2
    4143.1
    4196.7
    4655.5
    4696.7
    5260.5
    5281.8
    5307.3
    5309.2
    5585.1
    5872.5
    6057.6
    6076.5
    6250.5
    6602.7
    6676.9
    6954.2
    7045.2
    7062.8
    7265.6
    7317.6
    7328.6
    7340.3
    7822.4
    8521.3
    8725.7
    8931.0
    9039.3
    9141.7
    9151.3
    9472.2
    9628.7
    9672.5
   10225.5
   10397.1
   10464.1
   10612.2
   11048.3
   11110.4
   11294.4
   11297.5
   11304.6
   11599.6
   12035.7
   12341.7
   12425.0
   12448.3
   12501.4
   12594.6
   12712.7
   12983.9
   13072.1
   13134.1
   13270.4
   13388.9
   13583.2
   14097.9
   14475.5
   14482.0
   14856.3
   15384.1
   15571.6
   16059.3
   16097.3
   16135.2
   16268.3
   16508.8
   16672.0
   16704.8
   16944.7
   16945.3
   17573.2
   17719.6
   17789.1
   18032.6
   18317.1
   18536.1
   18658.8
   18789.7
   19277.7
   19489.4
   19641.2
   19732.0
   19858.7
   20173.4
   20668.0
   21324.0
   21386.5
   21406.6
   21409.9
   21441.5
   21465.5
   21709.5
   21791.8
   22561.9
   22807.6
