     195.1
     291.1
     521.3
     525.4
     565.0
     624.7
     927.4
    1157.8
    1384.1
    2007.9
    2209.5
    2311.2
    2764.1
    2854.6
    2932.0
    3217.9
    3366.0
    3530.0
    3701.6
    4584.5
    4771.9
    5068.5
    5135.5
    5453.2
    6002.9
    6045.7
    6057.3
    6080.5
    6125.7
    6163.1
    6817.5
    6855.2
    6923.4
    7033.7
    7291.4
    7726.3
    8250.5
    8530.3
    8615.8
    8644.1
    8717.2
    8914.4
    8947.9
    9283.9
    9818.7
    9890.3
   10297.8
   10823.6
   10911.9
   11075.8
   11424.7
   11528.8
   11549.3
   11787.0
   12264.9
   12559.9
   13017.0
   13090.5
   13567.8
   13916.8
   14488.0
   14954.3
   15978.0
   16112.3
   16378.2
   16524.5
   16712.9
   16720.0
   16980.3
   17090.8
   17298.9
   17387.2
   17499.1
   17732.7
   17779.9
   18721.4
   18765.8
   18856.8
   19006.2
   19375.9
   19720.7
   20160.3
   20363.5
   20472.5
   20532.0
   20777.7
   21056.8
   21224.9
   21272.5
   21488.8
   21830.9
   21910.8
   21948.7
   22554.0
   22643.8
   22698.3
   22918.5
   22970.2
   22987.0
