     443.1
     501.8
     770.3
    1531.0
    2375.4
    3286.1
    3326.9
    3420.1
    3468.4
    3768.0
    3827.9
    4023.6
    4203.7
    4362.8
    4482.9
    4576.6
    4739.9
    4761.7
    4848.4
    5076.6
    5312.6
    5363.9
    5776.4
    6079.8
    6405.9
    6460.5
    6583.1
    6838.2
    6987.8
    7311.7
    7653.0
    7843.4
    7940.7
    8706.9
    8774.3
    8986.9
    9033.8
    9183.3
    9356.8
    9371.3
    9373.3
    9464.6
    9513.4
    9548.2
    9649.0
    9996.1
   10028.0
   10057.8
   10418.1
   10708.8
   10784.6
   10807.1
   11129.0
   11238.2
   11286.1
   11297.8
   11457.9
   11565.2
   11740.1
   12239.6
   12727.0
   13375.1
   13406.2
   13422.0
   13563.1
   13609.9
   13874.4
   14030.9
   14142.1
   14163.7
   14210.7
   14214.3
   14260.0
   14555.6
   14556.8
   14723.8
   14922.2
   14932.8
   14943.6
   15050.9
   15059.1
   15201.9
   15958.7
   16104.3
   16108.1
   16611.3
   16647.8
   16821.5
   16904.2
   16923.4
   16948.4
   17012.2
   17065.3
   17308.7
   17551.3
   17653.5
   18097.4
   18197.8
   18485.5
   18562.0
   18952.6
   19031.6
   19035.4
   19084.9
   19101.7
   19798.2
   19946.3
   19985.0
   20120.1
   20481.8
   20527.1
   20587.2
   20830.1
   20913.0
   21184.7
   22114.4
   22177.1
   22313.8
   22359.4
   22384.8
   22423.0
   22584.0
   22756.3
   22951.5
