     355.9
     638.5
     740.5
     838.0
    1028.4
    1185.3
    1189.5
    1394.4
    1838.2
    1903.2
    1961.7
    1997.9
    2046.5
    2393.6
    3006.7
    3225.9
    3226.4
    3690.2
    4029.4
    4226.2
    4231.9
    4733.2
    4929.5
    4958.9
    5041.9
    5112.4
    5199.4
    5413.9
    5521.3
    5548.5
    5815.3
    6008.9
    6027.6
    6588.7
    6831.2
    7056.9
    7095.3
    7285.7
    7393.9
    7458.7
    7601.8
    8050.8
    8123.8
    9030.9
    9232.4
    9429.4
    9730.5
    9834.1
   10075.4
   10095.9
   10229.5
   10367.3
   10606.2
   10654.2
   11544.6
   11941.3
   12181.2
   13149.9
   13234.4
   13270.0
   13276.9
   13609.2
   13696.4
   13707.3
   14440.6
   14563.5
   14810.3
   15222.9
   15293.1
   15405.1
   15415.7
   16250.0
   16369.7
   16443.4
   16608.5
   16897.0
   17015.0
   17281.0
   17509.7
   17569.1
   17999.9
   18035.3
   18103.2
   18120.6
   18136.8
   18141.4
   18375.5
   18430.4
   18539.1
   18621.7
   18853.0
   19125.8
   19134.0
   19325.3
   19436.5
   19835.0
   20149.4
   20830.2
   21167.7
   21215.2
   21268.8
   21448.4
   21803.9
   21870.6
   21991.5
   22174.0
   22555.9
