      47.4
     286.3
     294.1
     955.3
    1078.0
    1199.4
    1418.6
    1572.4
    1651.5
    2126.5
    2215.0
    2462.9
    2590.1
    2765.6
    2799.2
    3237.1
    3458.0
    3681.0
    3845.3
    5392.0
    5432.7
    5491.0
    6005.1
    6579.3
    6736.4
    6832.2
    6925.3
    7098.4
    7457.4
    7624.9
    7652.1
    8105.4
    8168.4
    8294.7
    8301.6
    8383.2
    8424.3
    8538.9
    8726.0
    9436.1
    9717.2
    9979.4
   10444.8
   10649.0
   10689.3
   10869.2
   10970.9
   11645.8
   11810.6
   12158.9
   12296.6
   12412.4
   12688.9
   12751.1
   12813.4
   12995.9
   13552.5
   13623.6
   13848.9
   14470.9
   14486.6
   14942.4
   15037.0
   15082.4
   15264.2
   15607.7
   15613.5
   15761.3
   15806.9
   15824.1
   15898.1
   16206.2
   16349.0
   16492.2
   16761.4
   17384.1
   17466.4
   17912.1
   18132.3
   18185.1
   18842.4
   19365.2
   19413.9
   19563.4
   19949.7
   20460.3
   20669.9
   20922.3
   20983.3
   21021.5
   21154.9
   21242.0
   21409.2
   21546.0
   21638.6
   21654.9
   21912.4
   21929.6
   22251.8
   22390.7
   22682.6
   22856.0
   22947.4
   22977.3
