    1013.1
    1626.7
    1688.3
    2060.6
    2152.8
    3007.4
    3044.3
    3328.7
    3766.3
    4354.3
    5131.7
    5459.5
    5536.7
    5613.0
    5633.6
    5639.8
    5724.3
    5980.8
    6308.7
    6436.5
    6497.6
    6576.9
    6948.1
    7026.5
    7392.1
    7805.2
    7806.5
    7853.5
    8038.6
    8166.2
    8266.6
    8282.3
    8355.2
    8493.1
    9077.4
    9109.4
    9467.2
    9967.6
   10154.9
   10692.4
   10728.9
   10897.5
   10918.9
   10925.7
   11376.0
   11426.5
   11896.4
   12141.5
   12343.2
   12543.9
   12914.8
   12981.8
   13188.5
   13429.0
   13622.4
   13777.0
   14017.6
   14128.5
   14291.0
   14293.4
   14519.6
   14793.2
   15011.9
   15424.7
   15454.0
   15461.1
   16168.6
   16354.1
   16429.2
   16435.5
   16743.0
   17558.9
   18085.0
   18221.7
   18462.7
   18859.2
   19340.5
   19434.1
   19720.1
   19852.5
   20320.2
   20423.8
   20548.4
   20781.8
   20927.1
   20965.2
   20988.9
   21172.8
   21366.6
   21384.2
   21610.5
   21758.5
   22106.0
   22225.0
   22324.3
   22579.6
   22624.8
   22654.4
   22699.5
   22783.5
