     474.3
     480.1
     517.8
     552.1
     731.5
     771.2
     774.9
     860.6
    1108.7
    1302.3
    1365.1
    1367.2
    1440.2
    1446.3
    1450.6
    1521.4
    2312.2
    2530.8
    2682.4
    3029.0
    3061.1
    3101.0
    3358.5
    3998.9
    4318.7
    4340.3
    4435.3
    4462.9
    5297.2
    5736.9
    5854.3
    5859.1
    6041.2
    6461.8
    6492.0
    6659.1
    6850.3
    6977.4
    7385.0
    7430.0
    7433.1
    7434.8
    7790.9
    7982.0
    8089.7
    8662.9
    8948.0
    9318.7
   10212.2
   10362.1
   10467.7
   10566.1
   10615.7
   10742.3
   10810.0
   11153.2
   11184.6
   11307.6
   11457.5
   11890.4
   11943.1
   12103.4
   12344.2
   12670.7
   12896.0
   12950.1
   13882.1
   13910.7
   13957.2
   14236.4
   14266.9
   14325.9
   14442.1
   14705.8
   14908.3
   14959.3
   15234.1
   15880.3
   15883.7
   16029.3
   16035.9
   16335.8
   16673.7
   16821.8
   16976.7
   17056.6
   17179.3
   17366.2
   17413.3
   17518.3
   17560.8
   17693.0
   17831.7
   18382.6
   19133.9
   19344.1
   19354.1
   19414.4
   19474.1
   19886.7
   20081.3
   21394.9
   21408.4
   21494.4
   21496.1
   21689.3
   21800.6
   22055.9
   22392.8
   22804.8
