     254.2
     304.8
    1067.4
    1236.1
    1381.7
    1944.9
    2266.2
    2282.6
    2308.2
    2632.0
    2929.1
    3050.1
    3089.0
    3099.6
    3258.5
    3377.8
    3433.4
    3501.4
    4201.2
    4701.0
    5049.9
    5197.7
    5249.5
    5289.4
    5322.4
    5486.6
    5550.9
    5598.8
    5823.7
    5913.6
    5981.4
    6056.4
    6156.8
    6248.8
    6425.5
    6461.5
    6797.5
    6885.2
    6924.2
    6982.3
    7153.6
    7221.5
    7621.8
    7771.1
    7852.1
    8106.5
    8575.9
    8888.0
    9323.1
    9360.7
    9544.3
    9845.9
    9903.1
   10812.6
   11067.9
   11207.9
   11209.3
   11248.7
   11720.2
   12264.6
   12294.1
   12741.0
   13257.8
   13613.0
   13897.3
   13963.8
   13974.5
   14217.8
   14694.9
   14769.7
   15073.5
   15479.9
   15558.1
   15601.4
   15930.8
   16653.0
   16764.4
   16945.7
   17613.8
   17863.0
   18023.4
   18203.3
   18249.5
   19409.4
   19614.7
   19658.5
   19812.2
   19817.7
   19847.2
   20078.2
   20325.6
   20919.8
   20943.4
   21253.5
   21536.2
   21630.9
   21761.0
   21790.8
   21974.8
