      12.7
     206.2
     228.5
     631.6
     965.1
    1100.3
    1300.7
    1893.8
    2053.0
    2428.5
    2804.6
    3138.0
    3201.6
    3430.3
    3499.0
    3915.9
    4044.3
    4137.6
    4221.1
    4242.4
    5065.4
    5128.3
    5183.8
    5196.8
    5207.9
    5320.3
    5852.0
    5865.1
    6043.2
    6230.5
    6436.0
    6466.1
    6592.2
    6835.0
    7058.6
    7567.7
    8026.8
    8286.9
    8322.4
    8347.0
    9074.2
    9121.7
    9296.3
    9510.3
   10941.3
   11040.2
   11273.9
   11417.9
   11756.4
   11857.7
   12209.9
   12317.0
   12376.3
   12610.9
   13428.8
   13897.6
   13937.1
   14160.0
   14790.9
   15052.7
   15290.1
   15298.4
   15525.6
   15571.7
   15581.6
   15693.8
   15795.4
   15835.5
   16206.7
   16457.4
   16508.8
   16696.6
   16735.1
   16990.8
   17060.9
   17480.2
   17857.6
   17929.9
   17957.4
   18051.0
   18074.3
   18668.3
   18720.5
   18928.3
   19059.8
   19467.9
   19725.1
   19846.3
   20233.4
   20419.9
   20610.4
   20766.7
   21265.0
   21360.5
   21751.8
   21908.5
   22131.7
   22287.7
   22509.1
   22885.2
