     433.6
     666.3
     874.2
    1127.0
    1176.9
    1419.2
    1641.6
    1660.4
    1727.2
    1806.3
    2150.7
    2739.0
    3598.7
    3610.7
    3706.3
    3993.2
    4206.4
    4351.9
    4837.5
    5159.5
    6117.4
    6440.2
    6446.2
    6559.0
    6672.4
    6820.8
    7004.5
    7036.6
    7696.4
    7774.4
    8069.4
    8287.3
    8900.5
    9159.7
    9361.5
    9704.6
    9752.3
   10180.1
   10194.3
   10265.1
   10505.4
   10736.3
   10861.3
   11479.7
   11731.9
   11917.9
   12049.1
   12923.3
   13048.9
   13049.9
   13097.0
   13137.7
   13441.4
   13671.0
   13793.6
   13907.4
   14046.0
   14231.9
   14358.3
   14778.0
   14861.9
   14898.6
   15134.4
   15509.5
   15582.7
   16232.0
   16330.0
   16803.3
   16950.5
   17256.6
   17421.5
   17805.4
   17886.1
   17987.1
   18176.3
   18181.8
   18317.9
   18553.6
   18688.5
   19182.9
   19288.8
   19443.2
   19469.2
   19641.8
   19644.4
   19953.1
   20051.3
   20098.2
   20109.4
   20470.4
   20795.3
   21048.5
   21276.8
   21330.6
   21384.9
   21603.4
   21652.7
   21807.2
   21864.2
   22022.0
   22103.8
   22267.2
   22277.2
   22308.9
   22461.1
   22534.8
