     190.1
     369.4
     614.5
     918.9
     955.6
    1182.1
    1216.4
    1230.7
    1273.2
    1399.0
    1549.0
    1687.8
    1885.1
    2065.1
    2152.4
    2524.8
    2531.5
    2585.7
    2605.5
    2985.4
    3202.1
    3220.7
    3330.6
    3445.2
    3784.2
    4080.9
    4123.1
    4300.9
    4340.9
    4736.4
    5050.1
    5188.8
    5325.6
    5560.1
    5753.7
    5880.3
    5976.7
    6356.5
    6693.3
    6959.0
    7480.4
    8052.8
    8100.2
    8351.9
    8397.9
    8489.7
    9161.8
    9190.6
    9304.7
    9352.8
    9352.9
    9802.9
   10071.7
   10259.1
   10404.7
   10581.8
   10788.3
   10808.1
   10986.2
   11117.0
   11122.2
   11198.5
   11767.8
   11978.5
   12296.4
   12330.1
   12362.5
   12917.6
   13040.9
   13208.0
   13541.7
   13635.7
   13673.7
   13737.6
   14135.9
   14148.0
   14208.2
   14400.5
   14435.0
   14907.7
   15665.5
   15694.5
   16038.5
   16156.5
   16318.2
   16324.3
   16548.6
   16568.0
   16658.9
   16697.3
   16712.5
   17153.1
   17174.6
   17407.9
   17502.4
   17720.6
   17883.5
   18174.9
   18197.8
   18282.5
   18413.1
   18723.4
   18853.2
   18997.9
   19002.6
   19102.5
   19260.0
   20127.8
   20341.5
   20657.6
   20840.7
   21042.3
   21211.1
   21227.4
   21736.4
   22011.4
   22236.0
   22238.8
   22379.0
   22668.6
   22687.0
