     207.7
     208.8
     216.9
     369.3
     481.0
     648.8
     717.3
    1071.6
    1279.9
    1858.3
    1925.6
    2072.3
    2121.9
    2548.7
    2859.9
    2957.9
    3238.6
    3548.1
    3978.1
    4287.9
    4711.9
    4719.7
    4858.4
    5180.9
    5246.6
    5391.6
    5591.4
    5596.3
    5913.4
    6024.9
    6350.8
    6537.1
    6616.1
    6889.6
    7549.0
    7594.4
    7921.4
    8209.0
    8418.2
    8418.7
    8579.4
    9433.1
    9550.1
    9665.2
    9890.0
    9937.2
   10181.8
   10910.7
   11054.0
   11090.4
   11178.4
   11438.1
   11492.7
   11554.9
   11780.6
   11872.0
   11973.9
   12215.1
   12252.2
   12475.5
   12897.0
   13071.8
   13153.6
   13331.0
   13405.8
   13480.8
   13500.8
   13608.3
   13697.9
   13707.7
   13716.2
   14032.9
   14141.8
   14188.1
   14488.8
   14930.1
   15249.8
   15466.2
   15577.9
   15639.5
   15759.9
   15864.1
   16223.6
   16579.1
   16714.1
   16774.3
   16777.5
   17234.8
   17425.0
   17675.7
   17735.4
   17738.6
   18093.0
   18150.6
   18211.0
   18431.6
   18482.1
   18955.9
   19068.3
   19295.4
   19306.1
   19482.9
   19491.6
   19510.2
   19739.3
   19743.3
   19906.9
   20352.6
   20624.2
   20890.0
   21051.1
   21371.7
   21529.3
   21629.0
   21771.9
   21924.1
   22138.6
   22176.9
   22205.2
   22327.9
   22596.9
   22603.9
