     323.5
     624.4
     722.1
    1052.4
    1244.1
    1486.6
    1572.8
    1579.9
    1624.6
    1754.4
    2553.4
    2646.6
    2718.6
    2738.3
    2772.3
    2995.0
    3089.2
    3163.4
    3341.7
    3486.8
    3950.6
    4044.5
    4379.0
    4680.2
    4741.9
    4850.3
    5293.7
    5484.8
    5554.7
    5572.8
    5613.8
    5739.1
    5761.1
    5785.5
    6089.8
    6344.5
    6603.7
    6787.2
    6897.6
    7103.3
    7237.0
    7379.4
    7390.5
    7708.2
    7820.8
    7825.2
    8014.7
    8109.0
    8256.4
    8660.6
    8726.6
    9016.7
    9095.5
    9226.7
    9281.4
    9567.4
    9718.6
    9902.2
   10015.8
   10087.7
   10477.6
   10507.4
   10704.2
   10951.4
   11214.6
   11515.9
   11608.5
   11765.5
   11797.7
   11817.6
   11919.3
   11932.2
   12128.1
   12379.7
   12960.0
   13060.5
   13666.6
   13808.3
   14679.8
   14761.5
   14825.5
   14908.0
   15164.4
   15418.7
   15737.9
   15794.0
   16108.8
   16149.8
   16519.9
   16647.8
   16780.7
   16785.5
   16955.1
   17353.2
   17396.1
   17586.6
   17591.3
   17946.9
   18173.8
   18249.9
   18326.9
   18380.6
   18556.7
   18679.3
   18699.0
   18764.8
   18890.0
   18978.6
   19126.0
   19360.8
   19385.9
   19829.6
   19914.3
   19950.1
   20003.3
   20291.0
   20397.2
   20465.0
   20591.2
   21009.9
   21194.5
   21375.7
   21624.3
   21711.6
   21803.4
   21962.9
   22032.8
   22489.5
   22647.7
   22767.3
   22771.9
   22927.0
   22952.4
