      51.7
     153.6
     180.4
     435.7
     523.7
     536.6
     871.4
     914.0
     929.2
    1274.2
    1643.0
    1664.5
    1777.5
    1955.9
    2136.6
    2380.7
    3216.8
    3249.1
    3270.3
    3740.2
    3816.9
    4252.1
    4448.4
    5044.9
    5192.1
    5752.1
    5927.1
    5944.3
    6324.5
    6516.3
    6531.2
    6580.3
    7424.2
    7564.5
    7620.7
    8107.7
    8558.1
    8930.5
    8973.7
    9035.6
    9386.9
    9460.8
    9640.6
    9785.1
    9809.2
   10145.0
   10364.4
   10533.7
   10542.9
   10798.1
   11143.9
   11379.0
   11618.2
   11631.8
   11778.2
   11893.7
   11918.0
   12074.6
   12462.1
   12560.3
   13018.9
   13134.1
   13963.2
   14014.3
   14030.0
   14189.5
   14463.0
   14878.3
   15306.9
   15625.2
   15895.9
   16365.7
   16431.7
   16512.0
   16646.6
   16665.3
   16697.5
   17417.8
   17422.3
   17740.9
   17891.2
   17968.7
   18597.2
   18754.7
   18972.7
   19134.6
   19840.8
   20099.9
   20296.4
   20375.0
   21051.4
   21211.2
   21360.1
   21695.6
   21877.0
   21947.0
   22128.8
   22149.4
   22192.4
   22234.4
   22644.7
   22792.5
   22827.3
