     294.9
     566.1
     600.9
     631.2
     655.9
     834.3
     939.6
    1043.1
    1862.9
    2012.7
    2080.9
    2128.5
    2138.9
    2411.5
    2565.4
    2726.6
    2954.1
    3389.4
    3443.5
    3447.7
    3514.4
    3557.9
    3776.2
    3784.1
    3817.7
    3832.0
    3965.2
    4260.8
    4533.6
    4969.2
    5146.7
    5337.7
    5338.8
    5432.9
    5520.6
    5577.4
    6009.9
    6155.6
    6263.5
    6704.2
    6840.4
    6992.9
    7027.9
    7118.6
    7785.4
    7845.9
    8054.2
    8312.6
    9083.0
    9206.8
    9472.2
    9569.6
    9606.1
    9931.4
   10421.3
   10522.1
   10543.1
   10568.4
   10759.9
   10893.5
   11065.6
   11122.2
   11300.2
   11603.8
   11969.5
   12266.8
   12376.9
   12431.2
   12782.2
   12972.1
   12994.5
   13483.7
   14410.7
   14682.9
   14740.7
   14768.1
   14787.0
   14909.1
   15082.3
   15129.3
   15437.4
   15651.4
   15909.0
   15963.4
   16056.6
   16397.1
   16571.2
   17024.5
   17279.8
   17509.4
   17576.9
   17651.3
   17719.7
   17761.7
   18066.2
   18230.5
   18280.5
   18604.8
   18631.5
   18728.0
   18734.2
   19040.6
   19232.6
   19285.7
   19567.3
   19727.8
   19827.1
   19962.0
   20104.6
   20391.1
   20580.0
   21015.7
   21233.6
   21505.5
   21517.9
   21545.7
   21553.2
   21651.3
   21756.3
   21763.0
   22034.7
   22087.4
   22153.8
   22677.8
   22792.2
