       3.6
       6.6
     380.8
     585.1
     648.4
     787.1
     798.9
     807.9
    1119.5
    1255.4
    1477.1
    1788.3
    2013.3
    2228.6
    2368.3
    2456.8
    2479.3
    2546.6
    2854.5
    3096.3
    3292.5
    3429.2
    3481.8
    3589.5
    3775.3
    3800.4
    3883.3
    3960.6
    4225.5
    4326.8
    4515.5
    4534.6
    4699.5
    4889.1
    5301.8
    5354.0
    5512.8
    5769.2
    5811.7
    5998.4
    6114.9
    6191.7
    6464.4
    6856.1
    6901.0
    7500.9
    7866.7
    7963.6
    8084.9
    8268.7
    8367.7
    8407.7
    8491.0
    9039.9
    9082.4
    9255.5
    9419.5
    9939.7
   10041.5
   10111.6
   10238.2
   10461.0
   10546.8
   10596.2
   10785.6
   10954.3
   11051.8
   11133.2
   11183.1
   11186.6
   11529.2
   11595.4
   11843.5
   11848.8
   11860.0
   12115.6
   12238.2
   12479.6
   12654.6
   12655.0
   12682.9
   12915.5
   13073.1
   13380.8
   13595.3
   13839.8
   13939.5
   13980.4
   13991.6
   14757.5
   14955.2
   15239.9
   15293.9
   15408.0
   15708.5
   15744.5
   16182.0
   16185.3
   16639.2
   16957.7
   17017.8
   17078.2
   17149.2
   17202.2
   17257.6
   17953.1
   18169.7
   18317.3
   18647.5
   18654.2
   18776.0
   19099.7
   19570.6
   19625.5
   19841.7
   20337.1
   20476.0
   20584.9
   20605.8
   20892.9
   20930.9
   21033.3
   21194.1
   21506.4
   22080.0
   22172.1
   22469.7
   22517.0
