     177.4
     193.8
     391.6
     600.9
     700.3
    1033.2
    1039.0
    1088.8
    1100.7
    1261.7
    1288.3
    1307.2
    1379.3
    1395.4
    1406.6
    1728.3
    1983.4
    2482.0
    2604.8
    2657.9
    2682.9
    2799.6
    2886.8
    3004.6
    3115.3
    3209.1
    3297.9
    4162.8
    4233.2
    4752.4
    4882.6
    4951.1
    5203.8
    5303.1
    5839.4
    5887.0
    5944.5
    6062.4
    6070.4
    6191.9
    6581.4
    6606.6
    6681.3
    6723.6
    6927.5
    7059.6
    7403.9
    8114.0
    8156.0
    8775.0
    8874.1
    8919.7
    9059.6
    9227.0
    9263.4
    9266.9
   10057.7
   10239.0
   10348.9
   10754.9
   11260.5
   11310.3
   11459.9
   11564.0
   11635.0
   11681.3
   12049.7
   12200.0
   12785.8
   12863.7
   13180.0
   13360.3
   13404.5
   13849.3
   13892.2
   14012.8
   14181.2
   14247.4
   14378.7
   14420.9
   14592.1
   14629.4
   14949.8
   15047.3
   15268.2
   15375.0
   15709.1
   15918.4
   15932.6
   17026.1
   17091.4
   17119.9
   17186.5
   17361.9
   17506.2
   18071.5
   18080.7
   18082.5
   18674.3
   18760.4
   18891.8
   18937.9
   19211.4
   19229.9
   19242.9
   19474.0
   19734.5
   19871.1
   19923.7
   19982.1
   20208.3
   21409.0
   21556.5
   21714.4
   21790.6
   21799.1
   21869.7
   21962.4
   22107.2
   22404.7
   22562.7
   22589.5
   22725.6
   22964.7
   22971.6
