     235.6
     355.6
     769.9
     811.4
     825.7
    1007.9
    1511.5
    1668.5
    2671.3
    2716.9
    2943.0
    3192.6
    3403.4
    3491.6
    3566.7
    3727.8
    3879.8
    4111.8
    4287.4
    4510.4
    4742.4
    5082.3
    5128.0
    5351.0
    5376.9
    5436.7
    5450.1
    5547.6
    5754.5
    5758.0
    5825.8
    6085.4
    6186.6
    6271.9
    6753.7
    6764.8
    7127.4
    7181.0
    7448.4
    7595.0
    7617.8
    7650.6
    8061.8
    8353.0
    8408.8
    8582.2
    8926.0
    9045.8
    9342.2
    9375.5
    9461.6
    9620.9
    9940.1
   10008.9
   10141.2
   10270.7
   10613.6
   10710.4
   10774.8
   11077.4
   11681.0
   12774.8
   12952.8
   13343.4
   13645.0
   13720.8
   13752.3
   14195.8
   14349.4
   14385.1
   14666.2
   14810.1
   14945.5
   14993.7
   15087.0
   15673.0
   15907.6
   16003.3
   16107.3
   16266.4
   16278.2
   16337.8
   16433.8
   16472.3
   16637.5
   16770.7
   16982.0
   17378.3
   17395.6
   17446.7
   18020.4
   18306.9
   18454.3
   18541.6
   18744.7
   18775.4
   18871.6
   19216.1
   19274.9
   19367.3
   19417.1
   19618.7
   19627.9
   20107.6
   20275.3
   20538.4
   20909.2
   20927.3
   21331.9
   21422.9
   21599.7
   21706.1
   21743.1
   21905.3
   21912.3
   22045.2
   22308.6
   22402.9
   22605.3
