       5.3
     114.5
     123.3
     331.0
     660.3
     706.0
     723.0
     888.4
    1434.7
    1693.6
    1738.0
    1745.8
    1772.8
    1859.8
    2025.9
    2783.9
    2859.7
    2883.2
    2970.6
    3527.4
    3717.2
    4017.1
    4161.0
    4335.5
    4511.4
    4802.1
    4926.7
    4934.8
    5122.7
    5256.3
    5816.2
    6593.8
    6973.2
    7038.6
    7379.9
    7864.6
    8014.8
    8290.6
    8332.2
    9020.5
    9547.2
    9551.4
    9811.3
    9966.4
   10313.7
   10379.8
   10528.8
   10566.7
   10576.5
   10603.4
   10967.7
   10989.8
   11083.8
   11461.5
   11479.1
   11488.1
   11949.5
   12026.7
   12154.1
   12233.3
   12441.5
   12457.8
   12758.3
   12891.1
   13500.9
   13722.0
   14104.8
   14145.6
   14215.8
   14253.2
   14692.0
   14715.9
   15271.5
   15331.5
   15351.6
   15421.6
   15692.5
   15837.1
   16140.9
   16433.8
   16711.3
   16739.8
   16744.2
   16771.6
   16903.8
   17162.0
   17658.0
   17800.9
   18002.0
   18014.7
   18062.3
   18087.8
   18409.2
   18530.4
   18724.0
   18861.2
   19165.1
   19539.6
   20292.6
   20503.5
   20521.3
   21002.5
   21025.0
   21414.7
   21414.8
   21780.0
   21831.9
   21850.7
   22140.5
   22207.0
   22283.0
