      56.9
     354.5
     377.4
     850.1
    1413.7
    1421.1
    1899.3
    1965.3
    2192.4
    2678.3
    2817.4
    3597.8
    4031.4
    4259.7
    4314.8
    4511.3
    4740.1
    4998.8
    4999.9
    5583.7
    5714.5
    6090.0
    6128.0
    6165.7
    6479.8
    6553.4
    6647.0
    7112.9
    7682.8
    8015.4
    8157.7
    8229.3
    8294.4
    8500.4
    8526.8
    8721.9
    9047.6
    9215.8
    9499.4
    9663.9
    9681.6
    9874.7
   10079.7
   10259.8
   10341.3
   10517.0
   10601.7
   10819.9
   10889.7
   10897.3
   11117.6
   11623.9
   12009.6
   12020.5
   12392.0
   12642.2
   12776.7
   12799.4
   12838.0
   12851.6
   12931.1
   12994.6
   13087.6
   13278.0
   13485.8
   13551.3
   14006.9
   14048.2
   14136.5
   14738.9
   14809.0
   15040.3
   15278.5
   15797.5
   15800.8
   16463.3
   16628.8
   16633.0
   17381.5
   17458.5
   17732.8
   17832.8
   18011.5
   18177.4
   18186.9
   18255.1
   18321.6
   18576.7
   18846.9
   18854.1
   19071.5
   19287.3
   19354.8
   19541.5
   19648.2
   19658.4
   19773.2
   20566.3
   20761.0
   20786.5
   21022.2
   21076.4
   21219.1
   21219.7
   21224.7
   21253.3
   21513.7
   21533.0
   21533.2
   21802.6
   21978.6
   21992.2
   22091.8
   22297.4
   22431.2
