      20.1
     791.6
    1060.3
    1543.2
    1611.7
    1629.8
    1919.2
    2129.3
    2225.7
    2279.6
    2927.0
    3265.0
    3665.5
    3695.2
    4106.8
    4274.1
    4413.8
    4823.7
    5030.4
    5290.7
    5556.6
    5582.2
    5646.7
    5765.1
    6212.7
    6356.1
    6469.0
    6744.5
    6828.0
    6833.1
    6940.6
    7180.0
    7180.1
    7314.2
    7396.0
    7417.0
    7418.2
    7618.3
    7633.7
    7745.5
    7789.7
    7819.0
    8192.6
    8389.4
    8524.4
    8674.9
    8986.9
    9174.9
    9192.4
    9229.8
    9252.0
    9273.5
    9298.1
    9298.7
   10263.5
   10278.3
   10367.3
   10400.3
   10573.1
   10863.8
   10865.6
   10900.6
   10940.4
   11093.5
   11130.5
   11161.8
   11353.1
   11400.3
   11435.4
   11514.5
   11681.8
   11772.8
   11835.1
   11846.6
   11897.1
   11919.0
   11968.6
   12436.7
   12495.3
   13045.2
   13281.7
   13714.5
   14072.3
   14348.9
   14397.0
   14799.7
   14865.4
   15506.0
   15545.5
   15869.2
   15981.5
   16039.8
   16264.9
   16508.1
   16611.5
   16691.8
   16862.0
   16906.6
   16940.0
   17109.2
   17154.4
   17170.9
   17541.7
   17707.7
   17774.1
   17907.0
   18747.6
   18989.5
   19045.1
   19404.7
   19430.3
   19706.5
   19717.8
   20018.9
   20545.9
   20796.2
   21093.1
   21325.0
   21419.1
   21483.2
   21517.8
   21656.9
   21886.1
   22295.9
   22356.6
   22361.0
   22844.5
