     115.7
     303.7
     700.6
     922.6
    1049.8
    1173.5
    1223.1
    1343.0
    2011.3
    2311.2
    2504.1
    2533.4
    2569.7
    2797.4
    2883.7
    2891.3
    2993.5
    3081.2
    3122.8
    3160.2
    3232.9
    3588.8
    3591.2
    3608.4
    3836.0
    4111.4
    4877.1
    5064.3
    5419.4
    5561.8
    5761.3
    5874.1
    6066.8
    6264.0
    6526.8
    6569.6
    7002.9
    7104.3
    7322.5
    7555.0
    7714.3
    8311.4
    8460.3
    8523.0
    9339.2
    9367.6
    9536.2
    9717.3
    9848.7
    9931.4
    9933.4
   10146.7
   10782.2
   10856.6
   11357.9
   11391.1
   11638.3
   11684.7
   11769.5
   11841.4
   12180.9
   12269.1
   13006.4
   13097.7
   13182.5
   14317.4
   14320.7
   14355.8
   14689.9
   14746.7
   14851.7
   14866.7
   14941.1
   15279.6
   15403.6
   15726.3
   16273.4
   16320.1
   16456.7
   16527.7
   16902.7
   16964.1
   17018.6
   17650.8
   17916.0
   17997.7
   18210.7
   18252.6
   18349.2
   19308.5
   19351.0
   19353.6
   19508.6
   19611.7
   19758.3
   20019.9
   20800.5
   20878.8
   20926.6
   21004.5
   21534.4
   21537.5
   21723.6
   21852.2
   21854.4
   21996.1
   22128.1
   22310.6
   22397.2
   22415.7
   22522.7
