      88.0
     131.3
     291.3
     979.3
    1040.1
    1059.2
    1061.6
    1591.5
    1919.4
    1924.0
    1947.8
    2027.4
    2051.8
    2345.8
    2406.5
    2459.3
    2544.6
    3024.0
    3121.7
    3228.8
    3386.6
    3971.5
    4269.8
    4416.5
    4420.7
    4621.4
    4792.1
    5054.5
    5170.7
    5291.4
    5386.4
    5641.6
    5734.5
    5886.4
    5887.7
    6392.7
    6577.2
    6769.7
    6771.3
    6809.2
    7081.5
    7400.6
    7726.2
    8063.6
    8535.1
    8598.5
    8619.0
    8661.2
    8983.3
    9443.5
    9562.4
    9948.9
   10066.4
   10202.9
   10337.2
   10464.8
   10733.3
   10785.4
   11180.3
   11214.9
   11505.4
   11773.8
   12051.4
   12123.8
   12627.1
   12668.0
   12850.2
   12944.0
   13038.1
   13052.5
   13087.9
   13111.3
   13509.0
   13530.4
   13607.5
   13636.5
   13879.6
   14160.4
   14294.0
   14570.3
   14598.4
   14718.3
   15002.8
   15264.5
   15376.5
   15493.9
   15615.9
   15698.4
   17016.2
   17172.9
   17329.5
   17684.9
   17701.8
   17883.0
   18002.6
   19035.8
   19089.1
   19222.7
   19274.2
   19328.9
   19368.1
   19461.1
   20064.9
   20150.5
   20242.8
   20378.4
   20434.8
   20829.0
   20941.6
   20986.5
   21786.2
   21902.3
   22186.2
   22254.3
   22277.8
   22345.6
   22601.6
   22757.3
