     451.7
     622.2
     976.6
    1031.5
    1380.3
    1439.7
    1587.8
    1769.1
    1908.3
    1925.2
    1993.7
    2083.6
    2783.3
    3231.5
    3312.9
    3533.3
    3641.5
    3646.2
    3872.9
    4029.0
    4248.3
    4568.7
    4824.0
    4876.3
    5144.6
    5358.1
    5387.1
    5724.9
    6049.6
    6357.4
    6510.8
    6761.7
    7072.3
    7274.5
    7391.2
    7396.1
    7483.1
    7801.0
    7883.1
    7901.5
    7936.3
    8061.3
    8148.9
    8452.5
    8491.3
    8506.9
    8775.3
    8778.2
    8803.5
    9312.0
    9642.5
    9803.6
    9864.2
   10093.3
   10218.6
   10461.1
   10689.1
   10911.4
   10938.3
   11764.1
   11881.8
   12398.6
   12438.5
   12898.1
   12970.4
   13361.0
   13401.2
   13458.3
   13856.4
   14360.5
   14618.4
   14661.6
   14695.2
   14932.9
   15241.8
   15329.3
   15442.0
   15477.0
   15478.7
   15519.5
   15642.4
   16039.7
   16040.4
   16458.7
   16479.7
   16492.2
   16667.3
   17320.3
   17361.2
   17604.3
   17854.2
   17862.8
   18109.6
   18165.8
   18475.7
   18481.9
   18807.3
   19129.3
   19303.5
   19362.7
   19528.7
   19613.0
   19701.8
   20444.9
   20665.6
   21212.4
   21755.6
   21924.3
   22089.2
   22243.4
   22361.8
   22901.2
