     105.9
     209.3
     252.6
     637.9
     714.8
     738.6
     756.2
    1328.9
    1380.1
    1756.5
    1960.1
    2543.9
    2562.3
    2734.9
    2891.6
    2953.7
    3045.2
    3416.1
    3631.2
    3646.0
    3662.3
    3673.5
    3924.2
    4044.3
    4171.9
    4215.1
    4495.8
    4686.2
    4697.5
    4745.9
    4852.1
    5268.2
    5798.0
    5898.5
    6004.6
    6218.7
    6940.1
    7286.4
    7337.1
    7900.9
    7915.8
    7958.4
    8502.6
    8509.8
    8903.7
    9505.1
    9839.8
   10100.1
   10203.2
   10446.9
   10561.6
   10880.4
   11171.7
   11470.7
   11847.4
   12027.1
   12380.4
   12484.6
   12549.2
   12604.6
   12671.2
   12994.2
   13543.2
   13709.8
   13746.8
   13987.9
   14239.4
   14336.7
   14732.8
   14893.4
   15157.8
   15353.2
   15399.9
   15935.5
   15967.6
   16033.7
   16093.0
   16093.6
   16295.3
   16338.2
   16355.4
   17130.9
   17285.9
   17413.0
   17415.2
   17428.7
   17496.2
   17512.2
   17516.5
   17562.4
   18292.8
   18642.0
   18853.3
   19024.5
   19075.8
   19144.8
   19190.3
   19505.4
   19526.6
   19590.0
   19810.2
   20059.1
   20432.9
   20435.4
   20451.6
   20502.4
   20693.1
   21555.1
   21784.3
   22714.0
   22891.1
