     420.1
     702.9
    1063.0
    1165.9
    1283.0
    1417.7
    2135.6
    2312.0
    2336.3
    2375.0
    2386.5
    2466.6
    2807.9
    3183.1
    3564.9
    3664.6
    3709.6
    3898.0
    4225.1
    4386.4
    4459.1
    4599.8
    4919.4
    5045.9
    5189.2
    5911.0
    6327.3
    6602.9
    6742.1
    6858.8
    7217.1
    7290.9
    7348.6
    7443.2
    7468.1
    7634.6
    7719.3
    8011.9
    8158.9
    8168.0
    8517.6
    8659.8
    8849.3
    8952.7
    9289.1
    9603.6
   10071.2
   10308.0
   11064.0
   11557.1
   11682.3
   11851.2
   12053.9
   12361.9
   12463.5
   12646.9
   12803.8
   13076.4
   13321.6
   13524.2
   13601.0
   13869.9
   13908.0
   13950.8
   14090.7
   14102.9
   14693.7
   15103.2
   15542.4
   16284.9
   16394.1
   16634.9
   17228.2
   17242.1
   17355.2
   17571.7
   17634.2
   17641.3
   17872.4
   18475.9
   18490.0
   18493.0
   18513.5
   18787.5
   18946.2
   19038.0
   19236.6
   19258.9
   19768.6
   19912.3
   20010.1
   20101.1
   20113.2
   20711.6
   20718.4
   20951.0
   20987.2
   21008.1
   21058.3
   21136.0
   21178.2
   21489.8
   21714.9
   21998.1
   22196.0
   22757.2
   22775.8
   22867.2
