      21.1
      96.6
     134.6
     547.0
     616.0
     707.6
     914.6
    1202.5
    1391.3
    1688.9
    1691.4
    1706.2
    1748.5
    1902.5
    1904.1
    1971.4
    1995.6
    2033.0
    2342.9
    2526.6
    2633.0
    3307.6
    3449.9
    3484.2
    3668.6
    3691.0
    3850.4
    3953.9
    4741.7
    4890.3
    5027.0
    5161.4
    5245.9
    5310.5
    5359.8
    5366.7
    5562.0
    5955.3
    5989.3
    6153.3
    6420.0
    6456.6
    6802.8
    7117.6
    7913.1
    7996.0
    8125.3
    8216.2
    8313.9
    8353.4
    8708.0
    8748.3
    8906.6
    9337.6
    9430.1
    9801.3
    9820.2
    9992.9
   10050.9
   10491.5
   10498.1
   10869.4
   11336.6
   11347.2
   11427.8
   11743.2
   11745.2
   11957.1
   12175.9
   12202.8
   12802.3
   13171.1
   13505.4
   13920.3
   14071.6
   14165.8
   14205.7
   14206.6
   14228.0
   14666.5
   14686.6
   14771.3
   14998.6
   15326.6
   15543.0
   15734.1
   15904.8
   16033.1
   16059.7
   16382.1
   16442.6
   16669.9
   16923.5
   17062.3
   17089.8
   17207.8
   17408.0
   17426.8
   17721.0
   18119.2
   18126.0
   18401.3
   19002.2
   19142.7
   19168.7
   19358.8
   19612.3
   20176.2
   20292.5
   20293.4
   20586.1
   20626.7
   20686.9
   20938.1
   21040.4
   21217.3
   21430.6
   21435.2
   21485.8
   22167.1
   22325.0
   22483.2
   22595.1
   22751.0
   22893.0
   22919.8
