      36.5
     282.1
     298.7
     361.7
     549.7
     653.1
     693.7
    1176.8
    1351.4
    1377.2
    2362.6
    2740.6
    2775.3
    2835.3
    2997.3
    3141.7
    3350.3
    3387.9
    3556.9
    3698.5
    3801.9
    3818.8
    3879.0
    3901.0
    5199.2
    5314.9
    5391.4
    5411.6
    5720.9
    6362.9
    6518.5
    6730.6
    7230.1
    7256.7
    7450.6
    7528.7
    7786.5
    7809.5
    7816.0
    8332.0
    8396.2
    8398.0
    8448.7
    8466.6
    8472.4
    8500.1
    8723.9
    8911.2
    9031.5
    9260.3
    9335.2
    9790.5
    9834.0
    9993.8
   10161.3
   10250.7
   10578.0
   10608.2
   10712.6
   10878.1
   11076.7
   11245.9
   11270.6
   11399.4
   11443.5
   11547.1
   12028.4
   12098.2
   12121.9
   12148.2
   12209.1
   12411.5
   12449.6
   12452.1
   12766.7
   13091.2
   13220.3
   13243.2
   13256.3
   13359.3
   13687.4
   13884.4
   13940.5
   13949.3
   13988.4
   14077.6
   14633.3
   14687.5
   14869.7
   14920.1
   14937.5
   14987.8
   15007.5
   15017.2
   15086.8
   15101.2
   15163.8
   15236.2
   15333.8
   15506.5
   15548.0
   15739.5
   15987.8
   16314.7
   16355.1
   16879.5
   17037.6
   17268.2
   17436.8
   17618.5
   17958.9
   18121.2
   18142.7
   18333.1
   18410.4
   18544.1
   18616.7
   18696.1
   18726.8
   18963.7
   19108.8
   19122.4
   19142.3
   19351.8
   19859.9
   19939.4
   20054.7
   20366.7
   21186.9
   21706.4
   21753.7
   21780.5
   21850.8
   22101.0
   22846.6
