       0.3
     212.5
     229.9
     588.0
     654.6
     967.5
    1020.9
    1202.5
    1221.8
    1420.9
    1998.1
    2025.1
    2351.5
    2748.5
    2866.3
    2960.1
    3145.4
    3325.9
    3494.8
    4375.7
    4506.8
    4675.6
    5142.0
    5439.6
    5564.0
    6102.2
    6173.3
    6470.3
    6489.4
    6502.8
    6868.9
    7333.4
    7340.8
    8148.8
    8187.8
    8245.7
    8460.6
    8669.6
    9082.3
    9208.0
    9378.4
    9404.5
    9461.9
    9734.6
    9764.7
    9854.2
    9997.1
   10553.4
   10609.2
   10996.3
   11129.8
   11281.8
   11468.4
   11511.7
   11610.1
   11615.7
   11674.9
   11846.0
   12142.5
   12394.8
   12470.0
   12506.3
   12909.4
   12990.3
   13019.3
   13349.6
   13834.9
   13899.9
   14121.7
   14205.8
   14258.6
   14605.0
   14633.7
   14949.5
   15164.0
   15291.9
   15464.4
   15540.9
   15721.3
   16123.1
   16258.3
   16407.3
   16763.3
   16859.0
   16901.8
   16973.9
   17041.5
   17308.9
   17423.3
   17454.4
   17483.5
   17519.1
   17656.2
   17905.8
   18272.8
   18408.4
   18473.0
   18697.6
   18716.1
   19076.1
   19227.8
   19569.1
   20173.7
   20230.2
   20326.8
   20521.3
   20834.7
   20850.9
   20907.1
   21155.4
   21324.1
   21458.6
   21561.8
   21803.6
   21975.3
   22071.5
   22085.7
   22347.7
   22642.8
   22819.2
   22891.5
