      90.2
     149.8
     285.8
     466.9
     571.7
    1109.9
    1235.0
    1265.1
    1458.5
    1502.7
    1528.1
    1659.9
    1834.8
    2026.5
    2414.3
    2915.0
    3117.2
    3156.5
    3601.7
    3810.2
    4571.7
    5077.9
    5311.5
    5318.1
    5340.0
    5367.2
    5833.1
    6119.0
    6322.3
    6537.7
    6821.1
    6922.0
    7112.9
    7113.8
    7220.8
    7324.0
    7404.0
    7483.6
    7534.1
    7695.2
    7708.8
    7825.5
    8067.4
    8247.5
    8288.6
    8639.7
    9155.6
    9215.1
    9384.5
    9549.4
    9743.7
   10080.4
   10284.9
   10423.4
   10646.2
   10660.8
   11136.9
   11330.9
   11958.4
   12061.9
   12231.5
   12440.9
   12448.3
   12917.8
   13979.3
   14008.3
   14032.1
   14138.7
   14170.7
   14371.7
   14974.2
   15035.4
   15515.6
   15610.5
   15828.5
   15949.6
   16374.7
   16418.1
   16644.6
   17476.8
   17700.3
   17736.6
   17767.7
   18283.3
   18559.7
   18645.9
   18668.4
   18708.1
   18738.9
   19093.9
   19310.1
   19792.9
   19941.7
   20393.9
   20482.5
   20568.9
   20586.4
   21417.0
   21448.4
   21500.7
   21524.3
   21528.4
   21731.2
   21920.1
   22044.6
   22206.0
   22209.7
   22244.4
   22431.3
   22512.4
   22632.3
   22809.8
   22846.2
