      27.4
     191.5
     334.0
     567.5
     764.0
     840.0
     850.7
     936.0
    1367.3
    1550.5
    1795.5
    1850.2
    2328.3
    2332.5
    2590.5
    2867.3
    2913.9
    2919.2
    2928.6
    2945.4
    4307.9
    4423.2
    5383.5
    5908.5
    6044.4
    6092.2
    6310.0
    6654.0
    6656.5
    6730.6
    7194.1
    7530.0
    7572.6
    7599.1
    7805.4
    8043.5
    8183.8
    8307.0
    8328.3
    8393.0
    8481.3
    8505.7
    8531.6
    8705.5
    8729.6
    8844.9
    8876.5
    9317.8
    9329.6
    9901.0
   10142.6
   10201.3
   10451.8
   10681.9
   10924.4
   12398.4
   12406.4
   12743.2
   12767.2
   12802.2
   12859.9
   13365.9
   13638.0
   14170.2
   14245.9
   14669.7
   14875.3
   15208.3
   15222.6
   15320.7
   15461.0
   15633.9
   15669.9
   15821.5
   15990.5
   16023.1
   16177.8
   16303.0
   16387.7
   16648.1
   16777.0
   16854.4
   16933.7
   17131.1
   17887.3
   18232.6
   18274.7
   18301.3
   18403.9
   18575.7
   19162.0
   19235.6
   19625.6
   19696.9
   20343.5
   20389.4
   20820.8
   20867.7
   20994.8
   21178.6
   21227.5
   21243.8
   21428.5
   21483.0
   21975.4
   22093.3
   22236.9
   22428.9
   22526.3
   22653.9
   22686.7
   22805.6
