      10.7
      50.2
     145.8
     294.7
     439.0
     643.2
     738.6
     746.3
     931.2
     971.2
    1069.5
    1090.6
    1103.9
    1280.1
    1450.3
    1630.8
    1778.2
    1870.8
    2141.3
    2209.5
    2405.5
    2861.6
    2959.6
    3557.5
    3960.2
    4099.1
    4238.4
    4287.7
    4507.3
    4755.5
    5154.7
    5586.2
    5591.9
    5760.3
    5782.1
    6032.1
    6047.5
    6095.4
    6294.0
    6602.0
    6716.7
    6778.6
    7057.8
    7139.0
    8161.2
    8473.1
    8679.8
    8740.5
    8820.8
    9087.2
    9221.6
    9289.4
    9761.0
    9935.5
    9968.9
   10020.3
   10212.8
   10675.1
   10868.7
   10969.2
   11053.1
   11422.2
   11542.3
   11622.1
   11639.5
   11669.6
   11795.8
   11815.4
   11900.0
   12038.6
   12168.8
   12177.9
   12270.5
   12273.7
   13079.2
   13263.5
   13423.8
   14428.6
   14552.1
   14843.2
   14854.7
   14941.1
   15174.9
   15433.2
   15489.7
   15562.5
   15730.1
   15738.1
   16557.1
   16608.1
   17109.2
   17116.2
   17118.4
   17214.5
   17557.2
   17573.5
   17890.4
   18276.4
   18356.5
   18403.3
   18541.0
   19223.7
   19591.5
   19636.6
   20273.1
   20580.6
   20709.4
   20993.0
   21404.4
   21652.9
   21929.2
   22140.2
   22305.8
   22356.1
   22492.0
   22670.3
   22845.9
   22880.5
   22995.0
