      11.0
     114.6
     121.6
     854.4
    2492.9
    2499.2
    2500.0
    2664.2
    2883.2
    2944.8
    3166.9
    3397.2
    3449.6
    3537.1
    3575.3
    3755.0
    3897.1
    3898.8
    4270.9
    4478.6
    4683.3
    4749.3
    4763.6
    4790.6
    4807.3
    4823.3
    4895.5
    5001.4
    5384.0
    5385.3
    6276.8
    6389.1
    6491.6
    6541.3
    6725.2
    6779.9
    7039.8
    7066.8
    7509.4
    7717.5
    7737.1
    8391.6
    8513.7
    9310.9
    9312.9
    9349.0
    9425.5
    9506.6
    9597.0
    9600.5
    9694.0
    9823.2
   10125.5
   10125.8
   10173.2
   10903.0
   11025.3
   11136.3
   11501.9
   11910.7
   11918.7
   12053.6
   12352.5
   12711.5
   13163.7
   13245.2
   13307.2
   13564.7
   13578.4
   13928.3
   13944.3
   13952.3
   13966.2
   14033.4
   14047.1
   14063.8
   14220.8
   14245.8
   14802.0
   15081.9
   15085.7
   15197.0
   15212.4
   15251.7
   15258.7
   15513.2
   15763.2
   15869.4
   15974.2
   16094.3
   16477.0
   16595.6
   16641.4
   16686.7
   16689.8
   16824.3
   16922.5
   17071.9
   17152.4
   17156.4
   17277.7
   17371.5
   17508.4
   17513.2
   17572.8
   17582.7
   17724.5
   17834.3
   18043.5
   18137.2
   18345.3
   18404.3
   18456.6
   18488.0
   18627.8
   18663.5
   18735.4
   18943.5
   18951.1
   19068.5
   19999.9
   20237.0
   20263.1
   20814.2
   20971.0
   21129.5
   21572.8
   21638.6
   21753.0
   21829.0
   21949.7
   22451.0
   22578.4
   22720.1
   22787.9
