      22.6
     138.1
     190.1
     644.0
     683.1
     795.6
     814.8
    1289.9
    1831.9
    2185.8
    2306.5
    2317.6
    2392.0
    3075.4
    3291.5
    3478.1
    4070.8
    4081.4
    4168.0
    4397.3
    4431.6
    4476.6
    4655.3
    4978.2
    5059.7
    5278.5
    5375.9
    5737.6
    6064.9
    6136.9
    6145.3
    6405.3
    6610.3
    6901.1
    6983.5
    7255.8
    7267.4
    7314.4
    7597.2
    7606.9
    8058.0
    8414.7
    8732.4
    8972.4
    9016.5
    9021.9
    9211.3
    9697.9
    9892.2
   10287.2
   11192.2
   11342.7
   11737.3
   11745.5
   12226.5
   12230.6
   12856.6
   13121.1
   13370.1
   13836.8
   13876.0
   13925.2
   13938.5
   14026.1
   14533.8
   14981.9
   15328.1
   15411.7
   15869.7
   16082.4
   16097.7
   16192.0
   16244.1
   16387.3
   16660.7
   16678.1
   16703.1
   17209.8
   17337.6
   17947.1
   18232.3
   18419.9
   18460.8
   18563.8
   18776.4
   18832.3
   18880.7
   19022.0
   19063.7
   19984.1
   20116.0
   20374.8
   20411.2
   20489.3
   20733.8
   20768.7
   21019.4
   21255.5
   21737.4
   21944.3
   22093.0
   22353.2
   22432.2
   22574.3
   22735.6
