     284.7
     407.2
     542.5
     845.4
     902.1
     987.2
    1047.8
    1272.1
    1683.1
    1734.4
    1740.6
    1890.3
    2127.1
    2171.3
    2823.3
    2859.6
    3457.3
    3471.6
    3976.4
    4088.2
    4501.2
    4573.1
    4673.2
    4695.2
    5020.2
    5267.3
    5342.8
    5532.4
    5770.3
    5927.1
    5962.7
    5992.4
    6049.0
    6418.1
    6449.1
    6611.7
    6673.0
    6747.7
    6821.4
    6848.4
    7146.1
    7332.2
    7350.8
    7379.5
    8136.2
    8197.6
    8375.4
    8859.3
    9078.8
    9182.7
    9203.8
    9396.4
    9892.1
    9966.4
   10242.4
   10330.2
   10456.6
   11212.7
   11274.7
   11926.9
   12053.2
   12076.6
   12091.9
   12192.6
   12477.9
   12637.0
   13134.2
   13202.4
   13243.5
   13364.2
   13594.8
   13966.6
   14334.5
   14350.0
   14402.2
   14534.3
   14772.5
   14920.6
   15770.3
   15788.9
   16271.6
   16754.2
   16862.5
   16979.3
   17014.6
   17063.4
   17317.2
   17409.0
   17706.8
   17749.6
   18403.2
   18576.7
   18693.7
   18712.6
   18829.5
   19315.7
   19729.9
   20159.7
   20169.5
   20219.8
   20275.5
   20435.8
   20587.0
   20618.3
   20686.0
   20794.8
   21194.6
   21324.0
   21390.1
   21453.1
   21645.2
   21746.5
   21936.3
   22113.8
   22438.4
   22475.8
   22859.7
   22882.4
