     246.4
     543.5
     587.2
     681.3
     953.2
     983.6
    1141.9
    1266.1
    1393.3
    2065.3
    2132.4
    2352.2
    2391.9
    2835.3
    2968.4
    2984.4
    3121.5
    3609.9
    3680.4
    3845.4
    4126.1
    4475.1
    4566.1
    4654.0
    4680.7
    4832.2
    4863.9
    5213.0
    5743.5
    5760.9
    5800.2
    6051.3
    6067.9
    6213.1
    6260.0
    6370.2
    6540.4
    6544.4
    6643.3
    6707.3
    6942.9
    7200.8
    7261.2
    7465.0
    7545.1
    8591.5
    8712.0
    8781.2
    8928.8
    9020.1
    9071.9
    9291.0
    9792.9
    9794.8
    9812.9
    9860.8
   10072.1
   10296.4
   10782.3
   11093.3
   11162.8
   11515.7
   11707.6
   11724.2
   11860.1
   12081.1
   12609.6
   13469.7
   13560.6
   13626.2
   13695.6
   13745.7
   13962.2
   14137.0
   14201.5
   14344.3
   14418.6
   14764.4
   14774.2
   14824.3
   14925.6
   15176.4
   15206.9
   15406.1
   15511.2
   15761.9
   15947.0
   16245.2
   16506.1
   17053.6
   17208.8
   17254.4
   17281.5
   17841.6
   18393.1
   18443.4
   18591.6
   18645.3
   18855.9
   18960.1
   19248.0
   19366.4
   19566.6
   19878.7
   19994.2
   20194.6
   20411.9
   20458.2
   20617.1
   21071.7
   21073.9
   22485.6
   22595.4
