     407.1
     836.5
    1878.7
    1974.2
    2169.3
    2224.8
    2515.5
    2738.7
    2808.3
    2809.0
    2962.8
    3291.0
    3413.1
    3621.9
    4405.0
    4817.1
    4880.9
    5302.4
    5370.9
    5463.4
    5557.6
    5567.4
    6617.3
    7172.6
    7381.1
    7423.7
    7528.1
    7610.4
    8124.3
    8199.8
    8344.2
    8607.7
    8980.6
    9174.2
    9230.1
    9314.5
    9337.4
    9375.7
    9787.8
    9983.6
   10093.7
   10416.8
   10515.6
   10527.2
   10531.2
   10677.0
   10802.0
   10989.1
   11286.2
   11286.8
   11336.9
   11429.4
   11449.5
   11469.6
   11486.7
   11558.2
   11593.3
   11925.9
   12404.2
   12507.5
   12545.1
   12750.1
   12754.0
   12861.0
   13356.8
   13359.0
   13388.3
   13443.0
   13516.8
   13886.9
   13897.8
   13972.2
   14017.9
   14020.2
   14582.4
   14607.5
   14624.9
   16082.2
   16116.9
   16139.4
   16481.5
   16683.2
   16901.6
   17487.3
   17686.0
   17703.6
   17983.4
   18002.7
   18408.5
   18721.0
   18794.5
   18969.2
   19102.3
   19478.4
   19503.6
   19843.0
   20649.4
   20778.3
   21034.0
   21057.6
   21149.3
   21225.7
   21256.9
   21265.7
   21631.3
   21640.2
   21707.9
   22192.5
   22218.2
   22351.8
   22572.1
   22574.2
   22768.0
   22824.2
   22828.7
