      16.3
      22.6
     101.7
     153.9
     190.6
     361.1
     508.1
     604.7
    1059.1
    1110.6
    1166.2
    1345.9
    1535.8
    1853.1
    2128.8
    2210.7
    2325.2
    2420.1
    2680.4
    2979.5
    3185.0
    3269.5
    3336.9
    3795.6
    3859.1
    4394.2
    4399.8
    4451.2
    4595.8
    4605.2
    4900.6
    5025.4
    5140.7
    5343.7
    5637.1
    5736.8
    5836.6
    6535.0
    6594.0
    6932.3
    7318.3
    7391.6
    7516.2
    7621.3
    7743.9
    7870.4
    8204.0
    8636.7
    9019.4
    9141.3
    9929.0
   10344.2
   10513.8
   10729.2
   11084.7
   11735.4
   11896.0
   12151.0
   12343.3
   12354.9
   12484.8
   12549.4
   12647.1
   12663.9
   13104.2
   13221.0
   13292.7
   13372.4
   13539.7
   13571.3
   13686.9
   13788.2
   14196.8
   14261.7
   14439.6
   14453.9
   14587.2
   15049.8
   15579.9
   15590.9
   16037.9
   16286.5
   16451.9
   16650.8
   16978.9
   17009.6
   17094.3
   17313.1
   17625.7
   17784.4
   18021.4
   18497.7
   18781.3
   19055.5
   19145.9
   19301.3
   19416.2
   20036.5
   20107.7
   20370.6
   20414.2
   20729.6
   21109.0
   21199.0
   21502.3
   21627.8
   21692.8
   21696.7
   21747.2
   21911.3
   22274.2
   22628.0
   22810.0
   22937.0
   22985.1
