       8.9
     111.3
     169.3
     377.1
     838.3
     889.9
    1062.2
    1268.4
    1277.2
    1650.1
    1742.7
    1850.9
    1936.3
    1937.0
    2012.4
    2013.1
    2247.2
    2628.1
    3247.5
    3276.6
    3462.6
    3489.7
    3598.9
    4606.2
    4984.9
    5337.0
    5351.7
    5439.1
    5671.7
    5858.8
    6060.3
    6484.7
    6510.2
    6732.2
    6765.3
    6831.5
    7040.4
    7665.1
    7688.8
    7832.1
    7904.0
    8000.7
    8055.5
    8636.6
    8722.0
    9337.4
    9566.4
    9802.5
   10192.7
   10286.1
   10390.0
   10532.4
   10697.9
   10771.6
   11018.1
   11027.5
   11110.1
   11305.5
   11437.4
   11502.7
   11558.7
   11707.0
   11754.4
   12340.2
   12357.8
   12612.6
   12754.0
   13041.5
   13078.0
   13380.3
   13470.8
   13765.3
   13858.3
   13958.0
   14527.5
   14949.7
   14959.1
   15129.6
   15264.9
   15374.1
   15588.1
   15665.3
   15700.3
   16230.1
   16473.6
   16516.5
   17083.1
   17568.4
   17993.7
   17996.7
   18082.5
   18128.4
   18260.5
   18322.7
   18512.2
   18559.9
   18836.2
   19247.3
   19454.5
   19557.2
   19891.1
   20243.9
   20419.1
   20994.1
   21029.1
   21555.0
   22148.9
   22552.2
   22730.5
