     102.2
     118.5
     327.9
     574.9
     759.2
     762.1
    1021.7
    1283.1
    1873.4
    2389.2
    2562.8
    2661.5
    2727.1
    2918.3
    3076.1
    3286.0
    3583.6
    3642.4
    3779.2
    3821.2
    4118.0
    4750.1
    4776.4
    4825.2
    5370.7
    5692.1
    5700.5
    5822.3
    5916.4
    7003.0
    7009.1
    7144.0
    7239.3
    7437.6
    7713.5
    7733.7
    8283.8
    8724.2
    8800.5
    8945.1
    9156.6
    9305.5
    9593.1
    9626.8
    9643.5
    9723.7
    9996.4
   10022.7
   10282.7
   10316.6
   10394.0
   10486.4
   10502.9
   10568.9
   10756.5
   11055.3
   11369.7
   11549.6
   11581.4
   11593.1
   11833.1
   11919.4
   12021.8
   12136.7
   12207.2
   12412.5
   12445.1
   12482.7
   12727.9
   12968.2
   12987.9
   13082.2
   13494.7
   13924.6
   14060.5
   14133.6
   14464.9
   14750.1
   15399.9
   15726.8
   15727.7
   15751.1
   15793.7
   16032.9
   16042.7
   16110.9
   16477.5
   16560.2
   16813.3
   16982.0
   17017.4
   17040.0
   17687.7
   17852.1
   18455.7
   18546.9
   18660.1
   18997.6
   19508.0
   19555.0
   19857.2
   20299.0
   20534.5
   20821.4
   20922.8
   21368.5
   21427.4
   22126.3
   22235.6
   22342.1
   22587.0
   22706.2
   22749.8
   22843.5
   22926.1
