     165.1
     235.3
     415.8
     422.6
     484.6
     623.7
     677.9
     786.1
     843.5
     843.6
    1071.7
    1159.5
    1287.1
    1471.8
    1582.1
    1982.8
    2097.4
    2409.8
    2513.0
    2616.4
    2735.8
    3322.7
    3832.0
    3995.3
    4034.9
    4103.2
    4120.5
    4145.7
    4168.2
    4679.7
    4723.8
    4819.5
    5024.2
    5133.5
    5166.0
    5224.4
    5374.3
    5575.4
    5904.0
    6115.5
    6163.1
    6601.5
    7029.2
    7069.4
    7161.4
    7534.0
    7615.3
    7891.3
    8085.8
    8097.3
    8108.2
    8807.6
    9025.6
    9309.1
    9426.6
    9700.4
    9707.1
    9862.3
   10600.6
   10703.9
   10762.6
   10823.7
   11046.0
   11103.2
   11123.3
   11486.2
   11928.9
   12113.8
   12189.4
   12462.1
   12994.4
   13015.5
   13042.5
   13107.6
   13852.3
   13928.5
   14541.3
   14632.9
   14817.8
   15030.2
   15065.7
   15168.1
   15286.2
   15337.2
   15644.2
   15683.8
   16036.8
   16470.0
   16491.3
   16900.1
   17116.5
   17741.3
   18250.0
   18257.6
   18693.1
   19523.7
   19647.6
   20018.8
   20429.8
   21036.0
   21195.2
   21337.8
   21408.9
   21457.5
   21552.7
   21611.6
   21876.5
   22294.6
   22540.0
   22648.3
