     105.8
     158.2
     443.3
     975.1
    1014.2
    1250.8
    1489.2
    1606.5
    1740.6
    2130.2
    3075.4
    3236.2
    3270.5
    3483.9
    3487.1
    3536.8
    3682.7
    3727.5
    4238.5
    4394.2
    4420.6
    4556.1
    4955.1
    5045.6
    5112.9
    5233.6
    5263.6
    5286.7
    5311.9
    6139.9
    6301.3
    6573.2
    6687.5
    6904.4
    7069.2
    8409.6
    8420.0
    8431.0
    8598.3
    8708.8
    8804.0
    8983.8
    9330.2
    9640.4
    9802.5
   10062.9
   10089.7
   10223.4
   11040.0
   11472.3
   11544.2
   12112.2
   12210.0
   12310.7
   12630.5
   12845.6
   13051.9
   13156.6
   13246.4
   13345.7
   13461.3
   13711.9
   14002.8
   14180.3
   14322.8
   14373.8
   14602.7
   14650.1
   14705.3
   14734.3
   14780.5
   14837.7
   15109.0
   15550.7
   16095.2
   16135.5
   16184.8
   16387.3
   16394.2
   16446.7
   16881.4
   17032.3
   17238.0
   17314.1
   18124.8
   18167.6
   18341.8
   19013.4
   19581.0
   19708.8
   19948.0
   20130.5
   20274.6
   20549.5
   20996.5
   21006.8
   21246.6
   21284.0
   21385.4
   21767.6
   22074.7
   22211.6
   22541.9
   22602.7
   22647.3
   22987.7
