       7.1
      59.3
     211.7
     951.5
    1079.5
    1161.4
    1163.9
    1269.8
    2107.6
    2817.6
    3007.5
    3559.4
    3585.2
    3957.6
    4037.0
    4172.5
    4184.3
    4213.5
    4273.7
    4371.1
    4754.5
    5156.9
    5281.6
    5317.4
    5508.4
    5577.7
    5614.1
    5710.0
    5774.1
    5775.0
    6184.2
    6565.7
    6593.9
    7106.2
    7174.8
    7401.3
    7495.3
    7823.1
    7838.4
    8042.0
    8138.9
    8253.1
    8584.1
    8747.0
    8991.9
    9141.4
    9377.2
    9442.0
    9549.3
    9744.3
    9885.2
    9999.5
   10150.8
   10370.3
   10413.7
   10544.3
   10937.0
   10971.2
   10977.1
   11012.5
   11261.8
   11636.6
   11809.6
   11861.2
   12198.0
   12360.3
   12416.7
   12826.9
   13081.4
   13193.2
   13271.4
   13406.3
   13428.8
   13468.1
   13727.5
   14372.1
   14961.1
   15180.8
   15214.1
   15830.4
   16452.5
   16652.4
   16904.3
   17110.5
   17158.4
   17266.8
   17333.2
   17353.4
   17413.9
   17840.2
   18398.1
   18694.0
   18698.7
   18783.6
   18889.9
   19187.2
   19423.1
   19424.4
   19549.9
   19890.8
   20045.0
   20226.4
   20417.8
   20495.7
   20561.5
   21028.8
   21299.5
   21334.3
   21502.1
   22592.3
