      26.6
     112.5
     832.7
    1112.8
    1348.6
    1487.2
    1542.9
    1657.7
    1707.4
    1892.9
    2000.1
    2211.1
    2386.2
    2509.9
    2850.6
    3178.2
    3212.0
    3610.1
    4097.8
    4134.1
    4601.5
    4647.2
    4793.0
    4914.4
    5052.7
    5564.1
    5701.4
    5779.1
    5861.1
    6061.8
    6100.9
    6305.6
    6412.6
    6414.7
    6986.5
    7495.5
    7525.0
    7581.5
    7678.4
    7789.1
    7993.0
    8039.8
    8238.1
    8305.6
    8567.9
    8701.8
    8836.7
    9069.6
    9158.4
    9550.7
    9740.9
    9865.8
    9879.8
   10243.7
   10499.8
   10756.9
   10775.2
   10896.1
   10964.9
   11013.9
   11029.8
   11712.7
   11826.2
   11973.8
   12137.4
   12148.4
   12150.6
   12156.0
   12240.1
   12967.6
   13053.2
   13366.9
   13726.8
   13736.4
   13796.4
   14478.8
   15338.5
   15479.0
   16040.3
   16130.2
   16398.8
   16451.3
   16578.9
   16599.4
   16715.8
   17051.7
   17139.9
   17346.5
   17386.9
   17508.4
   17510.8
   17518.5
   17840.7
   17879.4
   18358.7
   18617.9
   18793.9
   18887.1
   19075.0
   19294.7
   20320.4
   20523.4
   21067.4
   21167.6
   21203.9
   21808.8
   21911.6
   22683.6
   22848.2
   22992.3
