     708.8
     874.7
    1056.5
    1059.1
    1264.3
    1471.3
    1650.3
    2124.4
    2460.0
    2559.5
    2586.7
    3050.7
    3177.3
    3203.2
    3303.0
    3579.5
    3740.7
    3844.9
    4137.3
    4774.8
    5162.8
    5418.8
    5444.4
    6169.2
    6323.5
    6521.7
    6532.0
    6543.4
    6650.3
    6900.1
    6964.6
    7161.4
    7238.7
    7450.4
    7507.9
    7521.7
    7526.5
    7670.1
    8030.1
    8325.5
    8379.8
    8446.7
    8885.3
    8903.0
    9080.8
    9126.1
    9222.9
    9512.4
    9628.5
    9637.0
   10790.7
   11085.1
   11734.8
   11845.6
   12096.3
   12329.1
   12481.7
   12504.2
   12543.7
   12762.2
   13223.3
   13293.8
   13376.5
   13680.1
   13753.1
   13964.4
   14066.5
   14263.4
   14354.4
   14522.6
   14613.7
   14911.8
   15137.8
   15242.7
   15258.5
   15417.2
   15454.3
   15714.1
   15714.3
   15855.2
   16110.9
   16183.7
   16658.0
   16845.3
   16852.0
   17138.3
   17424.6
   17629.4
   18109.9
   18117.5
   18708.5
   18774.2
   19160.2
   19312.7
   19509.3
   19565.4
   19863.2
   19917.7
   19920.0
   20083.9
   20209.6
   20419.4
   20655.0
   20779.3
   20970.6
   21355.3
   21377.2
   21637.1
   21880.3
   21952.4
   22068.3
   22255.5
   22406.4
   22642.2
   22761.4
   22826.0
   22925.4
