      26.4
     361.8
     522.4
     537.7
     599.3
     871.1
     896.6
     937.7
    1125.0
    1658.3
    1707.0
    1804.7
    2238.5
    2408.0
    2495.1
    2499.7
    2592.5
    2704.5
    2842.3
    2881.8
    3276.6
    3340.3
    3454.5
    3565.6
    3707.0
    4057.0
    4211.0
    4283.6
    4288.1
    4383.4
    4471.1
    5227.1
    5324.1
    5551.7
    5643.3
    5867.8
    5940.6
    6057.7
    6266.7
    6672.7
    6705.8
    7024.8
    7094.3
    7313.4
    7583.2
    7842.7
    7903.2
    8030.4
    8154.5
    8311.7
    8409.7
    8456.2
    8703.8
    8753.3
    8963.2
    9359.1
    9456.9
   10223.6
   10639.7
   10685.2
   10826.6
   11157.2
   11284.7
   11615.7
   11617.0
   11754.0
   12005.6
   12194.0
   12236.9
   12529.1
   12717.8
   13479.5
   13700.0
   13809.9
   13946.9
   14101.8
   14253.3
   14255.0
   14974.0
   15174.5
   15223.0
   15712.9
   16109.8
   16293.7
   16415.7
   16593.5
   16980.3
   17251.2
   17305.3
   17326.3
   17437.3
   17437.5
   17826.2
   18039.0
   18150.1
   18266.6
   18629.8
   18742.8
   19266.6
   19276.9
   19382.2
   20093.2
   20425.1
   20682.0
   21041.2
   21495.2
   21559.3
   21847.4
   21903.5
   22003.1
   22088.1
   22317.5
   22482.2
   22724.7
   22989.0
