      18.7
     102.2
     265.5
     307.4
     657.7
     661.9
     859.0
     882.7
    1318.8
    2057.5
    2146.6
    2437.6
    2568.8
    2722.0
    2736.2
    3009.3
    3084.3
    3718.9
    4150.1
    4191.9
    4457.7
    4481.7
    5340.3
    5426.0
    5454.3
    5926.2
    6255.3
    7080.0
    7577.1
    7750.6
    8223.9
    8663.0
    8881.1
    8974.6
    9027.7
    9257.0
    9465.1
    9566.4
    9617.6
    9643.3
   10037.2
   10133.6
   10180.9
   10244.2
   10329.8
   10554.2
   10610.1
   10866.7
   11152.2
   11436.4
   11524.8
   11654.9
   11715.2
   11767.2
   12046.9
   12309.1
   12331.3
   12592.9
   12970.6
   13211.2
   13337.5
   13353.7
   14083.4
   14136.3
   14365.1
   14493.4
   14624.4
   14882.3
   14954.7
   15048.5
   15181.0
   15202.2
   15475.6
   15559.3
   15582.7
   15603.8
   15722.1
   16410.0
   16665.2
   16839.8
   17237.4
   17329.9
   17445.3
   17460.9
   17518.4
   18149.6
   18240.9
   18452.0
   19357.6
   19651.7
   19861.2
   19979.8
   20009.4
   20427.3
   20862.2
   20923.6
   21076.6
   21186.5
   21233.9
   21483.3
   21734.1
   21784.5
   21882.4
   21894.0
   22128.4
   22176.6
   22584.2
   22666.8
   22727.6
