      82.5
     108.8
     153.1
     187.4
     788.3
     883.4
     957.0
    1362.4
    1411.5
    1499.6
    1731.0
    2075.2
    2114.1
    2191.5
    2507.7
    2779.8
    2900.0
    3022.7
    3366.6
    3385.8
    3478.3
    3481.6
    3618.4
    3728.0
    4345.2
    4355.5
    4721.8
    4749.9
    4849.7
    4946.0
    4953.9
    5083.4
    5433.0
    5631.4
    5747.7
    6140.1
    6383.8
    6594.9
    6764.4
    6953.4
    7115.7
    7290.8
    7432.1
    7440.7
    7641.8
    7860.4
    7903.6
    7933.5
    7950.5
    8012.0
    8256.3
    8298.8
    8310.0
    8502.9
    8605.6
    8678.9
    8906.9
    9069.4
    9167.7
    9551.0
   10087.5
   10569.0
   10612.1
   10636.9
   10767.5
   10815.7
   10846.5
   10903.7
   11078.8
   11167.2
   11194.7
   11217.7
   11284.2
   11608.6
   11670.2
   11712.3
   11833.5
   12449.3
   12482.2
   12626.2
   12795.8
   12979.8
   13005.6
   13203.1
   13302.4
   13590.5
   13810.2
   14661.9
   14838.0
   15182.1
   15870.4
   15977.3
   16037.7
   16057.7
   16379.9
   16607.7
   16725.4
   17237.5
   17381.2
   17595.6
   17603.9
   17722.9
   18064.4
   18283.1
   18367.5
   18367.7
   18415.0
   18530.1
   18790.0
   19117.1
   19147.8
   19854.6
   20094.1
   20353.3
   20937.1
   20956.1
   21018.4
   21142.3
   21368.4
   21549.7
   21720.7
   21784.8
   21787.3
   22013.7
   22092.2
   22236.2
   22653.1
   22942.8
   22958.9
