      81.2
     291.3
     564.3
     866.4
     917.6
    1287.2
    1350.6
    1438.4
    1621.1
    1735.6
    1802.4
    2121.2
    2315.4
    2441.5
    2673.0
    2673.2
    2691.0
    3194.8
    3804.1
    3928.0
    4163.8
    4351.8
    4431.7
    4671.1
    5603.9
    6028.4
    6066.1
    6384.4
    6443.7
    6517.9
    6584.2
    6628.0
    6635.3
    6679.0
    6804.4
    6976.2
    6983.7
    7088.3
    7624.4
    7971.3
    8797.3
    8918.7
    8935.9
    9225.1
    9233.1
    9254.4
    9319.2
    9453.1
    9692.3
    9796.9
    9960.8
   10219.9
   10740.8
   10961.8
   10975.4
   11332.7
   11432.6
   11506.0
   11531.9
   11782.1
   11887.3
   11911.6
   11975.1
   12119.3
   12337.8
   12355.1
   12387.5
   12461.5
   12492.0
   12561.1
   12588.1
   12623.3
   12674.3
   12942.2
   13198.3
   13430.3
   13563.9
   13851.3
   13907.7
   14310.3
   14825.3
   15262.7
   15295.1
   15436.5
   15589.7
   15748.0
   15995.8
   16089.1
   16094.4
   16157.5
   16175.9
   16370.3
   16901.5
   17034.6
   17046.4
   17082.4
   17481.0
   17613.0
   17909.8
   17948.1
   18059.4
   18110.0
   18411.6
   18473.6
   18582.8
   19000.2
   19093.3
   19144.3
   19252.2
   19465.6
   19553.2
   19675.3
   19888.4
   19909.0
   20063.4
   20206.0
   20463.8
   20530.1
   20655.4
   20786.1
   20868.7
   21283.8
   21324.4
   21709.5
   21839.1
   21949.1
   21952.9
   21973.7
   21973.8
   22035.3
   22041.1
   22612.9
   22629.7
   22910.2
