     781.4
    1020.0
    1147.8
    1256.2
    1847.4
    1853.3
    1886.4
    1989.7
    2093.8
    2123.2
    2343.9
    2448.5
    2574.8
    2648.2
    2827.6
    2836.7
    3044.8
    3211.8
    3439.2
    3558.6
    4548.3
    4693.1
    4993.7
    5240.4
    5278.7
    5339.8
    5566.3
    5633.7
    6804.5
    6915.9
    7165.2
    7303.5
    7570.8
    7774.6
    8170.2
    8445.4
    8518.5
    8569.0
    8572.5
    8753.4
    8953.4
    9383.4
    9488.1
    9516.9
    9566.1
    9666.3
    9702.0
   10528.7
   11279.9
   11282.7
   11822.9
   11936.9
   12202.0
   12215.6
   12345.1
   12368.6
   12760.2
   12974.5
   13212.2
   13278.5
   13354.6
   13356.9
   13423.9
   13593.3
   14108.6
   14406.5
   14643.5
   14664.5
   15100.5
   15246.1
   15410.7
   15646.5
   16033.3
   16086.1
   16168.7
   16251.3
   16599.0
   17063.8
   17331.0
   17335.5
   17624.9
   17693.1
   17848.2
   18219.7
   18233.8
   18698.4
   19395.0
   19779.9
   19844.5
   20189.1
   20369.3
   20519.3
   20783.9
   20887.9
   21052.6
   21133.0
   21286.5
   21458.7
   21511.4
   21870.1
   22109.5
   22266.7
   22425.6
   22603.2
   22619.5
   22653.3
   22673.3
   22735.2
   22939.3
