     103.2
     174.9
     224.7
     241.5
     538.1
     546.0
     622.0
    1074.7
    1318.5
    1996.9
    1999.7
    2576.3
    2605.7
    2886.8
    3154.5
    3212.5
    3230.6
    3467.8
    3651.8
    3780.1
    3832.1
    3837.4
    3841.8
    4521.0
    4712.6
    4891.1
    4959.9
    5035.1
    5172.4
    5423.2
    5597.4
    5962.4
    5993.5
    6259.6
    6508.5
    6603.1
    6611.0
    6690.5
    6786.1
    7495.4
    7780.1
    8208.5
    8460.6
    8594.2
    8838.2
    9034.0
    9161.7
    9197.0
    9238.2
    9324.9
    9739.0
    9783.1
    9902.8
   10844.3
   11019.5
   11121.9
   11195.6
   11482.5
   11651.7
   11657.8
   11905.9
   11937.9
   12144.0
   12309.8
   12382.2
   12455.2
   12467.5
   12483.9
   12911.7
   12923.2
   13007.5
   13133.7
   13365.6
   13409.3
   14074.6
   14110.9
   14343.9
   14753.5
   14927.5
   15110.1
   15396.7
   15460.1
   16301.4
   16342.1
   16584.9
   16994.9
   17142.4
   17525.5
   17663.2
   17698.9
   17764.8
   17808.8
   18414.0
   18488.5
   18590.1
   18929.2
   18952.6
   19437.6
   19970.4
   20308.8
   20367.9
   20372.8
   20848.1
   21367.5
   21738.6
   22010.0
   22036.2
   22118.4
   22551.8
   22575.6
   22638.0
   22973.3
