     238.3
     280.3
     457.1
     790.8
    1011.4
    1095.2
    1573.2
    1605.0
    1625.6
    1722.2
    1934.8
    2614.7
    2802.2
    3043.6
    3074.4
    3186.8
    3347.9
    3481.2
    3859.5
    3925.5
    4217.8
    4830.0
    5158.2
    5476.0
    5673.3
    5680.1
    5979.3
    6029.5
    6119.0
    6136.2
    6690.4
    6786.3
    6984.8
    7890.6
    8682.2
    8684.0
    8737.4
    9049.2
    9110.9
    9202.3
    9635.9
    9859.6
   10164.9
   10733.0
   10809.9
   10938.3
   11200.2
   11491.8
   11529.5
   11964.4
   12404.7
   12732.9
   12778.9
   13227.5
   13323.3
   13808.8
   14187.0
   14262.3
   14798.4
   14896.2
   14907.4
   14949.1
   15377.8
   15651.9
   15950.3
   16045.4
   16378.9
   16507.5
   17559.2
   17627.1
   17822.6
   17839.1
   17968.1
   18311.1
   18346.9
   18425.2
   18538.3
   18967.8
   19721.5
   20045.6
   20342.7
   20673.3
   20769.4
   20791.4
   21086.8
   21360.7
   21678.9
   21689.7
   21887.8
   21928.1
   22517.7
   22540.4
   22674.5
   22773.2
   22987.0
