      46.4
      72.7
     489.2
     751.9
     912.5
    1141.2
    1302.6
    1374.8
    1383.1
    1967.5
    2016.4
    2077.5
    2248.9
    2265.0
    2307.2
    2428.4
    2464.2
    2760.1
    2886.4
    3095.7
    3139.8
    3172.6
    3180.8
    3193.2
    3250.3
    3469.2
    3545.3
    3574.6
    3752.1
    3777.8
    3784.1
    3848.8
    4378.7
    4667.5
    4885.2
    5161.5
    5227.2
    5267.6
    5469.8
    5602.2
    6248.0
    6319.7
    6897.4
    6942.7
    6965.5
    7087.2
    7128.0
    7218.3
    7497.7
    7544.6
    7726.2
    7826.4
    7889.2
    7965.8
    8286.1
    8486.6
    8865.5
    9273.5
    9666.2
    9955.5
   10193.4
   10267.8
   10313.5
   10588.3
   10608.2
   10685.9
   11003.6
   11358.0
   11593.4
   11608.8
   11880.6
   12092.2
   12134.0
   12198.0
   12250.8
   12489.1
   12864.2
   13181.7
   13371.0
   13523.0
   13536.1
   13940.9
   13956.4
   14032.0
   14293.6
   14489.2
   14551.5
   14745.5
   15023.5
   15378.3
   15438.0
   15751.0
   15779.7
   15922.3
   15948.8
   16377.3
   16483.1
   16787.7
   17055.1
   17065.0
   17134.0
   17253.9
   17392.9
   17651.8
   18101.8
   18146.7
   18479.5
   18568.4
   18831.3
   18855.8
   18965.9
   19334.9
   19728.5
   20464.7
   20652.2
   20689.0
   21028.4
   21456.0
   21526.9
   22017.9
   22036.3
   22354.2
   22438.6
   22616.6
   22649.7
   22681.2
   22838.0
   22922.2
