     244.9
     346.2
     495.4
     717.0
    1283.0
    1298.4
    1466.3
    2127.7
    2433.1
    2454.5
    2462.9
    2469.0
    2560.2
    2583.7
    3520.8
    3594.1
    3822.1
    4353.2
    4782.5
    5151.8
    5389.6
    5525.3
    5633.0
    5739.6
    6462.7
    6583.9
    6609.7
    7172.4
    7236.7
    7322.0
    7362.4
    7458.6
    7548.1
    7664.6
    7728.5
    7751.5
    7859.1
    8276.6
    8351.1
    8431.6
    8505.2
    8592.4
    8808.9
    8940.4
    8954.9
    9180.6
    9355.3
    9759.2
    9865.1
   10263.2
   10534.7
   11851.0
   11970.7
   12202.6
   12218.7
   12532.9
   13145.8
   13203.1
   13390.4
   13457.9
   13601.7
   15375.7
   15430.6
   15491.9
   15809.1
   15923.9
   16845.3
   17100.0
   17201.5
   17261.5
   17301.5
   17374.0
   17811.2
   17815.7
   17831.9
   17849.7
   18367.0
   18388.6
   18408.8
   18975.9
   19067.7
   19552.7
   20005.1
   20005.4
   20159.8
   20894.6
   21146.4
   21215.2
   21262.0
   21284.6
   21287.2
   21857.5
   21913.2
   21936.1
   22237.4
   22556.1
   22825.0
   22991.6
   22995.1
