     134.2
     144.1
     221.1
     245.3
     582.0
     606.5
     788.9
    1003.9
    1224.5
    1557.3
    1606.0
    1773.9
    1833.3
    1855.9
    2083.8
    2180.6
    2214.3
    2471.5
    2527.0
    2610.7
    2970.2
    3124.5
    3138.4
    3193.2
    3592.3
    3724.7
    3884.3
    4040.5
    4051.8
    4261.8
    4358.6
    4822.7
    5702.5
    6133.5
    6163.8
    6326.6
    6437.0
    7062.8
    7238.7
    7304.5
    7402.5
    7847.7
    7893.2
    7934.2
    8031.5
    8046.5
    8156.7
    8296.3
    8513.8
    8952.3
    9040.6
    9136.7
    9154.1
    9362.8
    9403.5
   10153.7
   10175.8
   10275.2
   10295.7
   10456.7
   10482.7
   10566.5
   10675.1
   10694.7
   11162.0
   11337.0
   11341.8
   11644.3
   11911.5
   12003.2
   12225.9
   12412.5
   12623.6
   12856.9
   13101.2
   13362.5
   13581.9
   14161.4
   14336.7
   14356.4
   14510.8
   14619.4
   14638.7
   14780.1
   14903.5
   14940.5
   15802.3
   16173.1
   16412.4
   16676.7
   16740.5
   16837.8
   16855.4
   16932.5
   17077.8
   17356.6
   17832.3
   17986.6
   18538.7
   18695.4
   18807.6
   19002.1
   19028.8
   19387.0
   19397.6
   19752.8
   20004.5
   20381.5
   20393.5
   20829.6
   21012.8
   21018.6
   21455.6
   21516.0
   21557.6
   21774.3
   21879.0
   21928.2
   21988.3
   22097.7
   22604.5
