     167.8
     271.1
     430.9
     527.6
     563.2
     598.1
     912.1
     991.4
    1094.4
    1284.0
    1696.4
    1982.6
    2034.9
    2105.0
    2258.2
    2474.0
    3138.8
    3166.8
    3418.5
    3433.2
    3710.9
    3797.4
    4001.3
    4173.3
    4350.8
    5035.1
    5673.2
    6143.0
    6159.6
    6347.3
    6379.8
    6427.8
    6708.1
    6742.7
    6867.1
    6909.9
    6977.9
    7233.6
    7300.5
    7489.7
    7499.7
    7698.0
    7947.8
    7977.9
    8165.7
    8575.3
    8595.9
    8711.4
    8812.8
    9120.5
    9289.9
   10204.9
   10488.5
   10647.5
   10657.7
   10718.6
   11058.8
   11464.7
   12196.7
   13230.0
   13507.6
   13680.0
   13693.1
   13921.1
   14374.0
   14501.7
   14643.2
   14948.0
   15050.2
   15407.5
   15647.4
   15849.5
   16010.2
   16078.3
   16301.7
   16339.0
   16390.0
   16844.0
   17631.0
   17928.2
   18239.0
   18448.5
   18573.2
   18653.1
   18669.3
   18672.4
   19579.3
   19592.0
   19636.7
   19767.8
   20041.5
   20067.1
   20453.4
   20513.6
   20579.5
   20684.8
   20863.0
   20979.2
   21124.1
   21531.2
   21742.6
   21784.6
   22079.6
   22148.0
   22227.8
   22528.5
