      63.8
     132.9
     143.4
     779.5
    1001.3
    1217.6
    1337.4
    1547.5
    1702.4
    1713.5
    1783.2
    1785.5
    1960.7
    2085.2
    2167.1
    2228.6
    2757.7
    2775.0
    2794.7
    2915.3
    3126.1
    3314.1
    3329.0
    3412.2
    3649.6
    4169.3
    4189.0
    4245.5
    4255.6
    4770.8
    4835.3
    5087.0
    5451.4
    5657.6
    5728.9
    5735.5
    5841.1
    6062.6
    6336.9
    6404.7
    6412.1
    6493.4
    6518.3
    6618.2
    6648.3
    6896.7
    6937.5
    7004.6
    7026.6
    7068.3
    7187.8
    7575.1
    7696.0
    7840.7
    7843.1
    8067.1
    8148.6
    8648.6
    8935.3
    9020.3
    9197.2
    9704.1
    9937.4
   10307.5
   10735.3
   10765.2
   11117.3
   11188.0
   11759.3
   12126.4
   12246.3
   12403.8
   12408.6
   12860.0
   13067.1
   13068.0
   13437.3
   13513.1
   13686.6
   14243.3
   14354.7
   14742.4
   14842.1
   15184.5
   15600.8
   15676.3
   16277.3
   16339.8
   16416.9
   16812.8
   16955.3
   17042.8
   17112.0
   17259.3
   17303.5
   17457.9
   17833.2
   17892.5
   18189.5
   18194.6
   18347.7
   18542.5
   19175.6
   19356.4
   19418.4
   19495.7
   19659.5
   19749.2
   19921.0
   20060.5
   20310.6
   20711.6
   20952.9
   20969.3
   21085.8
   21317.6
   21376.2
   21446.4
   21557.2
   22059.8
   22128.6
   22147.7
   22197.9
   22437.7
   22490.5
   22613.3
   22949.3
   22967.4
