     103.1
     106.9
     590.2
     873.5
     953.4
     966.6
    1057.4
    1349.7
    1403.6
    1411.8
    1414.9
    1675.7
    1852.5
    2394.7
    2717.5
    2747.3
    2793.2
    3124.1
    3147.3
    3193.6
    3285.6
    3390.8
    3784.7
    3847.5
    3852.1
    4100.1
    4183.2
    4338.1
    4608.0
    5789.8
    5809.5
    5972.1
    6272.5
    6303.1
    6378.9
    6421.7
    6463.6
    6983.5
    6997.8
    7149.8
    7205.3
    7408.0
    7435.6
    7717.7
    8064.7
    8170.6
    8196.7
    8506.9
    8547.4
    8779.9
    8940.3
    9199.6
    9443.0
    9507.3
    9669.4
    9672.1
    9845.1
   10159.3
   10315.7
   10389.6
   10436.5
   10446.7
   10900.6
   10991.5
   11060.9
   11130.6
   11282.6
   11674.2
   11729.5
   11769.4
   11899.3
   12081.6
   12186.5
   12223.1
   12502.2
   12757.1
   12934.1
   13083.6
   13240.3
   13345.1
   13598.3
   13644.8
   13736.6
   13928.1
   13939.0
   14030.6
   14113.8
   14440.5
   14475.0
   14796.7
   14908.9
   14935.9
   15154.4
   15212.7
   15220.4
   16175.0
   16211.7
   16229.9
   16555.8
   16649.7
   16805.2
   17079.4
   17639.5
   17761.1
   17887.2
   18003.0
   18036.4
   18221.6
   18360.3
   18559.3
   18569.9
   18728.8
   19117.2
   19121.1
   19137.6
   19493.3
   19914.7
   19934.2
   20073.4
   20181.6
   20183.0
   20345.1
   20353.5
   20717.9
   20859.7
   20954.4
   21035.4
   21303.1
   21320.6
   21889.1
   22175.6
   22390.9
   22404.4
   22434.4
