      71.0
     203.3
     399.6
     925.5
    1110.0
    1446.3
    1656.1
    1749.6
    1776.4
    2667.4
    3084.5
    3202.2
    3739.0
    3778.9
    4413.6
    4484.6
    4570.3
    4780.0
    4888.9
    5100.6
    5121.8
    5930.7
    6057.6
    6062.1
    6372.6
    6402.7
    6428.3
    6462.7
    6604.6
    6731.1
    7178.5
    7363.4
    7369.6
    7971.6
    7986.3
    8052.1
    8291.0
    8536.6
    8558.0
    8667.0
    8834.6
    9630.1
    9770.2
   10148.8
   10279.2
   10404.0
   11066.9
   11679.6
   11850.4
   12277.3
   12410.3
   12626.9
   12837.4
   12854.7
   13038.9
   13322.0
   14287.9
   14520.3
   14998.2
   15058.5
   15084.6
   15211.4
   15284.6
   15366.4
   15695.4
   16044.5
   16159.1
   16379.7
   16544.2
   16814.9
   17064.3
   17075.7
   17225.1
   17368.5
   17517.4
   17669.5
   17758.7
   18511.1
   18704.0
   19025.8
   19047.0
   19339.6
   19597.6
   20065.7
   20140.4
   20691.8
   20991.4
   21268.6
   21458.1
   21509.5
   21692.0
   21901.6
   22323.8
   22819.3
   22986.4
