     552.4
     588.2
     622.8
     706.2
     772.7
    1830.5
    2066.1
    2281.1
    2357.8
    2395.3
    2826.7
    2909.5
    3112.9
    3151.9
    3231.4
    3677.0
    4086.1
    4276.1
    4302.7
    4309.0
    4432.9
    4873.7
    5441.6
    5891.6
    6224.0
    6326.1
    6396.5
    6648.6
    6654.6
    6768.6
    6769.0
    6867.6
    7622.4
    7729.0
    7751.4
    7913.0
    8189.1
    8578.9
    8833.5
    8844.1
    9321.2
    9653.3
    9784.4
   10024.1
   10055.9
   10162.1
   10279.4
   10392.0
   10476.6
   10503.3
   10631.7
   10990.3
   11105.7
   11550.7
   11770.9
   11825.7
   12263.8
   12842.0
   13206.5
   13984.7
   14084.0
   14452.7
   14560.8
   14926.4
   15335.3
   15379.3
   15395.8
   15532.1
   15641.4
   15794.1
   15997.5
   16471.2
   16687.6
   17140.3
   17179.8
   17390.4
   17593.4
   17775.1
   17796.0
   17972.0
   18063.5
   18078.2
   18165.6
   18253.5
   18490.5
   18843.2
   18956.3
   18976.6
   19027.5
   19407.0
   19528.3
   19766.1
   19771.0
   19841.8
   19884.0
   19951.8
   19980.9
   20152.3
   20224.7
   20719.0
   20732.0
   20876.0
   21029.9
   21503.7
   21567.1
   21898.6
   21920.1
   22023.3
   22250.0
   22519.6
   22632.7
   22900.4
   22924.3
