     267.7
     283.5
     585.0
    1010.0
    1242.4
    1371.4
    1480.3
    2060.2
    2182.0
    2323.6
    2440.8
    3679.3
    3733.7
    4556.7
    4754.4
    4940.7
    5207.8
    5301.7
    5389.2
    5601.0
    5822.1
    5995.5
    6075.5
    6251.5
    6294.1
    6815.8
    7030.4
    7309.8
    7509.2
    7978.7
    8045.4
    8097.7
    8320.2
    8718.5
    9118.8
    9137.3
    9185.9
    9206.7
    9320.4
    9422.6
    9952.1
   10188.6
   10990.1
   11200.5
   11251.6
   11824.3
   11861.3
   11899.6
   12049.0
   12447.6
   12472.0
   12575.1
   12599.3
   12732.9
   12830.4
   12869.7
   13511.7
   13582.4
   13693.2
   13733.4
   13749.2
   14266.3
   14383.3
   14459.3
   14548.3
   14860.2
   14950.9
   15132.2
   15279.4
   15808.2
   15897.4
   16031.0
   16081.4
   16112.1
   16230.9
   16305.6
   16339.4
   16570.9
   16666.0
   16699.8
   16813.6
   17015.4
   17113.9
   17368.5
   17375.8
   17665.9
   17818.0
   17917.3
   18185.3
   18452.6
   18462.9
   18514.8
   18519.9
   18546.8
   18859.3
   19052.3
   19323.4
   19554.4
   19567.2
   19666.3
   19866.4
   20379.9
   20455.3
   20486.9
   20584.1
   20588.3
   20901.7
   20934.3
   20957.4
   21172.1
   21201.0
   21484.6
   21586.8
   21830.2
   22268.3
   22312.2
   22327.9
   22338.4
   22640.9
   22685.1
   22706.5
