      34.9
     151.7
     399.5
     540.9
     668.1
    1188.0
    1605.2
    1631.2
    2027.8
    2159.1
    2238.5
    2395.2
    2545.0
    2560.2
    2721.3
    2754.9
    2821.9
    3039.9
    3355.8
    3362.0
    3770.4
    3989.8
    4270.7
    4735.3
    4969.5
    5070.6
    5148.0
    5248.6
    5385.0
    5612.7
    5747.7
    5863.5
    6180.3
    6259.4
    6387.0
    6409.2
    7119.3
    7248.4
    7554.1
    7721.0
    8537.1
    8598.3
    8647.1
    8729.8
    8844.5
    8894.2
    9612.2
    9983.0
   10326.4
   10826.0
   10856.0
   11322.3
   11336.5
   11348.8
   11616.7
   11624.0
   12308.2
   12492.0
   12764.4
   12932.6
   12965.0
   13044.6
   13274.2
   13764.2
   13816.2
   13866.2
   13877.7
   13950.3
   14155.9
   14213.0
   14421.5
   14536.5
   15111.9
   15548.6
   15679.1
   15987.9
   16062.5
   16079.7
   16330.5
   16467.7
   16486.9
   16847.4
   16888.7
   17233.6
   17671.6
   17733.7
   17839.5
   18048.3
   18096.1
   18105.7
   18481.7
   18502.0
   18955.9
   19057.7
   19506.1
   19564.8
   19810.9
   19958.7
   20662.3
   20776.4
   22498.3
   22498.4
   22505.2
   22786.9
   22922.8
