     736.5
    1029.2
    1067.2
    1358.8
    1471.6
    1588.1
    1600.2
    2039.0
    2241.6
    2407.2
    2849.4
    3071.4
    3266.0
    3425.2
    3710.3
    3734.6
    4406.5
    4622.8
    4772.6
    5506.4
    5685.0
    5812.1
    6093.2
    6461.9
    6466.5
    7130.3
    7167.3
    7833.0
    7917.6
    7941.8
    8007.0
    8153.0
    8314.4
    8384.7
    9151.2
    9396.2
    9434.8
    9726.6
    9948.8
   11553.2
   11564.3
   11705.7
   12059.3
   12122.6
   12554.0
   12805.7
   12816.1
   13032.5
   13040.5
   13531.1
   13577.2
   13814.3
   13840.5
   13923.0
   14018.8
   14441.4
   14721.1
   14966.7
   15180.9
   15258.4
   16646.2
   17042.7
   17588.1
   17615.7
   17719.0
   17826.9
   17860.4
   17879.2
   18025.6
   18224.7
   18586.7
   18614.8
   18648.1
   19096.6
   19176.8
   19293.4
   19317.1
   19402.9
   20005.9
   20118.4
   20761.6
   20984.6
   21370.3
   21690.8
   21816.8
   21952.6
   22114.6
   22221.2
   22494.8
   22892.4
   22955.3
   22998.9
