       5.9
      22.4
     101.6
     241.4
     385.2
     509.3
     518.3
     549.3
     798.8
    1125.3
    1446.9
    1563.8
    1797.2
    2213.3
    2219.1
    2248.9
    2254.7
    2561.6
    3050.6
    3666.0
    3960.0
    4228.1
    4350.8
    4752.8
    4801.9
    4827.5
    4953.6
    4966.0
    5397.4
    5870.4
    6400.5
    6443.3
    6649.5
    6759.3
    7007.9
    7071.2
    7114.8
    7246.7
    7339.3
    7942.2
    8322.5
    8473.2
    8509.4
    8782.7
    9317.9
    9585.1
    9910.1
   10052.3
   10277.7
   10608.6
   11582.3
   11621.8
   11712.1
   11722.7
   11820.4
   11867.9
   12024.8
   12080.9
   12334.0
   12356.1
   12524.2
   12534.6
   12629.0
   12630.8
   12864.1
   13061.1
   13382.1
   13537.5
   13591.8
   13695.0
   13754.2
   13971.1
   13975.9
   14157.7
   14303.7
   14961.6
   14977.2
   15010.6
   15095.9
   15096.5
   15116.4
   15255.4
   15421.7
   15435.0
   15527.4
   15539.0
   15584.6
   15663.8
   15680.2
   15694.5
   15732.6
   15840.9
   15941.1
   15947.4
   16127.7
   16268.0
   16428.4
   16474.8
   16968.4
   17200.9
   17617.1
   17912.5
   18168.1
   18730.9
   18812.3
   18833.2
   19310.8
   19563.0
   19673.7
   19713.3
   20267.3
   20578.8
   20928.4
   20999.1
   21383.4
   21507.3
   21707.3
   21928.3
   22011.7
   22019.5
   22445.0
