      38.9
     158.0
     277.9
     296.2
     434.8
     770.0
     817.6
     898.5
    1048.9
    1084.1
    1315.4
    1389.5
    1618.6
    1766.1
    1835.7
    2858.4
    3269.9
    3270.7
    3339.0
    3350.1
    3522.4
    3581.4
    3902.6
    3927.1
    4000.8
    4041.2
    4652.3
    4785.8
    4857.4
    4960.5
    5382.3
    5748.4
    5908.9
    5968.1
    5990.8
    6073.3
    6077.5
    6091.8
    6186.9
    6272.4
    6654.7
    6992.3
    7033.5
    7250.2
    7574.9
    7822.5
    8147.1
    8594.1
    8739.7
    8769.4
    8816.1
    9249.6
    9375.1
    9469.5
    9960.5
   10229.9
   10434.9
   10640.2
   10651.3
   10832.6
   11282.6
   11327.8
   11669.4
   11675.4
   11840.8
   12062.4
   12086.7
   12170.0
   12214.2
   13174.0
   13306.2
   13351.0
   13404.5
   13582.7
   13616.8
   13769.0
   14024.5
   14203.3
   14523.6
   15166.2
   15320.7
   15356.3
   15582.7
   15598.6
   16048.9
   16170.7
   16204.2
   16291.0
   16562.5
   16735.4
   16914.3
   16936.6
   17305.3
   18211.6
   18345.4
   18350.4
   18458.8
   18473.7
   18621.6
   18708.3
   18931.4
   19009.1
   19178.7
   19527.4
   19859.4
   20135.4
   20173.5
   20675.1
   20762.9
   20883.7
   21264.6
   21310.7
   21314.9
   21426.3
   21460.6
   21614.8
   22299.5
   22397.6
   22410.0
   22842.6
