      20.6
      93.5
     341.7
     382.9
     535.1
     672.7
     679.3
     890.5
    1375.7
    1504.0
    1668.1
    1911.2
    1992.5
    2118.0
    2225.2
    3087.1
    3212.7
    3278.8
    3430.5
    3757.9
    4046.8
    4120.7
    4662.4
    4845.9
    4946.6
    5085.6
    5407.8
    5578.3
    5689.8
    5926.7
    5970.9
    6270.9
    6389.1
    6534.6
    7252.0
    7481.8
    7741.6
    7744.7
    8219.4
    8922.8
    9136.2
    9447.8
    9518.2
    9932.1
    9987.8
   10086.6
   10176.5
   10287.2
   10861.9
   11294.5
   11481.8
   11525.5
   11703.9
   11887.3
   12060.8
   12655.5
   12678.2
   12683.6
   13142.1
   13191.9
   13706.4
   13850.0
   13966.0
   14107.0
   14228.5
   14243.8
   14577.7
   14697.0
   14941.2
   15099.9
   15553.9
   15869.1
   16625.8
   17245.8
   17404.5
   17789.1
   18533.5
   18796.1
   18862.4
   19052.1
   19074.8
   19251.5
   19562.5
   19794.4
   19925.1
   19961.7
   20138.2
   20442.4
   20513.1
   20538.3
   20827.1
   21206.6
   21266.6
   21441.1
   21704.1
   21988.7
   22268.7
   22455.3
   22777.8
   22893.7
