     120.9
     317.9
     436.2
     903.5
     953.2
    1396.3
    1747.8
    2273.2
    2466.5
    2596.0
    2685.7
    2691.2
    3030.6
    3206.6
    3695.1
    3763.1
    3963.6
    4080.2
    4084.3
    4335.2
    4441.6
    4463.6
    4500.3
    4600.9
    4890.3
    5059.6
    5516.5
    5574.4
    5634.1
    5725.6
    6260.7
    6326.1
    6386.2
    6414.2
    6477.4
    6602.5
    6719.2
    6867.6
    7430.1
    8147.4
    8242.4
    8330.6
    8448.6
    8680.8
    8799.8
    9165.7
    9172.6
    9225.7
    9416.0
   10164.4
   10215.2
   10394.2
   10810.7
   11140.8
   11155.0
   11246.3
   12300.4
   12330.1
   12593.5
   12600.5
   12970.8
   13247.8
   13446.0
   14045.8
   14142.4
   14233.2
   14478.2
   14506.4
   14677.0
   15050.0
   15394.1
   15451.1
   16061.5
   16511.9
   16558.7
   16595.7
   16759.8
   16769.9
   16950.5
   16972.5
   17021.2
   17027.6
   18225.7
   18313.7
   18314.0
   18584.2
   18769.4
   18934.3
   18976.6
   19374.6
   19605.5
   20071.0
   20197.7
   20252.5
   20504.0
   20507.0
   20514.1
   21077.0
   21955.2
   22342.0
   22388.9
   22466.6
   22469.0
   22508.6
   22713.0
