     143.0
     472.8
     509.4
     688.7
     799.2
     834.0
     884.8
     999.1
    1058.8
    1540.2
    1734.0
    1830.8
    1845.7
    2091.6
    2232.4
    2291.9
    2417.0
    2470.1
    2615.7
    2628.0
    2801.0
    3235.4
    3631.5
    4898.4
    5162.6
    5313.5
    5331.2
    5481.4
    5595.3
    5768.4
    5909.3
    5937.1
    6084.1
    6138.4
    6345.0
    6357.0
    6572.1
    7007.3
    7037.7
    7142.4
    7147.0
    7253.1
    7260.9
    7437.1
    7710.3
    7961.1
    7990.7
    8131.4
    8205.8
    8312.4
    8394.5
    8805.3
    8966.8
    9019.0
    9281.2
    9295.4
    9620.1
    9794.4
    9853.5
   10237.1
   10439.9
   10471.0
   10707.8
   10970.1
   11405.6
   11480.8
   11566.1
   11801.1
   12059.6
   12091.4
   12371.8
   12413.7
   12471.8
   12842.4
   13588.4
   13996.3
   14407.3
   14520.8
   14613.1
   15008.4
   15277.3
   15436.3
   15739.1
   16193.6
   16310.8
   16354.6
   16368.6
   16744.1
   16920.3
   16999.5
   18402.0
   18410.2
   18499.0
   18836.7
   18860.8
   18942.3
   20196.8
   20238.4
   20251.9
   20292.4
   20685.8
   20915.7
   21080.5
   21256.0
   21411.8
   21606.1
   21698.4
   22442.5
   22892.2
   22968.4
