       6.1
     233.4
     302.6
     606.5
     682.9
     948.9
    1161.6
    1168.7
    1170.8
    1450.0
    1961.5
    2575.8
    3079.2
    3171.1
    3388.1
    3728.4
    3850.5
    3872.7
    3938.9
    4264.8
    4343.2
    4521.6
    4716.7
    4940.9
    5183.1
    5399.6
    5420.1
    5529.2
    5949.9
    6007.6
    6073.6
    6279.1
    6350.9
    7090.8
    7418.6
    8138.0
    8206.6
    8308.5
    8335.7
    8352.1
    8381.5
    8457.5
    8586.1
    8831.2
    9236.2
    9487.1
    9542.2
    9635.2
   10008.1
   10223.4
   10805.0
   11081.4
   11151.4
   11212.4
   11398.8
   11424.8
   11582.9
   11767.6
   11857.4
   12113.8
   12119.6
   12197.9
   12468.2
   12597.8
   12739.8
   12837.4
   12873.1
   12957.4
   13059.7
   13574.8
   13628.8
   13633.0
   14197.8
   14218.1
   14368.6
   14442.8
   14576.8
   14706.1
   14707.4
   15221.7
   15337.3
   15601.4
   15608.2
   15682.6
   15967.5
   16107.4
   16180.8
   16990.7
   17156.5
   17170.2
   17266.2
   17597.6
   17703.9
   18076.0
   18240.7
   18392.0
   18545.3
   18593.5
   18702.8
   18948.9
   19403.8
   19463.5
   20159.1
   20738.1
   20773.7
   20815.9
   20911.7
   20913.2
   20917.9
   21237.8
   21497.0
   21555.7
   21577.7
   21633.4
   21673.4
   22141.8
   22603.6
   22695.6
