      39.1
     442.5
     749.5
     768.7
    1016.4
    1117.0
    1239.6
    1311.8
    1366.7
    1426.6
    1688.9
    1824.0
    1942.7
    2088.2
    2166.4
    2310.5
    2685.2
    2948.5
    3050.9
    3570.6
    3700.8
    3889.5
    4123.2
    4234.1
    4443.7
    4724.0
    4731.1
    4801.1
    5316.2
    5505.4
    5621.8
    5812.0
    6156.9
    6662.0
    6761.0
    6911.4
    7249.2
    7794.6
    7873.0
    7886.8
    8021.1
    8616.8
    8946.3
    9262.8
    9345.6
    9668.6
   10222.4
   10729.2
   10989.7
   11320.6
   11460.6
   11726.1
   12383.0
   13577.8
   13650.3
   13710.4
   13783.3
   13806.9
   14278.2
   14319.4
   14731.3
   15046.0
   15388.9
   15592.0
   15630.2
   15860.1
   15973.9
   16356.7
   16883.0
   16935.4
   16983.9
   17153.5
   17498.4
   17590.0
   18533.0
   18960.5
   19036.6
   19363.1
   20189.3
   20237.8
   20755.4
   21221.3
   21679.2
   22035.9
   22067.0
   22499.5
   22771.2
