     219.6
     276.5
     278.4
     764.8
     811.9
    1010.7
    1305.7
    1329.2
    1440.1
    1468.0
    1729.5
    1895.9
    1935.1
    2201.3
    2253.7
    2617.0
    2635.7
    2705.4
    2979.0
    3059.4
    3360.4
    3469.7
    3472.6
    3974.3
    3985.5
    4032.9
    4296.9
    4438.7
    4675.7
    4701.4
    4828.9
    5699.1
    5711.8
    5794.1
    5909.0
    6068.2
    6444.3
    6615.4
    6760.9
    6775.0
    6810.3
    6906.5
    7010.9
    7053.4
    7100.1
    7231.6
    7277.7
    7295.8
    7330.0
    7514.4
    7552.9
    7634.8
    8166.8
    8198.4
    8347.9
    8351.0
    8468.5
    8762.3
    8763.8
    8854.5
    8947.9
    9002.0
    9027.3
    9087.6
    9143.0
    9161.4
    9280.1
    9486.9
    9889.3
   10015.9
   10157.7
   10375.2
   10945.8
   11184.5
   11904.6
   12222.0
   12406.7
   12492.2
   12576.4
   12598.0
   12964.9
   13245.0
   13836.7
   13845.1
   14291.4
   14505.4
   14771.5
   15040.8
   15563.9
   15941.9
   16460.5
   16797.5
   16857.8
   17112.1
   17281.5
   17501.9
   17755.5
   18362.2
   18710.7
   18806.3
   18873.5
   18928.1
   19077.5
   19102.7
   19371.6
   19486.9
   19523.9
   20328.4
   20510.2
   20863.9
   21279.9
   21354.3
   21755.0
   21875.3
   22167.8
   22486.2
   22955.4
