     507.3
     673.3
    1093.8
    1303.2
    1333.8
    1404.0
    1532.8
    1693.3
    1739.7
    2109.9
    2117.8
    2144.0
    2353.3
    2517.2
    2770.9
    3031.8
    3088.1
    3551.2
    4002.3
    4106.6
    4480.6
    4488.6
    4537.7
    4848.8
    4904.4
    5548.7
    5914.9
    6149.4
    6492.7
    6532.7
    6559.0
    6574.8
    6637.5
    6958.5
    7306.5
    7312.2
    7375.1
    7436.7
    7907.7
    8495.2
    8511.8
    8518.9
    8662.9
    8773.7
    9025.4
    9217.2
    9279.8
    9359.0
    9447.2
    9682.0
    9694.3
    9768.3
    9821.7
   10152.0
   10555.5
   10748.5
   10819.1
   11005.2
   11097.9
   11126.4
   11158.9
   12021.1
   12068.8
   12388.9
   12563.9
   12633.9
   12742.7
   12773.3
   13345.1
   13470.6
   13557.6
   13776.2
   13847.1
   14151.8
   14362.3
   14377.7
   14715.5
   14862.8
   15729.9
   15974.8
   16206.2
   16273.1
   16314.8
   16604.4
   16682.7
   16739.0
   16750.1
   17031.8
   17098.0
   17299.2
   17418.9
   17506.1
   17628.3
   18055.5
   18359.3
   18824.5
   18843.9
   19065.3
   19492.9
   19654.9
   19678.6
   20089.9
   20634.9
   20660.1
   20669.2
   20959.1
   20992.8
   21436.9
   21766.0
   21995.2
   21999.6
   22039.0
   22492.1
   22574.7
   22918.3
