     309.5
     575.5
     576.1
     694.4
     726.4
     779.8
     870.8
    1205.5
    1326.8
    1390.0
    1467.1
    1736.4
    1950.6
    2364.7
    2621.7
    3416.3
    3495.1
    4095.3
    4140.7
    4264.9
    4590.4
    4700.2
    4791.2
    5054.6
    5195.1
    5676.7
    5732.4
    5780.2
    6056.1
    6179.7
    6396.5
    6548.7
    6560.3
    6560.4
    6898.5
    7063.1
    7195.9
    7314.8
    7513.6
    7519.8
    7777.8
    7784.9
    7960.9
    8425.9
    8498.6
    8584.7
    8645.4
    8963.8
    9327.9
    9534.9
   10112.2
   10227.9
   10793.5
   10924.5
   11440.7
   11671.0
   11745.7
   11751.3
   11824.6
   11892.1
   12404.1
   12460.0
   12688.1
   12726.3
   12737.3
   12752.4
   12887.0
   12906.6
   12943.0
   13050.2
   13154.7
   13371.9
   13461.7
   13483.4
   13580.0
   13830.6
   13913.8
   14155.0
   14370.6
   14494.0
   14503.6
   14556.0
   14793.6
   15775.1
   15870.4
   15943.1
   16023.0
   16066.4
   16173.3
   16617.6
   16657.5
   16978.5
   16984.6
   16999.1
   17368.3
   17433.9
   17752.4
   17869.5
   18042.3
   18080.3
   18130.2
   18539.5
   18703.0
   18749.9
   18775.2
   19201.6
   19229.4
   19385.8
   19523.2
   19906.3
   19992.8
   20153.7
   20684.6
   20762.4
   20825.0
   20848.9
   20951.3
   21567.0
   21759.2
   21799.1
   22301.9
   22602.6
   22735.9
   22780.1
