     137.0
     203.2
     318.1
     380.9
     596.9
     889.5
     965.5
    1060.7
    1216.4
    1300.3
    1368.3
    1439.5
    1491.6
    1684.0
    1907.2
    1947.2
    2067.5
    2129.2
    2275.4
    2390.6
    2414.3
    2490.5
    3195.1
    3229.1
    3298.8
    3408.6
    3599.3
    3606.2
    3696.5
    3727.4
    3786.6
    4230.4
    4976.0
    5063.0
    5296.9
    5299.1
    5325.8
    5432.2
    5712.2
    6176.8
    6275.9
    6429.0
    6757.5
    6962.4
    7045.1
    7515.6
    7792.6
    7872.4
    8081.8
    8312.9
    8315.6
    8319.9
    8384.3
    8526.5
    8569.5
    8608.6
    9212.0
    9351.2
    9809.3
   10072.4
   10387.2
   10668.2
   10709.7
   10877.5
   10951.5
   11138.1
   11539.5
   11561.2
   11754.8
   11807.5
   11810.7
   11895.3
   11900.5
   12185.8
   12212.7
   12294.3
   12485.4
   12564.3
   12880.5
   13950.9
   14018.0
   14337.6
   15161.8
   15335.0
   15358.8
   15400.2
   15425.7
   15435.0
   15710.0
   15750.4
   15760.0
   16070.5
   16212.2
   16296.7
   16531.7
   16689.6
   17219.4
   17287.8
   17987.0
   18070.6
   18487.0
   18854.3
   19044.3
   19196.1
   19607.3
   20086.6
   20579.5
   20626.5
   20779.3
   20801.4
   21080.1
   21315.9
   21343.9
   21388.0
   21872.9
   22087.1
   22100.1
   22152.6
   22162.4
   22439.0
   22586.9
   22658.4
   22752.0
