     158.1
     241.6
     377.6
     500.1
     974.1
    1078.5
    1804.5
    1939.3
    2032.5
    2261.2
    2804.1
    2885.2
    2921.1
    2962.1
    3259.3
    3380.4
    3462.5
    3631.3
    4175.4
    4408.3
    4563.7
    4686.8
    4834.3
    4859.5
    5573.6
    5715.0
    5922.3
    6150.7
    6335.3
    6365.7
    6383.1
    6517.0
    6585.0
    6817.2
    7409.4
    7479.8
    7616.0
    7644.4
    7884.5
    7908.7
    8076.0
    8163.6
    8873.2
    8895.6
    9128.3
    9207.0
    9356.9
    9627.0
    9820.0
   10100.2
   10625.4
   10639.4
   10796.8
   10898.0
   11117.7
   11222.9
   11397.9
   11465.4
   11947.7
   12251.2
   12511.9
   12521.0
   12810.2
   13069.6
   13134.9
   13221.7
   13524.8
   13622.5
   13763.4
   13890.4
   13897.1
   14111.8
   14374.9
   14884.5
   14976.0
   15009.2
   15055.2
   15157.0
   15209.8
   15217.6
   15330.3
   15402.2
   15543.3
   15571.3
   15954.1
   16006.4
   16060.4
   16104.5
   16307.8
   16350.2
   16392.8
   16693.1
   17300.8
   17307.7
   17347.6
   17406.7
   17531.7
   17702.5
   18157.4
   18331.9
   18398.7
   19228.8
   19258.7
   19362.1
   19609.1
   19821.0
   19980.2
   20239.2
   20316.8
   20323.5
   20753.3
   21156.5
   21255.3
   21407.3
   21978.1
   22186.3
   22534.5
   22535.9
   22588.8
   22824.1
