     432.6
     579.6
    1068.5
    1094.9
    1181.8
    1583.2
    1788.1
    2492.8
    2563.6
    2862.0
    3612.7
    3803.5
    3809.3
    4404.4
    4755.1
    5182.1
    5288.2
    5303.9
    5751.5
    5910.2
    6093.4
    6128.4
    6501.6
    6524.3
    6714.9
    7014.5
    7186.6
    7439.9
    7483.1
    7580.6
    7765.2
    7778.4
    7874.5
    8253.7
    8363.8
    8496.7
    8556.9
    8661.7
    8813.7
    8896.4
    9106.2
    9240.6
    9443.9
    9446.2
    9720.0
    9814.8
    9991.0
   10363.1
   10861.8
   11221.6
   11666.2
   11836.2
   12088.1
   12615.4
   13007.3
   13504.4
   13662.8
   13713.7
   14190.4
   14401.0
   14493.4
   14611.8
   14911.1
   14929.1
   15260.8
   15536.9
   15613.0
   15718.1
   15872.8
   16112.9
   16272.6
   16390.6
   16502.8
   16812.3
   17021.0
   17206.4
   17233.8
   17814.4
   17835.2
   18618.6
   18636.6
   19019.0
   19184.0
   19546.5
   19808.2
   20095.7
   20126.6
   20563.8
   20662.4
   20815.8
   21001.5
   21206.2
   22057.4
   22155.1
   22258.3
   22551.2
   22917.6
