      42.5
      60.5
      72.2
     546.9
     804.3
     949.4
    1282.2
    1595.6
    1697.7
    1730.3
    2305.7
    2775.8
    3763.6
    4261.2
    4289.8
    4571.3
    5712.1
    6070.9
    6180.2
    6350.2
    6594.1
    6719.1
    6727.0
    6911.5
    7072.2
    7289.3
    7314.4
    7439.4
    7552.3
    8193.4
    8521.6
    8581.1
    8712.2
    8875.7
    8974.8
    9008.6
    9343.6
    9516.1
    9561.8
    9774.7
    9856.1
    9990.4
   10278.5
   10635.4
   11066.5
   11296.7
   11582.2
   11620.3
   11991.4
   12134.6
   12248.5
   12301.5
   12351.8
   12354.8
   12378.1
   12405.7
   12931.9
   13180.8
   13194.8
   13292.2
   13293.2
   13611.4
   13681.4
   13721.3
   13731.2
   13836.5
   14230.4
   14546.2
   14639.0
   14758.0
   14878.4
   15037.4
   15373.3
   15660.1
   16555.3
   16565.7
   16569.1
   16633.2
   17384.7
   17394.1
   18374.9
   18696.6
   19749.1
   20018.8
   20356.6
   20420.4
   20704.5
   20747.0
   20900.2
   21028.5
   21423.7
   21710.0
   21726.1
   21998.7
   22194.7
   22330.3
   22342.3
   22646.5
   22753.6
   22882.2
   22952.5
