      52.6
     156.2
     167.4
     297.8
     400.3
     411.4
     545.9
     584.6
     757.2
     795.0
     849.5
    1355.1
    1364.0
    1396.9
    2027.4
    2359.7
    2383.5
    2546.5
    2626.2
    2732.8
    3296.7
    3440.9
    3933.5
    3987.7
    4328.4
    4360.0
    4379.2
    4459.8
    4851.7
    5091.1
    5338.2
    5689.5
    5956.3
    5999.6
    6210.1
    6286.0
    6329.0
    6385.7
    6427.4
    6495.8
    6759.2
    6815.6
    6916.6
    6960.4
    7107.8
    7534.0
    7670.3
    7779.7
    7793.8
    7834.5
    7999.8
    8263.7
    8688.7
    8782.0
    8847.4
    9459.2
   10185.5
   10565.9
   10605.6
   10742.9
   11247.8
   11324.7
   11619.1
   11658.8
   11665.1
   12272.4
   12297.6
   12722.3
   12882.2
   12952.3
   13011.1
   13307.3
   13695.3
   13735.7
   13910.7
   14279.4
   14386.9
   14502.2
   14526.4
   14650.2
   14704.0
   15381.9
   15560.2
   15624.5
   15879.5
   16018.6
   16052.6
   16098.6
   16166.3
   16192.4
   16320.7
   16381.1
   16389.8
   16930.6
   17083.7
   18084.8
   18166.9
   18227.1
   18245.9
   18264.3
   18418.5
   18466.4
   18588.0
   18937.5
   18958.2
   19456.6
   19715.2
   19787.9
   20544.9
   21008.1
   21798.6
   21969.2
   22165.1
   22298.9
   22961.7
