     649.3
     690.1
    1136.9
    1348.2
    1747.1
    2166.3
    2688.7
    3132.9
    3543.8
    3954.7
    4188.6
    4567.6
    4875.4
    5394.9
    5693.9
    6530.1
    7015.4
    7802.0
    7904.4
    7975.6
    8769.3
    8962.5
    9468.6
    9596.3
    9634.6
    9705.6
   10061.9
   10145.7
   10261.4
   10632.8
   10645.9
   10963.5
   10996.2
   11069.2
   11220.6
   11648.9
   11657.8
   11976.1
   12347.8
   12572.5
   12746.7
   12749.0
   12810.3
   13367.2
   13496.5
   14129.0
   14308.8
   14494.3
   14863.4
   14868.8
   14949.1
   15234.6
   15398.5
   15637.2
   15640.2
   15801.7
   15862.7
   16010.1
   16353.7
   16495.1
   16503.5
   16804.3
   16983.5
   17097.5
   17195.7
   17350.8
   17869.1
   17984.7
   18034.8
   18337.4
   18465.2
   18487.8
   18562.2
   18597.7
   18791.0
   18899.5
   18992.0
   19391.9
   19409.1
   19480.8
   19938.2
   19942.4
   19953.7
   20152.2
   20157.9
   20293.5
   20398.9
   20473.3
   20622.5
   20880.2
   20903.9
   20970.4
   21046.2
   21178.2
   21224.0
   21278.9
   21866.3
   21880.0
   22251.8
   22528.6
   22882.1
   22918.3
   22967.4
