     135.6
     141.5
     364.3
     414.2
     480.7
     662.1
     669.8
     976.6
    1030.6
    1047.4
    1145.8
    1311.2
    1387.7
    1890.5
    2024.1
    2508.1
    2668.6
    2930.6
    3036.0
    3135.6
    3547.8
    3604.7
    4259.4
    4668.6
    4823.2
    4842.5
    4869.4
    5086.4
    5117.3
    5424.8
    5668.7
    5674.7
    5754.0
    5760.0
    5814.6
    6285.1
    6349.5
    6453.3
    6552.0
    6662.0
    6725.0
    7036.9
    7050.0
    7795.0
    7855.6
    8016.2
    8328.1
    8524.4
    9082.8
    9087.3
    9119.9
    9163.4
    9207.6
    9380.7
    9592.8
   10542.6
   10590.7
   10717.1
   11049.9
   11594.8
   11813.4
   11875.3
   12094.9
   12150.3
   12222.4
   12458.0
   12469.6
   12483.3
   12658.5
   12746.2
   12961.1
   13134.7
   13306.2
   13546.3
   13799.4
   14058.7
   14093.3
   14138.9
   14356.6
   14389.5
   14391.4
   14812.1
   15059.9
   15447.1
   15571.1
   15774.0
   15777.9
   15948.9
   16429.0
   16439.4
   16588.9
   16641.8
   16973.5
   17029.7
   17155.0
   17705.9
   18072.3
   18159.4
   18301.4
   18692.1
   18825.4
   18865.4
   18868.3
   18869.9
   18874.6
   18893.7
   18951.4
   19059.7
   19078.8
   19429.8
   19572.9
   19611.1
   19946.2
   20665.4
   20717.2
   20914.6
   20943.6
   21077.6
   21148.1
   21698.6
   21754.2
   22268.1
   22311.2
   22481.8
   22553.5
   22566.7
   22579.9
   22621.1
   22733.9
   22750.1
