     198.7
     644.6
     888.7
     946.0
    1044.5
    1068.8
    1487.8
    1535.2
    1642.6
    1723.0
    2035.7
    2110.5
    2130.2
    2209.0
    2628.8
    3101.5
    3105.8
    3355.8
    3442.5
    3662.2
    3688.0
    3779.3
    3785.7
    3989.0
    4298.9
    4486.4
    4647.6
    4857.2
    5060.9
    5143.8
    5187.3
    5449.2
    5615.2
    5650.9
    5867.9
    5870.2
    5991.1
    6174.4
    6454.1
    6664.5
    6829.8
    6913.8
    6941.0
    7122.2
    7482.1
    7668.5
    7836.8
    8049.9
    8382.7
    8390.6
    8409.7
    8645.5
    8738.6
    8827.7
    8852.2
    9195.2
    9264.5
    9399.1
    9505.1
   10085.4
   10324.4
   10355.8
   10474.5
   10519.3
   11012.3
   11038.0
   11060.0
   11136.4
   11432.9
   11721.2
   11824.5
   11833.8
   11856.9
   11905.9
   11963.6
   12177.1
   12427.2
   12471.2
   12521.9
   13023.8
   13148.3
   13502.2
   13815.9
   14209.0
   14595.9
   14856.1
   14873.0
   15186.0
   15459.7
   15675.9
   16455.1
   16794.6
   17013.0
   17030.1
   17819.9
   17822.5
   18143.2
   18421.0
   18444.1
   18728.6
   18733.0
   18790.9
   18793.1
   18795.2
   18912.0
   19392.2
   19568.4
   19937.6
   20045.9
   20143.1
   20369.1
   20460.1
   20567.2
   20652.7
   20821.8
   21048.4
   21080.7
   21252.2
   21288.9
   21368.7
   21878.9
   21985.6
   22165.9
   22314.9
   22638.3
   22689.2
   22865.2
