      12.3
     452.3
     720.8
    1078.4
    1095.9
    1362.8
    1681.9
    1921.9
    2181.5
    2308.6
    2399.0
    2466.5
    2579.9
    2675.4
    2684.3
    2737.5
    3241.9
    3271.2
    3291.7
    3379.7
    3986.5
    4185.6
    4201.8
    4585.1
    4771.7
    4860.0
    4899.2
    4980.1
    4997.9
    5312.3
    5350.1
    5404.9
    5707.7
    5781.3
    5963.0
    6161.3
    6281.8
    6320.2
    6472.7
    6552.4
    6631.4
    6773.2
    6910.8
    7072.2
    7121.1
    7296.1
    7347.0
    7650.7
    8296.6
    8362.7
    8430.1
    8698.9
    9019.6
    9140.0
    9310.7
    9510.2
    9604.8
    9986.7
   10140.5
   10221.5
   10532.4
   10728.7
   10834.3
   10983.1
   11050.7
   11056.8
   11158.6
   11263.6
   11292.0
   11521.4
   11653.1
   11659.6
   12157.8
   12189.2
   12254.3
   12354.3
   12574.9
   12888.1
   13140.4
   13148.9
   13340.5
   13642.6
   14824.0
   15138.0
   15148.7
   15164.9
   15486.4
   15735.3
   15824.1
   16134.1
   16217.7
   16361.3
   16499.3
   16845.0
   17178.1
   17233.4
   17319.0
   17771.0
   18053.9
   18132.0
   18402.4
   18409.8
   18545.3
   18678.6
   18760.0
   19180.8
   19224.4
   19282.8
   19379.9
   19423.3
   19634.1
   19858.5
   20135.8
   20445.0
   20463.1
   20511.6
   20548.4
   21175.9
   21543.1
   21580.5
   21795.7
   22344.6
   22459.0
   22568.9
   22998.9
