     101.9
     358.3
     510.9
     736.1
     953.2
    1087.5
    1260.3
    1722.1
    1873.5
    2024.5
    2143.5
    2248.5
    2310.7
    2329.9
    2904.0
    3017.3
    3075.3
    3518.4
    3593.8
    3658.8
    3773.0
    3807.2
    3903.1
    4203.1
    4238.6
    4517.2
    4627.2
    4651.4
    4693.9
    4875.6
    4956.7
    5572.9
    5604.8
    5931.3
    6629.0
    6730.9
    6755.4
    6898.0
    6965.7
    7354.5
    7575.6
    7614.7
    7873.6
    8092.0
    8742.6
    8746.7
    9009.1
    9080.5
    9104.9
    9142.3
    9350.2
    9509.4
    9582.3
    9834.7
   10035.6
   10194.1
   10210.3
   10755.5
   10979.8
   11255.9
   11445.0
   11536.0
   11672.7
   11741.5
   11862.6
   11937.0
   12346.8
   12441.4
   12992.3
   13154.7
   13442.3
   13625.0
   13723.1
   13976.3
   14721.9
   14736.5
   15148.7
   15597.3
   15849.8
   15904.2
   15910.9
   16073.3
   16126.8
   16580.0
   16698.4
   16719.6
   16764.1
   16767.4
   17254.2
   17423.7
   17559.5
   17560.5
   17599.4
   17681.5
   17816.3
   18179.6
   18468.7
   18725.1
   18733.8
   18883.6
   19725.7
   19754.3
   19892.1
   20079.5
   20088.1
   20613.6
   20654.7
   20657.7
   21331.9
   21700.6
   21718.0
   21874.3
   21894.1
   21931.2
   22032.0
   22104.4
   22195.9
   22436.6
   22819.3
