     198.2
    1554.8
    1616.1
    1692.5
    2356.1
    2432.9
    2554.0
    2631.2
    2639.1
    2814.9
    2997.5
    3029.3
    3247.0
    3424.4
    3690.7
    3934.3
    4113.5
    4272.3
    4382.7
    4811.5
    5290.3
    5624.7
    5865.2
    5954.8
    6682.5
    6865.7
    6883.9
    6899.0
    7697.4
    8013.7
    8531.6
    8695.0
    8726.4
    8995.8
    9211.1
   10384.7
   10399.2
   10421.5
   10538.2
   10634.4
   11224.3
   11288.6
   11466.0
   11919.4
   11922.3
   12082.0
   12190.5
   12516.8
   12729.0
   13118.8
   13360.5
   13552.7
   13699.6
   13779.6
   13931.4
   13955.8
   14395.2
   14426.8
   14578.0
   14588.9
   14787.9
   15308.2
   15354.2
   15460.5
   15554.2
   16200.3
   16500.2
   16551.5
   16603.7
   16776.7
   16798.3
   17053.2
   17381.1
   17507.4
   17552.3
   17581.5
   17681.1
   17848.5
   18083.5
   18278.9
   18359.6
   18742.8
   18753.2
   19400.2
   19879.8
   19904.7
   20380.9
   20579.7
   20653.9
   20995.9
   21047.7
   21194.9
   21446.6
   21562.0
   21669.6
   21836.5
   22684.0
   22703.6
   22710.8
   22738.4
   22765.1
