     438.6
    1377.2
    1476.2
    1595.8
    1609.6
    1694.9
    2201.8
    2563.7
    2738.7
    2818.2
    3025.5
    3050.8
    3193.4
    3414.3
    3669.3
    3725.5
    4068.2
    4072.6
    4097.1
    4098.5
    4175.7
    4223.5
    4332.5
    4642.5
    5235.4
    5369.2
    5417.8
    5723.8
    6025.5
    6326.4
    6386.6
    6394.0
    6497.0
    6506.5
    6526.8
    6577.0
    6884.3
    7077.1
    7180.8
    7429.3
    7471.1
    7498.7
    7758.3
    8001.2
    8142.4
    8156.2
    8706.7
    9354.8
    9548.2
    9917.8
    9980.1
   10080.7
   10653.2
   10753.1
   11207.2
   11737.0
   11740.2
   11752.3
   11804.1
   11931.4
   12086.1
   12145.9
   12528.2
   12712.7
   12808.8
   13188.1
   13469.1
   13476.7
   13519.6
   13564.3
   13579.4
   13681.9
   13750.0
   13897.0
   13941.2
   13956.6
   14030.1
   14039.1
   14318.1
   14711.4
   15136.1
   15469.7
   15646.3
   15785.9
   16138.0
   16447.5
   16506.3
   16523.7
   16738.5
   16815.7
   16856.7
   16923.2
   17118.4
   17163.3
   17349.7
   17517.5
   17572.3
   17797.4
   18036.1
   18209.3
   18615.6
   18668.6
   18772.7
   18856.8
   19130.6
   19183.1
   19517.2
   19529.8
   19538.3
   19675.9
   19684.5
   19864.1
   20144.7
   20178.4
   20302.5
   20799.6
   20814.3
   20905.1
   21130.3
   21489.4
   21785.3
   21789.5
   21967.2
   22228.4
   22688.5
   22809.2
