     134.6
     180.7
     262.5
     458.9
     507.1
     511.6
     718.4
     722.6
     753.1
     891.9
    1042.4
    1296.0
    1312.9
    1624.2
    2043.2
    2068.8
    2104.2
    2118.8
    2188.5
    2293.6
    2334.0
    2959.3
    3089.1
    3181.2
    3259.1
    3269.0
    3324.6
    3462.3
    3906.2
    3982.7
    4238.0
    4402.1
    4580.1
    4773.3
    4896.1
    4931.5
    5025.7
    5127.2
    5128.2
    5299.8
    5444.7
    5562.5
    5697.4
    6168.0
    6201.7
    6757.8
    6945.5
    7137.5
    7505.7
    7532.8
    7534.1
    7641.1
    8039.0
    8227.7
    8658.6
    8869.2
    8925.9
    8937.7
    9175.2
    9353.8
    9410.1
    9433.0
    9701.9
    9847.5
    9956.6
   10217.4
   10309.0
   10544.6
   10566.5
   10709.4
   10868.8
   10892.5
   11516.4
   11743.4
   12038.4
   12162.0
   12229.7
   12361.9
   12373.3
   12546.3
   12853.1
   12958.3
   13035.5
   13787.1
   14129.9
   14325.9
   14509.1
   14611.4
   14728.2
   14857.4
   14857.6
   16109.0
   16198.7
   16271.1
   16280.4
   16640.2
   16767.0
   16825.1
   16962.2
   17174.8
   17250.0
   17624.6
   17773.8
   18158.8
   18983.5
   19305.5
   19752.3
   20014.1
   20061.2
   20113.7
   20229.2
   20270.0
   20863.3
   20879.6
   21061.4
   21067.2
   21599.4
   21776.4
   21788.1
   21822.6
   22415.6
   22594.2
   22619.5
   22673.9
   22947.2
