      79.5
     224.0
     438.4
     697.7
     748.2
     752.2
     831.2
    1152.7
    1170.1
    1290.8
    1567.1
    1573.5
    1678.1
    1792.8
    1827.5
    1896.9
    1994.8
    2497.9
    2498.2
    2915.5
    2996.7
    3169.5
    3225.4
    3324.7
    4059.0
    4095.0
    4170.4
    4520.9
    4585.8
    4593.0
    4759.0
    5318.7
    5421.2
    5608.0
    5774.3
    5778.7
    5784.5
    6263.5
    6344.3
    6459.2
    6965.4
    7207.6
    7334.2
    7553.8
    8112.0
    8118.6
    8205.5
    8323.8
    8519.0
    8760.4
    8859.0
    8913.5
    9087.2
    9124.4
    9159.8
    9470.5
    9676.8
    9896.8
    9947.5
   10178.5
   10309.5
   10432.1
   10516.8
   10746.2
   11212.9
   11307.0
   11313.9
   11721.8
   11740.9
   11921.6
   11955.2
   12085.4
   12397.1
   12472.2
   12587.8
   12708.3
   12784.6
   12823.1
   13012.8
   13156.7
   13218.2
   13762.7
   13907.6
   14028.8
   14183.2
   14374.2
   14415.3
   15542.0
   15633.9
   15668.9
   15898.1
   16049.0
   16214.4
   16277.2
   16278.7
   16509.5
   16548.4
   16750.2
   16960.3
   16982.7
   17409.6
   17476.5
   17779.9
   17902.1
   17935.7
   18261.8
   18657.2
   18767.7
   19001.3
   19036.9
   19078.2
   19231.3
   19240.6
   19427.7
   19461.1
   19536.1
   20082.1
   20153.6
   20175.3
   20176.9
   20254.8
   20402.7
   20825.3
   20909.6
   21528.0
   21580.8
   21590.4
   21661.4
   22005.0
   22319.3
   22525.7
   22542.6
