      93.7
     261.5
     776.0
    1088.9
    1243.4
    1369.6
    1375.7
    1576.3
    2174.8
    2231.6
    2444.4
    2565.6
    2643.8
    2879.3
    3028.4
    3136.8
    3138.3
    3144.3
    3512.4
    3549.4
    3788.3
    4114.2
    4377.3
    4392.9
    4669.3
    4863.4
    4880.3
    4887.3
    5179.7
    5622.5
    6000.9
    6126.0
    6251.0
    6801.8
    6809.6
    6898.5
    7087.6
    7441.5
    7953.9
    8167.1
    8699.0
    9060.9
    9186.0
    9190.4
    9447.8
    9455.6
    9598.7
    9799.3
   10325.0
   10745.6
   10967.0
   10970.0
   11096.8
   11252.7
   11639.8
   11702.6
   11892.9
   11899.5
   12015.1
   12245.4
   12363.9
   12565.6
   12851.1
   13229.7
   13232.1
   13429.7
   13459.2
   13695.6
   13940.9
   13951.2
   14074.4
   14125.2
   14145.1
   14321.2
   14379.9
   15009.1
   15150.5
   15754.6
   15770.9
   16063.4
   16100.8
   16170.5
   16660.5
   17097.0
   17198.0
   17285.8
   18398.2
   18401.1
   18482.5
   18527.5
   18802.7
   18914.5
   19133.7
   19492.3
   19494.5
   19500.1
   19648.2
   19693.0
   19959.6
   20180.5
   20192.6
   20385.3
   20793.6
   20883.0
   21505.4
   21642.7
   22067.9
   22315.4
   22459.8
   22478.2
   22616.7
   22822.6
   22849.2
   22982.2
