     100.9
     279.6
     413.8
     653.6
     836.8
     846.2
     999.5
    1942.6
    2094.6
    2225.1
    2287.5
    2314.6
    2445.9
    2457.7
    2682.5
    3337.8
    3696.3
    3815.0
    3825.6
    3863.4
    4055.2
    4171.6
    4210.9
    5034.3
    5146.0
    5572.1
    5612.3
    6256.3
    6484.0
    6583.8
    6993.4
    7384.0
    7508.8
    7511.5
    7565.8
    7978.7
    8580.3
    8823.2
    8959.3
    9094.5
    9287.6
    9301.3
    9403.9
    9535.9
    9709.0
    9727.4
    9867.4
    9963.0
    9972.0
   10381.6
   10510.8
   10569.3
   10685.2
   10855.3
   11189.3
   11655.9
   11960.4
   12652.4
   12824.7
   13125.8
   13150.7
   13301.9
   13650.6
   14043.6
   14147.8
   14186.8
   14249.9
   14472.4
   14509.9
   14549.6
   14778.3
   15488.8
   15586.6
   15795.8
   16209.1
   16276.1
   16653.9
   17096.0
   17101.7
   17424.4
   17444.5
   17453.5
   17669.9
   17708.8
   17972.8
   18328.2
   18603.3
   18636.0
   18721.9
   19103.2
   19135.2
   19355.5
   19394.4
   19831.0
   20234.4
   20405.7
   20551.0
   20625.0
   20676.2
   20676.9
   20696.5
   20787.8
   21047.1
   21068.2
   21880.3
   22424.8
   22484.1
   22548.8
   22590.3
   22639.3
