      78.4
      82.6
     218.4
     415.2
     445.0
     604.9
     630.1
    1715.0
    1830.5
    1921.9
    2370.1
    2907.3
    3008.8
    3299.0
    3541.3
    3792.3
    3973.6
    4371.2
    4383.0
    4630.4
    4763.2
    4779.3
    4798.4
    4851.5
    5042.1
    5137.3
    5402.0
    5510.8
    5591.0
    5900.7
    5910.7
    5951.1
    6023.4
    6030.9
    6075.8
    6188.3
    6337.5
    6359.0
    6430.4
    6455.6
    6571.5
    6699.0
    6963.2
    6985.5
    7642.7
    7681.7
    7889.1
    7958.7
    8094.6
    8484.8
    8506.9
    8997.5
    9720.4
    9768.2
    9960.3
   10205.2
   10254.4
   10398.3
   10500.8
   10677.5
   10698.9
   10940.2
   11108.0
   11415.2
   11619.7
   11751.3
   12098.7
   12570.0
   12951.5
   13237.4
   13291.4
   13501.4
   13865.7
   14127.2
   14467.8
   14479.7
   14532.8
   14570.7
   14947.5
   14979.6
   15069.1
   15295.9
   15413.0
   15623.3
   15710.5
   15801.7
   15810.7
   16124.9
   16125.5
   16444.3
   16705.7
   16757.4
   16821.6
   16991.0
   17335.7
   17359.8
   17488.2
   17553.3
   17740.4
   18029.5
   18115.9
   18328.8
   18643.1
   18691.2
   18775.4
   18933.0
   19341.0
   19522.6
   19813.5
   19830.2
   20215.4
   20273.3
   20541.9
   20750.8
   20883.0
   20944.4
   21047.9
   21771.1
   22556.4
   22685.5
   22698.0
   22702.3
   22908.2
