     163.1
     170.1
     214.9
     465.1
     472.6
     502.3
     544.5
     925.5
    1090.2
    1402.3
    1916.9
    1992.9
    2180.1
    2284.7
    2297.5
    2305.5
    2570.8
    3046.9
    3497.5
    3615.3
    3775.7
    4816.6
    4817.0
    4829.9
    4954.4
    5127.9
    5225.4
    5366.7
    5417.9
    5435.2
    5904.6
    6004.5
    6145.7
    6735.8
    6935.8
    6985.0
    6999.6
    7014.4
    7252.8
    7397.4
    7884.0
    8290.8
    8322.2
    8505.2
    8523.4
    8552.0
    8972.8
    9042.5
    9251.0
    9510.8
    9654.1
    9717.7
    9744.2
   10416.4
   10511.6
   10691.9
   10855.1
   11159.9
   11174.2
   11306.5
   11324.8
   11587.6
   11591.9
   11701.1
   11860.1
   12335.7
   12378.7
   12517.0
   12619.4
   12850.8
   13008.3
   13390.7
   13754.1
   13833.5
   13893.3
   13955.0
   14146.2
   14291.0
   14505.9
   14520.4
   14549.8
   14994.8
   15021.2
   15042.0
   15211.6
   15313.1
   15347.1
   16207.4
   16247.1
   16250.4
   16355.9
   16551.9
   16759.6
   16870.9
   17266.1
   17334.0
   17861.2
   17868.5
   18153.4
   18227.3
   18458.4
   18675.0
   18753.7
   18782.1
   19410.0
   19561.2
   19653.9
   19770.2
   19820.2
   20077.7
   20083.5
   20376.2
   20513.1
   20944.6
   21296.1
   21767.2
   22444.2
   22602.1
   22998.7
