     148.5
     318.5
     329.9
     405.3
     491.0
     765.5
     900.1
     978.5
    1142.8
    1277.7
    1493.7
    1518.8
    1888.5
    2109.7
    2171.4
    2480.5
    2563.7
    2626.8
    2765.2
    2830.2
    3166.0
    3430.9
    3518.0
    3525.4
    3539.4
    3612.8
    3772.7
    3995.9
    4378.0
    4461.2
    4613.5
    4686.1
    4976.9
    5229.3
    5238.1
    5405.9
    5669.1
    5907.3
    6235.8
    6891.9
    7062.8
    7084.3
    7443.6
    7702.2
    7854.7
    7883.4
    7958.1
    8371.8
    8587.6
    9099.8
    9214.4
    9250.9
    9511.5
    9512.3
    9996.6
   10100.1
   10653.0
   10780.4
   10812.0
   10971.8
   11007.9
   11059.9
   11067.6
   11255.2
   11465.3
   11511.1
   12171.7
   12884.4
   13135.3
   13149.1
   13355.8
   13402.5
   13782.5
   13818.3
   14112.3
   14217.1
   14243.3
   14250.7
   14363.6
   14536.0
   14746.4
   14823.2
   14838.6
   14862.9
   14864.3
   14968.2
   15465.1
   15553.5
   15571.4
   15767.6
   15826.8
   16204.5
   16716.8
   16894.2
   16997.0
   17459.1
   17465.1
   17528.5
   17598.4
   17971.0
   18062.3
   18147.7
   18258.7
   18331.7
   18495.1
   19187.5
   19616.0
   19992.6
   20147.4
   20254.0
   20270.9
   20740.8
   20744.8
   20840.7
   20937.9
   21250.7
   21442.1
   21711.4
   21748.4
   22077.4
   22128.4
   22309.0
   22592.2
   22998.0
