      97.5
     131.8
     181.5
     407.6
     919.1
    1062.9
    1115.4
    1263.4
    1428.7
    1558.3
    1733.4
    1931.6
    2040.7
    2136.0
    2276.1
    3365.3
    3427.6
    3531.8
    3783.6
    3795.0
    3831.9
    4594.6
    4863.1
    5001.4
    5097.8
    5362.1
    5587.1
    5620.2
    5676.8
    5777.5
    5935.0
    7220.8
    7534.3
    7586.2
    7882.2
    8070.4
    8113.4
    8873.0
    8965.2
    9067.9
    9348.3
    9538.8
    9644.0
   10134.0
   10201.8
   10220.9
   10430.4
   10704.6
   10850.8
   11004.5
   11050.2
   11060.1
   11210.6
   11225.2
   11288.5
   11722.1
   12053.9
   12313.6
   12489.4
   12847.2
   12959.4
   13317.7
   14156.9
   14490.6
   14585.1
   14879.2
   14955.2
   14978.8
   15653.9
   15814.8
   15824.6
   16094.0
   16190.6
   16443.0
   16797.9
   17423.2
   17861.0
   17990.2
   18065.8
   18166.2
   18476.8
   18700.1
   18979.5
   20423.6
   20852.9
   20916.8
   21133.1
   21803.3
   21903.1
   22011.8
   22016.2
   22205.2
   22247.4
   22408.2
   22464.7
   22815.8
   22826.5
   22840.8
