      17.1
      80.1
     275.3
     420.0
     792.1
     807.5
    1141.4
    1174.6
    1427.0
    1430.0
    1498.1
    1591.0
    1842.7
    2259.7
    2304.1
    2342.5
    2354.5
    2672.3
    2729.3
    2836.8
    3136.2
    3150.3
    3161.7
    3189.9
    3344.4
    3597.5
    3661.7
    3709.6
    3841.2
    3845.1
    3852.2
    3960.4
    4089.2
    4613.9
    4620.9
    4670.6
    4766.2
    5059.4
    5386.1
    5443.9
    5510.0
    5619.9
    5926.6
    6135.0
    6258.5
    6463.1
    7073.4
    7395.0
    7703.1
    8218.1
    8425.9
    8600.9
    9124.4
    9315.8
    9382.0
    9652.1
    9684.7
    9864.7
    9941.1
   10454.4
   10577.0
   10965.6
   11217.2
   11518.0
   12041.3
   12243.8
   12414.3
   12818.6
   12974.2
   13152.5
   13652.0
   13776.3
   14055.8
   14106.7
   14376.5
   14514.0
   14595.5
   14728.6
   15130.6
   15325.7
   15727.3
   16017.3
   16121.5
   16713.8
   17157.0
   17440.8
   17521.5
   17957.9
   18119.9
   18217.2
   18267.2
   18433.9
   18612.1
   18741.1
   19255.0
   19265.7
   19611.0
   20468.0
   20768.7
   21267.9
   21298.3
   21583.1
   21638.3
   22204.9
   22444.1
   22992.4
