     157.8
     200.5
     617.8
     919.5
    1170.6
    1187.0
    1283.6
    1459.1
    1643.1
    1862.3
    2300.9
    2710.0
    2712.2
    2834.1
    2972.7
    3021.2
    3213.1
    3457.9
    3746.9
    3858.4
    3978.4
    4039.1
    4045.8
    4133.1
    4164.3
    4442.6
    4452.8
    4666.9
    4688.4
    4981.8
    5087.8
    5433.9
    6668.9
    6746.4
    6973.3
    7011.1
    7357.3
    7391.6
    7407.5
    7794.3
    7808.5
    8094.2
    8136.1
    8882.3
    8945.1
    9122.5
    9267.5
    9637.4
   10107.1
   10142.1
   10204.7
   10448.5
   10787.0
   10797.1
   10861.8
   11781.3
   11979.7
   12186.6
   12311.6
   12318.4
   12359.0
   12735.8
   12946.8
   13340.9
   13711.5
   14149.5
   14342.4
   14379.8
   14493.7
   15034.1
   15095.6
   15401.4
   15424.0
   15639.3
   16114.1
   16771.2
   16880.1
   17539.1
   17883.8
   17952.9
   18059.3
   18125.3
   18370.4
   18514.5
   18718.2
   19210.1
   19285.9
   19358.1
   19637.2
   19682.8
   19697.7
   19986.7
   20065.8
   20137.2
   20170.8
   20627.8
   20697.6
   20772.8
   20795.4
   20799.3
   21088.2
   21415.7
   21500.4
   21559.3
   21706.9
   21932.7
   21958.6
   22007.1
   22077.5
   22090.4
   22183.0
   22295.5
   22586.5
   22642.1
