     100.5
     145.8
     336.6
     816.9
     941.6
    1028.1
    1036.8
    1246.0
    1373.7
    1646.3
    2094.0
    2115.1
    2726.2
    3414.1
    3493.7
    3620.2
    4008.7
    4039.0
    4311.1
    4512.0
    5360.3
    5541.2
    5695.3
    5697.2
    5811.7
    5896.6
    6212.2
    6317.5
    6874.5
    6964.1
    7233.5
    7263.6
    7474.0
    7646.4
    7721.1
    7888.7
    7926.1
    8634.2
    9654.6
    9696.0
    9735.6
   10100.8
   10363.6
   10674.6
   10719.9
   10756.6
   10863.2
   11053.9
   11241.4
   11444.8
   11798.9
   11930.6
   12610.0
   12923.9
   13029.4
   13175.0
   13986.4
   14085.5
   14287.1
   14295.6
   14593.1
   14822.7
   14922.2
   14954.5
   15169.2
   15212.1
   15780.7
   15962.4
   15973.4
   16316.7
   16638.9
   16685.0
   16886.6
   16890.0
   17320.5
   17451.3
   17777.9
   18063.1
   18082.5
   18379.5
   18421.0
   18638.2
   18753.8
   19618.6
   19647.4
   20346.8
   20376.4
   20724.3
   21021.0
   21280.4
   21314.9
   21586.2
   21661.7
   21739.3
   21841.7
   21896.0
   21984.2
   22081.2
   22112.4
   22173.6
   22285.3
   22359.0
   22398.8
   22668.2
   22734.2
   22976.6
