      73.3
     567.9
     577.2
     740.0
     886.0
     978.8
     988.5
    1175.5
    1223.9
    1825.9
    2049.0
    2050.2
    2152.2
    2381.0
    2465.1
    2723.0
    2765.9
    2769.0
    3024.5
    3086.8
    3347.9
    3505.1
    3657.0
    3716.9
    3916.2
    4113.3
    4370.4
    4482.9
    5244.5
    5272.2
    5439.8
    5529.2
    5757.2
    5780.9
    5890.8
    6032.4
    6144.0
    6729.0
    7053.3
    7245.1
    7474.2
    7582.5
    7788.5
    7899.6
    8156.3
    8362.6
    8496.1
    8877.3
    9198.7
    9324.3
    9400.1
    9993.5
   10316.0
   10378.2
   10606.4
   10761.2
   11086.0
   11212.2
   11342.5
   11666.3
   11802.8
   12165.8
   12184.5
   12339.0
   12900.7
   12919.4
   13236.6
   13332.9
   13509.9
   13666.2
   13673.6
   14051.0
   14072.8
   14355.6
   14808.8
   14814.9
   14832.9
   15262.7
   15330.6
   15457.5
   15491.3
   15742.3
   16094.7
   16613.6
   16811.8
   16916.7
   16952.5
   17870.1
   18260.9
   18687.3
   18750.3
   19105.2
   19194.4
   19477.0
   19587.4
   19918.5
   19970.5
   20016.6
   20041.9
   21309.6
   21548.6
   21665.9
   21717.9
   21826.2
   21851.6
   22126.4
   22203.1
   22286.3
   22382.8
   22409.4
   22751.6
   22981.2
