      73.0
     371.2
     527.4
     543.2
     564.8
    1157.0
    1500.9
    1509.5
    1524.7
    1967.3
    2226.4
    2248.5
    2262.8
    2421.9
    2681.8
    2855.4
    3025.6
    3067.6
    3623.6
    3821.3
    3934.0
    4207.9
    4330.8
    4331.9
    4390.1
    4412.3
    4431.1
    4572.3
    5022.2
    5508.4
    5684.4
    5835.9
    6018.5
    6385.8
    6526.6
    6856.8
    7043.4
    7152.1
    7239.6
    7553.2
    7838.7
    7895.9
    7953.3
    9114.7
    9139.7
    9276.3
    9388.8
    9424.2
    9497.7
    9577.0
    9633.2
    9999.7
   10013.2
   10156.6
   10187.9
   10235.6
   10386.8
   10667.9
   10714.9
   10959.5
   11057.8
   11150.9
   11186.1
   11402.9
   11565.5
   11768.9
   12150.6
   12451.4
   12699.3
   12738.0
   12808.6
   12955.2
   13017.5
   13151.4
   13382.9
   13761.2
   13799.6
   13865.0
   14343.9
   14403.4
   14463.2
   14467.5
   14472.6
   14882.1
   15018.6
   15831.4
   15912.0
   16506.1
   16970.4
   17240.1
   17271.6
   17680.9
   18341.2
   18639.3
   18749.1
   18851.5
   18892.6
   19266.7
   19374.7
   19611.2
   20451.4
   20650.3
   20722.5
   20897.5
   20909.5
   20956.4
   21074.9
   21221.0
   21611.2
   22172.2
   22943.0
