      41.8
     428.3
     504.3
     599.4
     706.7
    1238.2
    1740.6
    1832.1
    1868.1
    2434.6
    2820.5
    2924.5
    2967.7
    3150.7
    3961.4
    4004.9
    4098.1
    4637.4
    4972.7
    5231.6
    5341.2
    5444.1
    5620.8
    5903.4
    5988.2
    6439.2
    6574.5
    6641.8
    6688.8
    6956.7
    7032.2
    7153.2
    7212.9
    7361.2
    7361.7
    7523.6
    7785.2
    7835.6
    8126.2
    8273.5
    8459.1
    8530.2
    8578.6
    8698.9
    8741.0
    9339.9
    9409.0
    9467.4
    9493.9
    9714.0
    9833.2
    9940.9
   10104.8
   10234.6
   10479.1
   11003.5
   11369.4
   11668.2
   12061.7
   12083.9
   12182.1
   12185.1
   12302.2
   12784.8
   12853.1
   13025.0
   13501.6
   13797.5
   13814.3
   13870.1
   14387.0
   14641.3
   14671.1
   14840.6
   14856.2
   14921.0
   15145.7
   15202.5
   15225.4
   15242.6
   15535.1
   15543.4
   15602.8
   16278.6
   16842.6
   16950.9
   17039.6
   17539.9
   17759.1
   17891.2
   18471.5
   19249.1
   19263.9
   19364.1
   19518.1
   19831.1
   20006.6
   20062.7
   20175.7
   20241.8
   20532.2
   20549.7
   20666.5
   20773.3
   20992.8
   21049.7
   21258.2
   21460.8
   21806.7
   21810.3
   22278.8
   22669.6
