     686.6
     760.4
    1076.6
    1170.1
    1226.1
    1281.3
    1377.5
    1593.2
    1979.1
    1990.2
    2008.5
    2304.7
    2607.5
    3059.0
    3312.9
    3572.4
    3588.9
    3947.6
    4064.1
    4093.2
    4121.3
    4304.4
    4764.2
    4818.0
    5037.2
    5122.6
    5359.4
    5667.2
    5711.3
    5715.9
    5866.6
    5909.7
    6307.1
    6582.4
    7179.1
    7279.0
    7528.0
    7637.8
    7646.7
    7844.2
    8618.9
    9023.3
    9083.1
    9279.8
    9996.4
   10081.3
   10236.0
   10513.3
   10644.4
   10820.1
   10895.2
   10918.1
   11180.3
   11294.8
   11641.7
   11972.2
   12030.8
   12329.2
   12432.1
   12828.0
   12922.9
   13236.0
   13577.7
   13780.2
   13795.8
   13861.5
   14087.7
   14099.3
   14103.5
   14191.1
   14514.5
   14580.7
   14918.8
   14943.8
   14999.6
   15426.1
   15479.9
   15501.0
   15870.7
   16033.7
   17296.3
   17394.1
   17593.5
   17656.4
   17770.0
   17964.1
   18098.0
   18224.5
   18333.3
   18345.7
   18386.1
   18672.1
   18804.2
   18953.2
   19090.1
   19516.4
   19665.5
   20208.1
   20646.2
   20686.8
   21101.7
   21488.9
   21524.5
   21563.5
   21590.2
   21717.5
   21768.5
   21770.3
   21823.9
   22035.4
   22132.4
   22180.4
   22194.9
   22572.8
   22831.9
