     176.2
     222.0
     377.2
     429.0
     533.3
     642.3
     650.2
     698.5
     786.5
     826.4
    1167.4
    1184.6
    1318.9
    1409.9
    1693.2
    2244.9
    2395.8
    2524.9
    2943.7
    3330.8
    3361.3
    3369.3
    3479.6
    3615.7
    3879.1
    3994.4
    4024.7
    4080.9
    4227.2
    4307.1
    4375.5
    4472.1
    4480.0
    4513.0
    4606.8
    4640.8
    5404.6
    5559.9
    5628.6
    5661.2
    5741.7
    6007.3
    6554.1
    6686.4
    6791.0
    7096.5
    7203.5
    7519.3
    8298.1
    8534.7
    8964.6
    9351.0
    9522.2
    9604.2
    9771.9
    9902.8
   10000.5
   10217.2
   10399.9
   10866.8
   11627.4
   11702.0
   11778.5
   11989.2
   12370.0
   12550.0
   12796.2
   13033.3
   13104.5
   13250.6
   13255.9
   13559.3
   13629.6
   13775.7
   13938.0
   14537.9
   14563.1
   14690.8
   14723.0
   15103.9
   15198.5
   15755.3
   15807.8
   15958.9
   16289.1
   16675.9
   16737.2
   16998.5
   17652.1
   17963.4
   18005.3
   18146.0
   18548.9
   18611.3
   19237.9
   19298.1
   19321.5
   19798.9
   19952.4
   20196.4
   20288.3
   20318.6
   20382.9
   20407.2
   20450.0
   20788.1
   20873.4
   21170.2
   21686.7
   22285.3
   22325.4
   22414.0
   22522.5
   22649.1
   22682.3
   22976.2
