      17.6
     159.9
     374.4
     708.7
     955.5
    1017.5
    1191.7
    1238.0
    1252.6
    1360.5
    1786.2
    1914.0
    2183.5
    2568.1
    2674.2
    2884.0
    2960.4
    2992.4
    3128.2
    3180.6
    3304.9
    3417.0
    3523.8
    3628.1
    3728.0
    3738.4
    4011.0
    5575.6
    5588.3
    5879.2
    6395.7
    6572.8
    6678.3
    7145.1
    7207.0
    7582.0
    7627.1
    8010.0
    8322.4
    8373.4
    8424.7
    8525.2
    8763.3
    8857.6
    8914.3
    9335.9
    9388.1
    9750.0
   10084.5
   10164.4
   10376.4
   10541.1
   10568.9
   11041.6
   11054.9
   11376.6
   11455.4
   11536.5
   11708.1
   11715.8
   11765.5
   11778.8
   11913.1
   11952.2
   12038.0
   12213.0
   12846.4
   12925.5
   13087.9
   13358.4
   13451.3
   13675.7
   13923.6
   14269.9
   14621.9
   14669.4
   15318.4
   15907.2
   16020.9
   16161.4
   16222.5
   16226.1
   16249.6
   16335.2
   16382.3
   16447.6
   16695.9
   16722.6
   17220.7
   17311.6
   17357.0
   17358.3
   17359.8
   17732.5
   18217.0
   18299.7
   18355.2
   18648.5
   19856.4
   19933.7
   19936.0
   20030.3
   20088.1
   20221.2
   20286.4
   21025.9
   21522.4
   21743.7
   22419.0
   22894.4
