     368.1
     698.3
     832.4
    1560.6
    2164.2
    3535.1
    3805.1
    4076.7
    4104.2
    4377.5
    4391.2
    4521.3
    4607.6
    4893.0
    4962.8
    5473.6
    5477.2
    5531.7
    5536.8
    5729.3
    6002.0
    6186.3
    6285.7
    6310.1
    6380.5
    7016.0
    8026.6
    8068.7
    8073.6
    8187.5
    8199.8
    8302.1
    8502.9
    9111.4
    9132.7
    9263.4
    9392.8
    9436.5
    9486.8
    9996.5
   10083.0
   10357.4
   10695.4
   10816.8
   11204.4
   11901.8
   12122.6
   12374.5
   12406.0
   12829.7
   12945.2
   13059.6
   13281.4
   13362.1
   13862.5
   13905.1
   13969.1
   14063.6
   14683.5
   14709.0
   15270.7
   15787.5
   16104.5
   16405.8
   16432.4
   16576.5
   16725.7
   16767.8
   16967.6
   17028.1
   17070.6
   17089.8
   17392.4
   17454.5
   17629.6
   17637.6
   17664.9
   17950.5
   18046.0
   18331.3
   18416.7
   19057.2
   19259.9
   19297.6
   19318.9
   19595.1
   19980.9
   19985.7
   20041.5
   20080.2
   20832.2
   20983.8
   21181.0
   21187.6
   21399.3
   21493.1
   22107.6
   22311.3
   22515.7
   22667.3
