     104.9
     362.3
     759.0
    2133.2
    2185.8
    2619.1
    3038.7
    3081.6
    3147.4
    3170.1
    3214.5
    3533.8
    3581.6
    3866.6
    4764.6
    5123.2
    5397.1
    5926.5
    6151.4
    6206.0
    6309.4
    6320.1
    6499.1
    7121.9
    7232.2
    7381.1
    7456.7
    7617.7
    7884.2
    8345.5
    8496.2
    8557.2
    8595.2
    8670.5
    8689.7
    8745.6
    8799.1
    9452.4
    9567.3
    9595.0
    9844.3
   10117.2
   10431.9
   10682.4
   10709.3
   10781.4
   10984.5
   11034.6
   11656.6
   11770.9
   12301.9
   12889.1
   12917.7
   13002.8
   13140.2
   13191.7
   13214.7
   13231.6
   13488.5
   13620.8
   13786.6
   13889.0
   14086.5
   14258.9
   14458.3
   14716.4
   14752.5
   14826.3
   14877.6
   15442.0
   15539.3
   15598.7
   15673.0
   15862.9
   15948.6
   15971.8
   16134.0
   16138.3
   16169.2
   16529.6
   16661.5
   16842.2
   16882.6
   16939.8
   17587.7
   18155.0
   18174.0
   18461.6
   18523.7
   18554.6
   18786.3
   18930.3
   19140.0
   19418.7
   19811.2
   20035.1
   20066.2
   20559.8
   21451.6
   21523.1
   21616.4
   21841.2
   21890.2
   22007.1
   22204.0
   22435.8
   22565.5
   22704.7
   22838.9
