      92.5
     181.8
     407.2
    1071.4
    1145.0
    1246.8
    1268.2
    1456.0
    1528.6
    1684.9
    1772.5
    2020.2
    2037.9
    2101.0
    2374.0
    2420.6
    2558.1
    2565.4
    2820.9
    2892.5
    2920.7
    3034.9
    3079.1
    3170.6
    3250.5
    3317.3
    4272.4
    4314.8
    4644.5
    4755.1
    5017.0
    5154.4
    5190.8
    5547.0
    5734.0
    6002.3
    6152.5
    6195.7
    6199.8
    6365.1
    6712.8
    6795.3
    7487.6
    7652.3
    7656.6
    8074.0
    8184.2
    8247.1
    8317.5
    8368.9
    9335.5
    9393.4
    9400.0
    9602.4
    9809.0
    9988.1
   10283.1
   10315.6
   10510.6
   10864.5
   10889.8
   10890.7
   11242.4
   11301.5
   11409.2
   11533.2
   11650.5
   11661.5
   12023.3
   12036.8
   12041.9
   12043.0
   12234.1
   12305.1
   12317.3
   12436.5
   12610.6
   12931.5
   13352.8
   13436.0
   13448.4
   13479.8
   13563.8
   13879.8
   14208.2
   14750.9
   15017.2
   15576.9
   15620.7
   15945.9
   16483.5
   16691.3
   17024.8
   17098.9
   17290.3
   17661.1
   17694.6
   17920.9
   18054.2
   18089.8
   18258.1
   18801.0
   18904.1
   18999.6
   19108.3
   19282.7
   19310.3
   19855.8
   19953.8
   19975.4
   20236.9
   20670.1
   20907.8
   21077.4
   21331.4
   21816.0
   21836.2
   22055.6
   22160.9
   22169.1
   22298.9
