      49.2
     622.2
     706.8
     876.5
    1055.7
    1126.1
    1337.1
    1886.6
    2046.7
    2195.3
    2416.3
    3362.2
    3392.0
    3406.0
    3448.3
    3556.6
    3633.4
    4035.0
    4196.0
    4317.9
    4649.3
    4853.4
    5277.4
    5815.3
    6194.6
    6501.2
    6521.8
    6627.7
    6756.2
    6835.8
    7179.0
    7210.3
    7253.7
    7272.5
    7358.5
    7408.8
    7750.2
    7844.3
    7921.4
    8044.9
    8068.2
    8106.9
    8468.6
    8569.2
    8649.9
    8684.4
    8902.4
    8936.8
    9079.7
    9300.5
    9414.8
    9695.2
    9732.8
    9887.6
   10199.6
   10373.3
   10588.6
   10598.7
   10891.4
   10909.6
   10984.2
   11089.3
   11171.4
   11237.0
   11287.9
   11312.3
   11509.4
   12026.6
   12142.1
   12222.1
   12223.8
   12553.7
   13038.5
   13091.7
   13198.5
   13247.4
   13285.6
   13333.1
   13931.4
   13935.7
   14204.9
   14518.3
   14766.0
   14796.5
   14829.3
   14850.0
   15183.0
   15384.9
   15643.4
   15761.6
   16011.8
   16094.6
   16236.1
   16572.5
   16789.5
   16878.6
   16977.5
   17139.6
   17187.5
   17311.5
   17465.7
   17792.4
   18075.0
   18531.8
   18834.3
   18992.6
   19053.7
   19347.8
   19615.8
   19692.4
   19971.5
   20019.5
   20041.1
   20054.3
   20096.7
   20211.4
   20307.5
   20420.3
   20445.9
   20524.9
   20532.1
   22069.9
   22414.0
   22655.3
   22724.0
   22801.3
