      53.8
     708.4
     756.9
     909.7
    1522.5
    1600.1
    1654.1
    1665.2
    1988.0
    2232.1
    2309.0
    2428.4
    2617.1
    2626.1
    2817.6
    2891.9
    3644.7
    3763.2
    3942.3
    4029.9
    4352.5
    5080.9
    5319.7
    5323.7
    5810.2
    5883.3
    6143.6
    6374.8
    6456.8
    6481.6
    6635.1
    6690.1
    6863.9
    6992.6
    7481.7
    7615.2
    7621.4
    7760.1
    7874.4
    8069.1
    8597.4
    8693.8
    8774.7
    8926.6
    9348.0
    9834.5
   10289.9
   10483.9
   10882.7
   11060.0
   11210.7
   11539.7
   11566.5
   11771.6
   12095.3
   12224.7
   12304.7
   12481.0
   12535.5
   12866.6
   13014.4
   13198.0
   13300.1
   13711.6
   13976.6
   14242.4
   14288.4
   14336.4
   14403.0
   14941.9
   15241.6
   15687.1
   16302.5
   16939.2
   17383.6
   17460.5
   17634.9
   17663.9
   17864.7
   17949.3
   18570.1
   19063.0
   19085.8
   19824.2
   19918.8
   19944.1
   20452.4
   20471.9
   20523.1
   20590.2
   20594.9
   20627.0
   20657.1
   20708.0
   20803.9
   21091.4
   21273.2
   21295.0
   21321.0
   21609.5
   21733.5
   21886.9
   21966.9
   22059.6
   22206.8
   22609.7
   22683.0
   22893.5
