     463.6
     695.2
     870.0
    1221.5
    1548.7
    2215.7
    2262.1
    2271.0
    2312.8
    2317.5
    2583.0
    2587.9
    2688.3
    2823.4
    2864.9
    3010.9
    3071.9
    3459.7
    3527.9
    4269.1
    4736.7
    4799.5
    5117.4
    5254.0
    5298.0
    5572.5
    5684.9
    5694.4
    6049.7
    6382.6
    6628.7
    6646.2
    6729.3
    6767.6
    7293.8
    7761.9
    7814.8
    8429.7
    8924.7
    9270.0
    9301.8
    9811.1
    9901.9
   10043.7
   10123.7
   10191.0
   10257.3
   10393.4
   10691.8
   10735.4
   10738.0
   10963.7
   11235.6
   11473.1
   11847.3
   12162.1
   12471.4
   12478.7
   13140.9
   13147.9
   13174.4
   13421.6
   13849.5
   13939.8
   13945.5
   14139.1
   14494.0
   14498.5
   14607.9
   14738.2
   14924.2
   14984.0
   15329.8
   15757.8
   15840.3
   15863.7
   15961.3
   16101.1
   16124.7
   16638.9
   16681.6
   16760.4
   16771.8
   16870.2
   16900.0
   17512.1
   17719.0
   17873.4
   18195.8
   18389.8
   18666.9
   18732.6
   19089.1
   19130.8
   19170.8
   19395.4
   20056.0
   20063.0
   20271.9
   20399.6
   20591.5
   20666.2
   20985.6
   21006.2
   21475.2
   21499.0
   21664.1
   21743.4
   21768.5
   21890.5
   21896.5
   22076.0
   22577.9
   22670.2
   22792.8
