      72.2
     116.0
     225.0
     280.0
    1240.8
    1272.1
    1423.0
    1442.2
    1617.6
    1621.8
    1752.1
    2091.6
    2240.4
    2391.3
    2611.7
    2685.5
    2839.4
    3086.2
    3192.9
    3458.6
    3644.6
    3809.8
    3813.7
    3958.6
    3997.2
    4345.8
    4478.1
    4547.8
    4639.0
    4792.6
    5363.8
    5508.3
    5899.9
    6125.9
    6296.2
    6345.1
    6449.1
    6453.4
    6555.7
    6812.5
    6855.9
    6924.4
    7243.8
    7267.7
    7578.6
    7587.2
    7836.1
    8134.1
    8196.0
    8403.9
    8404.6
    8519.9
    8593.5
    8623.7
    8694.9
    8721.3
    8732.5
    8836.5
    9052.2
    9225.9
    9253.5
    9296.1
    9921.9
   10029.5
   10282.3
   10355.0
   10407.2
   10462.2
   10879.8
   11034.6
   11335.5
   11522.5
   11611.4
   11906.5
   11937.2
   12040.1
   12350.7
   12890.8
   12968.4
   13065.0
   13117.9
   13165.2
   13305.9
   13387.3
   13518.6
   13531.3
   13635.5
   13710.5
   13734.2
   13769.4
   13821.8
   14020.0
   14443.0
   14455.9
   14479.3
   14481.3
   14495.1
   14993.0
   15040.2
   15607.7
   15608.0
   15863.8
   16060.8
   16145.5
   16198.2
   16254.2
   16631.3
   16668.1
   16768.9
   16902.9
   17281.4
   17313.4
   17442.7
   17491.4
   17586.5
   17655.9
   17665.5
   17850.8
   17874.5
   17880.7
   18065.0
   18100.3
   18316.7
   18779.6
   18793.1
   19001.5
   19304.5
   19412.8
   19927.0
   20048.8
   20250.4
   20287.8
   20606.3
   21031.2
   21500.9
   21776.5
   22037.4
   22040.6
   22171.9
   22273.2
   22594.8
   22795.2
   22828.5
   22883.4
