      95.6
     675.6
     764.5
     851.8
     951.3
     982.3
    1271.8
    1276.5
    1515.3
    1584.8
    2319.1
    2709.4
    2729.5
    2855.5
    2872.4
    3101.8
    3118.1
    3176.2
    3330.6
    3513.4
    3709.6
    3749.7
    3885.7
    3914.6
    3986.3
    4528.9
    4548.1
    5123.8
    5176.2
    5551.1
    5724.5
    5895.2
    5980.2
    6228.6
    6261.8
    6512.0
    6569.6
    6790.9
    7051.8
    7131.2
    7327.4
    7455.0
    7933.7
    8114.1
    8115.4
    8165.5
    8276.7
    8382.1
    8572.3
    8582.6
    9083.6
    9148.0
    9234.1
    9482.5
    9570.0
    9656.7
    9711.5
   10025.9
   10058.4
   10112.1
   10483.8
   10777.2
   10958.9
   11056.5
   11381.5
   11661.8
   11962.4
   12046.5
   12191.9
   12370.0
   12478.4
   12484.8
   12593.5
   12880.5
   13031.0
   13835.3
   13973.6
   14214.1
   14907.8
   14967.4
   15305.7
   15646.2
   15789.7
   15861.4
   16459.5
   16531.3
   16705.1
   16965.4
   17078.9
   17264.5
   17649.9
   17800.0
   17838.5
   17976.1
   18142.9
   18690.2
   18724.4
   19120.3
   19177.3
   19276.8
   19315.0
   19614.3
   19860.9
   20263.4
   20276.0
   20509.3
   20817.1
   21010.2
   21021.1
   21030.2
   21215.0
   21404.1
   21468.5
   22109.1
   22152.3
   22330.0
