      90.9
     109.0
     129.4
     233.0
     478.9
     737.0
    1179.8
    1539.2
    1605.3
    1638.0
    1659.8
    1719.1
    1719.4
    1731.3
    1847.6
    1891.7
    2190.3
    2244.2
    2555.6
    2820.2
    3018.9
    3300.2
    3580.3
    3736.1
    4119.8
    4883.5
    5433.6
    5627.5
    5725.7
    5824.8
    5910.0
    5953.1
    5971.5
    5990.7
    6152.2
    6285.2
    6500.0
    6714.2
    6721.8
    6811.7
    6966.8
    7909.9
    8131.9
    8570.2
    8612.3
    8640.3
    8777.7
    9019.8
    9023.6
    9172.9
    9286.7
    9405.9
    9499.8
    9652.2
    9804.2
    9943.4
    9948.9
   10224.2
   10287.8
   10290.0
   10749.8
   10892.6
   11051.1
   11261.3
   11457.5
   11544.2
   11571.1
   11897.4
   12010.6
   12194.1
   12326.1
   12434.3
   12682.9
   12697.0
   13019.4
   13310.9
   13602.9
   13854.4
   14266.8
   14425.4
   14453.6
   14514.8
   15081.2
   15215.1
   15316.0
   15465.6
   15621.9
   15783.7
   15806.4
   15936.1
   16142.8
   16261.6
   16832.1
   16962.2
   16968.8
   17012.8
   17102.3
   17416.7
   17436.2
   17768.2
   17970.2
   18097.9
   18168.8
   18238.6
   18312.4
   18445.7
   18513.5
   18992.1
   19116.9
   19185.0
   19219.6
   19457.4
   19714.8
   20599.1
   20814.8
   21014.5
   21791.9
   21823.9
   22087.8
   22208.2
   22284.2
   22443.4
