     138.0
     330.0
     402.9
     775.5
     793.4
    2106.2
    2512.2
    2653.4
    2835.2
    2869.1
    2942.9
    3021.4
    4092.7
    4147.7
    4276.5
    4507.2
    4699.1
    5473.1
    5612.0
    5845.2
    6125.6
    6136.5
    6498.3
    6589.1
    6660.4
    7067.3
    7138.4
    7195.9
    7239.9
    7267.5
    7455.4
    7492.0
    7763.4
    7813.9
    7927.5
    7930.7
    8507.4
    8791.6
    9148.9
    9159.6
    9419.1
    9552.7
    9828.5
    9964.4
   10336.1
   10371.9
   10720.9
   10819.8
   10921.7
   11944.5
   12130.3
   12278.5
   12514.4
   12872.0
   12907.6
   13089.5
   13185.1
   13241.4
   13430.4
   13454.0
   13505.1
   13610.3
   13883.9
   13923.5
   14136.3
   14268.1
   14311.3
   14496.3
   14669.9
   14684.3
   14687.5
   14753.8
   14865.6
   15016.3
   15488.6
   15606.4
   15673.0
   15816.5
   16080.7
   16099.7
   16230.5
   16493.0
   16613.2
   16750.6
   16840.9
   16929.2
   17322.4
   17357.6
   17743.0
   17876.6
   17945.2
   18320.5
   19071.7
   19285.0
   19331.9
   19415.6
   19922.6
   20011.2
   20091.3
   20147.4
   20285.7
   20297.7
   20639.5
   20692.0
   20954.1
   21012.0
   21030.2
   21053.2
   21336.1
   21376.1
   21377.3
   21533.3
   21586.4
   22174.6
   22319.0
   22517.1
   22710.3
   22987.5
