      37.7
     472.9
    1090.7
    1098.4
    1419.1
    1480.7
    1535.7
    1684.5
    1786.7
    1892.8
    1898.0
    2004.2
    2191.2
    2495.5
    2573.4
    2818.8
    3090.0
    3201.7
    3503.4
    3569.0
    3778.0
    3795.9
    3814.1
    3825.2
    3926.2
    4020.8
    4260.9
    4511.6
    4516.7
    4651.9
    5719.6
    5749.2
    6065.4
    6295.9
    6376.5
    6754.9
    6783.3
    6841.0
    6899.7
    7757.7
    7833.9
    8046.2
    8449.8
    8559.3
    8759.6
    8894.0
    8974.5
    9547.1
    9760.2
    9912.3
    9933.2
   10156.7
   10275.9
   10679.6
   10811.5
   10849.5
   10860.5
   11087.0
   11372.9
   11511.4
   11927.2
   12017.7
   12019.5
   12702.8
   12901.9
   13376.6
   13512.9
   13538.1
   13615.7
   13921.4
   14026.5
   14044.6
   14081.1
   14370.4
   15222.4
   15299.6
   15691.5
   15768.5
   15772.1
   15930.1
   16148.9
   16176.2
   16253.6
   16582.3
   16591.3
   16875.1
   16934.5
   17215.8
   17431.4
   17498.2
   17859.7
   17969.7
   18292.5
   18322.9
   18327.8
   18417.1
   18553.7
   18618.3
   18811.8
   18956.7
   19279.8
   19422.3
   19462.6
   19745.2
   20290.1
   20623.4
   20800.1
   20803.9
   20940.3
   21086.7
   21258.1
   21282.5
   21435.1
   21444.7
   21562.1
   21578.1
   21620.9
   21715.6
   22446.0
   22498.7
   22891.3
