     144.1
     993.3
    1010.8
    1425.0
    1529.2
    1643.7
    1655.2
    1807.5
    1826.5
    2152.9
    2164.9
    2599.4
    2942.3
    3413.4
    3474.0
    3886.1
    3992.5
    4014.1
    4232.2
    4524.1
    4744.9
    4764.2
    4772.9
    4858.3
    5395.8
    5570.9
    5617.6
    5845.8
    5952.4
    6214.8
    6852.5
    7196.5
    7259.7
    7295.5
    7506.1
    7725.6
    8585.7
    8655.4
    8799.9
    9364.5
    9657.3
    9850.3
    9922.3
   10215.3
   10934.1
   10936.3
   11031.1
   11035.2
   11360.0
   11639.8
   11792.1
   11883.1
   11902.7
   11988.2
   12083.8
   12239.7
   12283.5
   13022.2
   13366.8
   13688.9
   13835.4
   14009.9
   14056.2
   14139.8
   14614.0
   15123.4
   15150.5
   15160.4
   15211.5
   15666.9
   15858.8
   16187.8
   16357.2
   16442.1
   16718.6
   16778.8
   16816.8
   16939.2
   17130.4
   17213.1
   17358.5
   17406.4
   18015.2
   18214.5
   18228.7
   18518.1
   18545.5
   18625.5
   18814.9
   19170.8
   19848.2
   20009.4
   20084.0
   20710.6
   20814.9
   21519.5
   21768.3
   21851.8
   21958.7
   22006.6
   22268.9
   22360.5
