      31.7
      81.6
     217.6
     403.0
     635.8
     825.0
     994.8
    1185.5
    1441.1
    1619.8
    1742.7
    1805.0
    1867.4
    2270.9
    2339.1
    2587.1
    2649.2
    2829.9
    2903.4
    2959.2
    2999.7
    4188.5
    4316.1
    4474.6
    5002.2
    5196.0
    5369.0
    5718.4
    6871.2
    6964.6
    7033.2
    7041.8
    7162.5
    7267.2
    7297.2
    7399.6
    7582.1
    7597.2
    7640.9
    8562.1
    8785.6
    8932.8
    8970.9
    9044.6
    9346.0
    9519.7
    9606.1
    9796.7
    9867.4
    9893.2
   10103.0
   10145.7
   10150.3
   10161.0
   10183.1
   10360.8
   10653.4
   11064.7
   11087.2
   11219.3
   11757.1
   11794.8
   11867.5
   12157.4
   12342.7
   12374.9
   12487.8
   12498.4
   12810.3
   12967.6
   12981.7
   13158.2
   13199.8
   13284.3
   13290.2
   13342.0
   13486.3
   13521.4
   13544.3
   13933.8
   14084.9
   14694.6
   15628.0
   15724.5
   15855.0
   15895.1
   15930.8
   16050.6
   16053.7
   16416.1
   16855.4
   17091.5
   17136.8
   17318.3
   17482.4
   17870.4
   17932.2
   18103.5
   18621.3
   19600.7
   19629.5
   19644.5
   19732.3
   19876.7
   20016.7
   21018.3
   21029.2
   21955.1
   22035.9
   22274.1
   22481.1
