      50.3
     165.7
     528.6
    1266.4
    1300.2
    1748.6
    1952.2
    2018.6
    2075.6
    2218.8
    2266.9
    2389.1
    2550.2
    2751.5
    2946.5
    2977.8
    3005.5
    3027.5
    3135.3
    3313.3
    3931.0
    3943.9
    4287.9
    4295.8
    4670.3
    4694.3
    5027.6
    5124.5
    5134.1
    5171.8
    6042.0
    6289.7
    6502.0
    6619.2
    6805.6
    7378.2
    7414.8
    7434.2
    7508.7
    7543.1
    8036.9
    8247.5
    8608.4
    8655.6
    8695.3
    8775.0
    9006.4
    9023.0
    9230.3
    9283.7
    9599.2
   10074.8
   10093.9
   10630.6
   10685.2
   10806.0
   10816.3
   10866.7
   11073.6
   11133.0
   11327.9
   11443.8
   12153.4
   12305.7
   12482.3
   12786.3
   12881.2
   12889.7
   13166.1
   13191.1
   13286.2
   13365.1
   13370.5
   13428.8
   13741.1
   13922.5
   14108.1
   14179.0
   14226.6
   14773.9
   14829.2
   14901.2
   14940.8
   15937.1
   16326.3
   16533.0
   16641.1
   17233.5
   17233.9
   17379.7
   17480.0
   17495.0
   17536.4
   17575.3
   17725.0
   19103.3
   19402.5
   19531.5
   19697.8
   19864.1
   20214.1
   20372.2
   20803.9
   20859.1
   20954.0
   21483.0
   21759.1
   22045.8
   22137.6
   22178.7
   22223.0
   22667.9
   22676.0
   22686.9
