      19.0
     108.1
     146.2
     301.6
     359.2
     654.4
     756.7
     775.6
     877.2
     885.1
     890.7
     934.4
    1028.6
    1454.8
    1510.8
    1772.6
    1826.4
    2099.3
    2798.3
    3000.7
    3061.7
    3330.7
    3619.4
    3650.3
    3862.9
    3995.7
    4412.5
    4462.8
    5092.9
    5568.3
    5732.8
    6027.3
    6281.9
    6432.1
    6658.5
    7019.3
    7175.6
    7318.9
    8054.6
    8099.9
    8232.9
    8236.8
    8328.7
    8468.4
    8817.6
    8840.3
    9024.9
    9393.6
    9481.8
    9943.1
   10082.4
   10576.1
   11068.6
   11071.6
   11218.6
   11325.2
   11694.6
   11771.3
   11905.5
   12097.5
   12146.6
   12174.6
   12218.9
   12435.2
   12525.2
   13663.3
   14057.7
   14413.0
   14471.3
   14586.4
   14605.9
   14868.6
   14893.5
   14941.7
   15244.5
   15281.9
   15784.9
   15986.1
   16273.9
   16516.0
   16649.8
   16926.3
   17142.5
   17535.5
   17990.2
   18025.3
   18037.9
   18464.1
   18690.1
   18735.2
   18994.2
   19035.7
   19055.8
   19095.0
   19857.4
   20236.1
   20705.7
   20859.4
   20993.5
   21027.5
   21130.2
   21365.5
   21612.0
   21731.6
   21799.7
   21804.2
   21901.3
   21967.1
   22005.0
   22186.3
   22354.6
   22603.3
   22868.0
