     336.5
    1052.1
    1290.9
    1529.9
    1683.8
    1816.5
    2165.5
    2186.3
    2265.0
    2582.5
    3434.7
    3531.1
    3865.8
    3953.2
    4712.1
    5278.0
    5286.0
    5393.4
    5524.8
    5556.9
    5722.7
    5952.9
    6147.3
    6169.4
    6190.2
    6659.5
    7025.2
    7228.3
    7454.1
    7635.1
    7857.8
    8102.6
    8123.1
    8153.0
    8431.0
    8655.5
    8671.4
    8725.3
    9006.3
    9121.5
    9125.8
    9367.8
    9537.2
    9616.3
    9796.5
    9833.4
   10052.6
   10100.3
   10163.9
   10230.8
   10467.6
   10630.4
   10645.3
   10866.5
   10878.0
   10880.9
   11433.5
   11606.5
   11757.0
   12089.0
   12490.1
   12721.8
   13056.1
   13235.7
   14005.4
   14242.4
   14304.4
   14527.4
   14620.8
   14807.5
   15606.1
   15688.4
   16120.1
   16174.5
   16377.6
   16508.1
   16515.3
   16530.6
   17105.6
   17338.2
   17455.4
   17857.6
   18056.3
   18095.7
   18280.5
   18633.3
   18712.1
   18888.6
   19107.5
   19134.2
   19170.7
   19798.6
   20356.6
   20498.1
   20648.8
   20728.6
   20763.8
   20769.4
   20926.5
   21029.1
   21058.5
   21535.1
   21590.4
   22259.8
   22343.2
   22382.3
   22397.8
   22438.8
   22648.3
   22822.4
   22834.5
   22919.8
