     246.8
     265.7
     321.2
     517.0
     796.5
     967.9
    1132.4
    1222.2
    1584.3
    1603.2
    1609.3
    1697.5
    1716.1
    1756.3
    2004.4
    2019.9
    2387.1
    2818.2
    3170.6
    3735.0
    3846.5
    3893.1
    4120.6
    4149.5
    4498.2
    4757.0
    4864.1
    4881.7
    5201.4
    5266.0
    5664.8
    5698.2
    5768.9
    6162.4
    6299.5
    6735.5
    6755.3
    6822.5
    6877.8
    7098.3
    7541.7
    7740.0
    8074.2
    8137.8
    8272.5
    8373.5
    8580.9
    8608.0
    8624.2
    8743.7
    8957.3
    9252.3
    9381.8
    9462.8
    9764.4
    9894.2
    9938.6
    9952.3
   10856.5
   11749.4
   12014.8
   12196.1
   12221.2
   12678.0
   12851.9
   13010.9
   13330.9
   13403.1
   13742.2
   13801.9
   13824.6
   13866.9
   14105.4
   14144.3
   14431.4
   14434.7
   14886.0
   14970.6
   15024.9
   15329.3
   15432.0
   15525.2
   15569.2
   16572.9
   16714.0
   16911.0
   16988.6
   17093.2
   17174.3
   17471.1
   17582.6
   17793.6
   18417.2
   18514.6
   18837.3
   19031.9
   19476.9
   19566.2
   19631.0
   19715.3
   20524.1
   20697.8
   20852.4
   21139.6
   21355.3
   21547.5
   21805.3
   22058.5
   22374.1
   22390.4
   22395.5
   22533.9
   22584.7
   22680.3
   22725.5
   22947.4
