     105.2
     806.2
     914.7
    1064.8
    1096.6
    1431.3
    1821.6
    1899.7
    1909.4
    2126.9
    2705.8
    2916.0
    3182.3
    3185.9
    3231.2
    3657.2
    3683.1
    3882.0
    4262.2
    4709.7
    4821.5
    5245.8
    5253.8
    5310.6
    5328.9
    5710.4
    5757.4
    5840.6
    5918.3
    6099.4
    6312.1
    6335.6
    6533.7
    6925.4
    7097.5
    7400.5
    7618.4
    7653.1
    8439.0
    8466.3
    8654.7
    8700.6
    9350.6
    9484.8
    9951.8
   10384.0
   10638.9
   10817.4
   11194.0
   11227.8
   11268.8
   11515.8
   11613.0
   11794.8
   12002.7
   12098.9
   12245.9
   12346.0
   12636.7
   12908.5
   13087.4
   13657.8
   13738.0
   13939.9
   14110.1
   14159.7
   14288.0
   14443.0
   14607.5
   14637.3
   15299.8
   15362.5
   15371.4
   15590.0
   15726.2
   15958.3
   16346.7
   16449.3
   16884.3
   16965.3
   17128.1
   17497.1
   17500.8
   17506.8
   17697.8
   17801.0
   18311.7
   18393.4
   18540.0
   19145.8
   19160.7
   19232.6
   19391.8
   19769.5
   20055.4
   20132.7
   20157.2
   20560.2
   20831.0
   21353.5
   21527.6
   21835.3
   21902.9
   21981.6
   22192.0
   22225.7
   22347.5
   22361.4
   22602.3
   22748.9
