       8.5
     181.9
     322.7
     558.0
    1073.2
    1112.9
    1183.5
    1433.7
    2056.2
    2104.7
    2231.5
    2454.8
    2570.8
    2592.2
    2733.9
    3077.2
    3525.4
    3536.5
    3726.8
    4016.0
    4070.8
    4372.7
    4507.9
    4522.6
    4866.3
    5309.3
    5315.0
    5323.8
    5511.0
    5694.4
    6005.5
    6021.4
    6053.7
    6345.3
    7160.4
    7612.3
    7748.8
    7753.5
    7770.4
    7841.5
    7845.5
    7933.6
    8144.2
    8267.8
    8756.8
    8837.0
    9239.6
    9288.0
    9293.5
    9296.1
    9568.8
    9573.7
    9623.2
   10102.8
   10217.8
   10579.4
   10921.8
   11204.9
   11229.8
   11380.8
   11400.3
   11568.3
   11677.1
   12016.5
   12685.4
   12975.8
   13880.1
   14149.5
   14222.3
   14283.4
   14358.7
   14412.6
   14498.8
   14538.0
   15005.5
   15037.1
   15148.9
   16168.2
   16215.4
   16386.1
   16405.1
   16754.8
   16902.2
   17076.3
   17101.1
   17173.6
   17217.0
   17780.8
   18184.2
   18361.1
   18371.1
   18609.6
   18776.5
   19074.0
   19103.7
   19142.1
   19182.6
   19508.6
   20027.8
   20808.5
   21129.3
   21338.0
   21527.4
   21540.5
   21589.4
   22082.8
   22208.4
   22500.1
