     198.2
     754.7
     821.4
     855.9
     904.3
    1292.8
    1478.3
    1533.7
    2027.1
    2223.6
    2371.7
    2506.8
    2629.4
    3034.8
    3288.6
    3379.4
    3481.0
    3640.8
    4697.1
    4790.7
    4869.6
    5073.6
    5402.4
    5537.6
    5655.8
    5679.4
    5876.5
    6198.1
    6424.3
    6439.3
    6800.1
    7315.0
    7430.2
    8020.8
    8030.5
    8107.2
    8163.7
    8207.0
    8246.2
    8378.3
    8456.7
    8634.0
    8874.3
    9215.7
    9715.6
    9838.4
    9929.5
    9976.6
   10432.4
   10703.2
   10866.8
   10991.1
   11890.7
   11892.1
   12805.4
   13085.2
   13368.9
   13408.0
   13734.2
   13823.6
   13944.7
   14330.2
   14515.2
   14652.9
   14844.1
   14974.4
   15551.6
   16054.4
   16260.3
   16564.8
   16645.1
   16762.7
   17079.0
   17218.6
   17245.0
   17559.7
   17583.0
   17649.7
   18568.2
   18910.4
   19365.1
   19762.3
   19912.7
   20277.0
   20550.9
   20581.0
   20758.3
   20770.5
   20991.3
   21329.9
   21691.2
   21844.7
   21891.8
   22147.8
   22155.7
   22243.5
   22431.6
   22563.2
   22649.0
   22848.5
