     213.5
     707.8
     797.6
    1032.5
    1233.0
    1797.2
    1804.6
    1892.7
    2043.9
    2147.2
    2154.4
    2162.5
    2264.2
    2385.5
    3016.0
    3246.8
    3328.1
    3453.7
    3631.4
    3808.6
    4065.6
    4079.9
    4196.4
    4378.1
    4752.8
    4934.9
    5050.8
    5655.2
    5915.5
    6044.7
    6167.6
    6548.8
    6614.8
    6807.0
    6837.1
    7297.2
    7439.4
    7458.3
    7652.0
    7844.6
    7881.7
    7891.4
    7953.8
    8242.9
    9589.5
    9670.2
   10242.5
   10268.2
   10421.9
   10666.0
   10907.4
   10925.1
   11281.5
   11413.8
   11642.1
   11865.5
   12364.4
   13249.2
   13263.0
   14141.7
   14443.8
   14888.4
   14936.4
   15027.7
   15137.9
   15248.4
   15259.7
   15301.6
   15342.7
   15502.4
   15549.8
   15582.8
   15621.0
   15745.4
   15796.8
   15797.1
   16061.1
   16784.2
   17267.6
   17318.4
   17327.9
   17466.7
   17492.0
   17647.1
   17663.5
   17697.5
   17852.9
   18362.4
   18368.0
   18594.8
   18748.7
   18826.3
   19064.3
   19284.9
   19365.6
   19916.7
   19930.1
   19951.0
   20355.5
   21311.6
   21333.4
   21460.6
   21575.9
   21613.9
   21899.1
   22449.1
   22895.6
   22951.1
