     472.1
     747.5
     778.5
     837.7
     877.1
    1033.4
    1062.3
    1152.1
    1361.2
    1474.2
    1534.9
    1551.5
    1674.1
    1783.6
    1924.8
    1956.2
    2054.8
    2102.9
    2732.5
    2875.6
    2933.5
    2992.5
    2997.4
    3114.4
    3485.7
    3553.6
    3680.6
    4019.8
    4074.0
    4089.7
    4151.1
    4166.4
    4275.3
    4407.1
    4475.7
    4517.9
    4562.8
    4624.6
    4696.8
    4745.4
    4882.4
    5092.9
    5356.4
    5906.3
    5950.9
    6220.5
    6795.2
    7209.5
    7216.0
    7538.0
    7818.3
    8256.0
    8267.9
    8396.3
    8467.4
    8727.5
    9043.9
    9092.2
    9613.1
    9625.4
   10257.5
   10329.9
   10370.1
   10497.7
   10520.4
   10605.4
   10606.8
   10760.5
   10773.0
   10868.5
   11109.0
   11484.1
   11639.2
   11953.2
   12190.7
   12448.8
   12554.8
   13215.8
   13356.8
   13427.8
   13562.5
   13638.0
   14221.4
   14369.0
   14660.1
   14850.8
   15110.4
   15203.1
   15519.8
   15658.5
   15997.8
   16101.6
   16201.7
   16408.9
   16626.4
   16903.1
   17172.8
   17434.5
   17833.4
   17875.6
   17900.1
   18024.0
   18066.5
   18390.6
   19252.4
   19477.8
   19606.7
   19667.7
   19755.7
   20054.3
   20255.2
   20442.9
   20593.3
   21033.8
   21107.8
   21268.1
   21754.7
   21769.8
   22285.2
