      17.0
     729.0
     924.4
    1220.7
    1572.2
    2096.6
    2219.7
    2344.6
    2406.4
    2643.9
    2666.0
    2930.3
    2954.8
    3033.2
    3273.4
    3281.6
    3354.5
    3573.4
    3623.8
    3671.3
    3778.6
    3825.0
    4400.8
    4530.1
    4552.0
    4783.5
    5026.8
    5070.5
    5351.8
    5410.9
    5649.0
    5776.2
    5865.5
    6164.3
    6591.1
    6873.3
    6982.2
    7006.9
    7045.2
    7349.9
    7632.1
    7681.3
    7861.2
    7993.6
    8190.4
    8264.3
    8785.5
    8884.9
    9027.8
    9170.2
    9376.6
    9790.4
    9903.4
    9948.9
   10763.2
   11091.3
   11128.8
   11217.9
   11320.8
   11332.0
   11552.9
   11650.5
   11673.1
   11942.9
   12371.4
   12480.1
   12643.0
   12722.2
   12735.9
   12753.7
   13316.7
   13388.0
   13459.2
   14260.0
   14332.4
   14468.2
   14678.6
   15155.3
   15191.1
   15328.0
   15723.4
   15943.2
   16273.0
   16631.6
   16696.5
   16738.0
   16882.0
   17127.8
   18097.6
   18309.6
   18513.2
   18700.1
   18739.8
   18746.2
   18863.5
   19209.9
   19402.4
   19474.3
   19534.8
   20142.5
   20325.2
   20513.7
   20621.4
   20798.9
   20928.2
   21138.0
   21189.4
   21572.4
   22052.3
   22173.7
   22843.9
   22886.4
   22912.2
   22922.7
   22945.9
