     136.8
     212.4
     337.1
     339.6
     642.3
     733.2
     758.3
     816.6
    1231.2
    1270.2
    1441.6
    2164.9
    2213.6
    2228.3
    2559.0
    2790.2
    2848.1
    3017.3
    3086.0
    3183.3
    3312.8
    3461.8
    3525.0
    3537.4
    4277.8
    4365.0
    4417.2
    4426.4
    4643.1
    4708.5
    4736.6
    4822.1
    5127.6
    5294.1
    5455.7
    5905.5
    5991.4
    6266.6
    6377.5
    6626.2
    6694.2
    7059.2
    7215.3
    7394.4
    8391.5
    8437.5
    8447.5
    8579.7
    8644.8
    8696.2
    8837.6
    9171.5
    9419.7
    9518.0
    9552.6
    9594.3
    9701.8
    9884.3
    9973.3
   10031.7
   10234.8
   10273.8
   10389.2
   10548.5
   10627.8
   10661.1
   10958.9
   11098.6
   11209.2
   11469.8
   11790.4
   12285.9
   12476.8
   12875.8
   13465.9
   13674.7
   13677.7
   13696.0
   13799.5
   14129.1
   14208.0
   14350.6
   14511.0
   14536.9
   14677.4
   14706.7
   14724.6
   14982.1
   15025.2
   15271.7
   15523.8
   15779.3
   16795.8
   16880.2
   17090.4
   17496.7
   17696.0
   17750.4
   17753.4
   17774.0
   18133.5
   18173.6
   18256.2
   18805.2
   19777.4
   20170.2
   20374.1
   20569.2
   20771.8
   21041.2
   21444.6
   21523.2
   21909.7
   22074.5
   22094.3
   22162.2
   22307.5
   22363.6
