     332.7
     689.9
     702.5
    1166.9
    1272.7
    1278.1
    1538.8
    1691.2
    1829.3
    1981.0
    2338.4
    2510.3
    2545.1
    2790.1
    2823.4
    3689.1
    3872.2
    3908.4
    3920.0
    4013.1
    4088.4
    4138.3
    4214.8
    4318.6
    4575.5
    4893.6
    4937.2
    4979.6
    5062.1
    5249.0
    6126.7
    6500.6
    7164.8
    7443.9
    7502.0
    7642.7
    8206.3
    8505.4
    8624.8
    8924.8
    8987.6
    9301.8
    9377.8
    9526.0
    9643.9
   10673.0
   10709.0
   11359.9
   11397.3
   11805.2
   12017.4
   12406.0
   12470.1
   12818.8
   12954.6
   13078.3
   13243.8
   14215.6
   14996.3
   15190.9
   15198.4
   15383.9
   15411.9
   15652.1
   16061.0
   16093.1
   16491.7
   16761.0
   16785.9
   17020.0
   17372.0
   17478.9
   17691.9
   17780.1
   18015.4
   18191.3
   18197.7
   18505.3
   18563.0
   19744.4
   20137.1
   20197.4
   20275.8
   20815.9
   20870.3
   20966.9
   21631.7
   21680.5
   22015.7
   22082.3
   22614.7
   22617.1
   22657.4
   22769.3
   22935.3
