     260.7
     569.1
     921.8
     962.2
     963.0
    1135.8
    1278.2
    1423.8
    1480.3
    1560.5
    1840.1
    1911.0
    1941.7
    1974.3
    2053.2
    2067.8
    2385.5
    2399.6
    2405.1
    2426.5
    2440.1
    2769.0
    3013.4
    3022.2
    3187.9
    3374.0
    3395.9
    3565.3
    3818.1
    3853.6
    4072.8
    4082.4
    4124.9
    4426.7
    4530.6
    4545.4
    4635.6
    4647.3
    4923.5
    5019.8
    5065.2
    5450.9
    5499.3
    5508.9
    5705.1
    5775.5
    6422.1
    6534.2
    6991.9
    7404.5
    7965.5
    8098.2
    8276.1
    8404.7
    8418.0
    8488.0
    9038.8
    9406.6
    9520.9
    9643.3
   10136.3
   10142.1
   10496.0
   10706.7
   10734.5
   10898.1
   11289.3
   11355.9
   11593.7
   12146.2
   12195.7
   12235.6
   12297.4
   12390.5
   12461.3
   12613.1
   12627.0
   13016.3
   13114.1
   13278.2
   13472.8
   13690.4
   13889.0
   13970.3
   14084.0
   14088.6
   14184.0
   14348.9
   14822.5
   15325.0
   15504.9
   15779.2
   16321.8
   16635.7
   16638.5
   16721.9
   16763.4
   17339.5
   17402.5
   18038.7
   18583.7
   18626.1
   18656.0
   18835.9
   19044.5
   19565.0
   19727.9
   19764.5
   19848.7
   20019.4
   20260.6
   20453.4
   20630.2
   20636.4
   20879.5
   21117.8
   21212.9
   21376.3
   21397.3
   21421.2
   21655.8
   21787.0
   21901.3
   21975.3
   22050.6
   22090.7
   22483.8
   22656.6
   22661.2
