     200.1
     363.7
     451.2
    1203.1
    1241.7
    1300.6
    1326.2
    1439.7
    1550.7
    1882.4
    1914.3
    1981.5
    2306.3
    2882.2
    2946.2
    2978.2
    3262.3
    3715.0
    4067.2
    4217.4
    4324.2
    4457.9
    5160.3
    5192.0
    5320.1
    5369.0
    5646.5
    5743.5
    5907.5
    6110.1
    6163.1
    6347.3
    6359.2
    6991.0
    7309.5
    7391.6
    7640.3
    7732.8
    8057.5
    8361.1
    8662.7
    8974.8
    9038.2
    9486.8
    9692.8
    9724.2
    9747.4
   10316.3
   10601.7
   10727.3
   10788.9
   11007.1
   11081.4
   11101.9
   11384.8
   11398.2
   11546.8
   11955.1
   12203.7
   12770.0
   13008.9
   13016.6
   13363.8
   13443.6
   13546.6
   14021.7
   14597.0
   14673.0
   14780.7
   15317.6
   15463.9
   15748.9
   16434.8
   16591.5
   16804.7
   16865.2
   16945.9
   17100.2
   17132.8
   17215.8
   17269.6
   17498.0
   17972.0
   18122.1
   18455.9
   18516.8
   18687.8
   18920.4
   19156.0
   19448.8
   19525.0
   19896.8
   20277.3
   20368.1
   20453.7
   20954.2
   21016.8
   21176.4
   21450.0
   21616.5
   22111.8
   22132.3
   22229.3
   22392.6
   22703.0
   22708.3
