     130.0
     162.1
     394.6
     644.1
     781.3
    1066.6
    1169.6
    1239.6
    1270.9
    1463.4
    1781.0
    1798.9
    2367.8
    2753.0
    2918.4
    3395.7
    3724.8
    3760.1
    4132.6
    4317.4
    4611.9
    4875.1
    4881.6
    4943.1
    5427.2
    6292.5
    6457.4
    7044.5
    7119.1
    7330.9
    7653.8
    7798.2
    7838.7
    8025.1
    8244.5
    9769.3
    9908.4
   10422.2
   10505.5
   10537.3
   10555.1
   10988.2
   11074.6
   11359.0
   11395.4
   11686.0
   12081.2
   12195.0
   12768.7
   13136.6
   13194.3
   13425.8
   14106.1
   14195.6
   14288.7
   14590.3
   14744.3
   15221.1
   15344.0
   15474.1
   15678.8
   15719.2
   15927.2
   16107.8
   16133.3
   16356.3
   16535.1
   16656.7
   16862.5
   16943.1
   16956.8
   17015.7
   17072.2
   17122.1
   17215.0
   17582.5
   17859.0
   18087.9
   18120.5
   18241.1
   18436.1
   18615.2
   19187.9
   19199.0
   19403.8
   19429.9
   19442.1
   19452.2
   19495.5
   19561.2
   19583.1
   19710.4
   19729.2
   19869.3
   20191.5
   20307.1
   20311.7
   20439.4
   20647.5
   20669.3
   21375.7
   21409.4
   22127.7
   22179.0
   22220.3
   22260.5
   22827.6
   22866.7
   22897.5
   22989.2
