      75.6
     313.5
     458.4
     467.8
     517.3
     599.6
     608.0
     789.5
     801.0
     968.9
     995.6
    1813.5
    1945.6
    1949.0
    2062.7
    2365.0
    2497.9
    2510.4
    2558.0
    2583.5
    2689.1
    2828.5
    2848.6
    2960.0
    3175.6
    3607.2
    4645.3
    5111.2
    5137.3
    5324.0
    5430.4
    5903.7
    6043.4
    6092.9
    6216.9
    6598.2
    6704.1
    7186.7
    7731.7
    7971.6
    7990.6
    8313.5
    8493.2
    8893.3
    8966.5
    9000.3
    9137.8
    9234.0
    9271.1
    9318.0
    9359.1
    9362.2
    9385.5
    9757.9
    9790.4
    9855.9
    9894.0
   10115.8
   10139.1
   11285.3
   11545.0
   11704.2
   11782.5
   11865.9
   11944.5
   12345.1
   12362.6
   12524.1
   12847.6
   12926.2
   13232.0
   13794.7
   13934.6
   14028.2
   14216.1
   14481.2
   14740.2
   14925.4
   15775.5
   15888.8
   16164.2
   16196.5
   17015.5
   17233.3
   17600.3
   17816.8
   17835.9
   17879.5
   18172.4
   18610.3
   18680.7
   19100.5
   19126.8
   19584.1
   19636.8
   20167.5
   20322.3
   20407.0
   20535.7
   20545.1
   20764.0
   20819.3
   20970.7
   21095.5
   21151.4
   21396.1
   21412.3
   21591.7
   21659.1
   21758.3
   21975.8
   22453.3
   22513.2
   22637.9
   22769.5
