      74.5
     225.4
     453.2
     474.7
     647.0
     844.1
     865.0
     909.0
    1261.1
    1445.6
    1691.6
    1694.3
    2111.7
    2230.4
    2290.1
    2422.3
    2604.4
    2658.8
    2776.7
    2798.7
    3100.5
    3662.7
    3856.7
    3977.3
    4164.0
    4372.4
    4592.3
    4833.2
    5689.2
    5808.3
    6194.8
    6428.7
    6733.9
    6755.1
    7172.2
    7589.7
    7721.6
    7787.1
    7808.6
    7920.6
    7955.4
    8116.8
    8859.7
    9315.9
    9397.6
    9602.2
    9715.4
    9929.5
   10100.5
   10272.9
   11281.9
   11321.5
   11728.6
   11921.8
   11966.2
   12195.3
   12201.9
   12246.2
   12261.3
   12609.1
   12747.2
   12921.1
   13188.1
   13395.7
   14138.5
   14271.9
   14427.7
   14767.2
   14870.5
   14902.3
   15404.8
   15448.8
   15667.6
   15904.6
   15967.3
   15981.0
   16004.1
   17667.6
   17798.7
   17822.8
   18126.6
   18165.2
   18348.5
   18398.3
   18463.9
   18616.5
   18675.7
   19069.4
   19282.2
   19526.5
   19611.1
   19692.7
   20460.6
   20512.4
   21106.3
   21547.2
   21845.4
   21878.2
   22057.4
   22128.7
   22342.6
   22415.2
   22479.4
