     358.9
     516.9
     560.0
     703.4
     993.6
    1295.7
    1680.2
    1873.7
    1992.0
    2275.8
    2886.8
    2943.6
    2963.0
    3049.6
    3079.2
    3303.3
    3469.6
    3676.8
    3716.4
    4061.3
    4147.0
    4381.1
    4803.0
    4876.1
    4933.4
    5079.1
    5517.5
    5738.6
    5768.2
    5846.7
    6039.2
    6322.4
    6409.3
    6560.0
    6779.9
    6983.0
    7115.0
    7115.3
    7250.4
    7334.7
    7489.8
    7494.8
    7502.3
    7737.5
    7918.2
    8419.1
    8559.0
    8680.8
    8839.6
    8891.6
    8907.1
    9084.3
    9619.4
   10179.7
   10729.2
   11089.5
   11303.6
   11561.9
   12034.2
   12039.4
   12370.8
   12483.5
   12773.8
   12880.8
   13022.8
   13463.5
   13511.0
   13543.9
   13545.7
   13610.9
   13654.6
   13674.4
   13721.1
   13895.6
   13987.9
   14062.2
   15093.3
   15120.8
   15203.8
   15305.5
   15461.4
   15492.0
   15653.5
   15705.9
   16184.4
   16970.2
   17040.0
   17473.3
   17516.3
   17739.5
   18109.5
   18533.3
   18664.9
   19355.7
   19651.5
   19812.9
   19850.6
   20039.9
   20112.2
   20137.9
   20517.1
   20704.4
   20866.1
   21051.3
   21115.4
   21444.7
   21564.9
   21731.5
   22248.0
   22475.5
   22522.3
   22585.8
   22619.3
   22985.2
