      32.3
     109.0
     335.2
     556.6
     867.7
    1093.0
    1303.1
    1656.1
    1982.9
    2264.4
    2280.5
    2427.2
    2491.5
    2538.4
    2609.4
    2799.1
    2937.0
    3171.9
    3207.4
    3385.9
    3450.9
    3617.3
    3902.3
    4603.3
    4609.6
    4715.1
    4717.6
    4801.1
    4871.6
    4883.5
    5406.6
    5755.7
    5869.4
    5944.1
    6259.3
    6358.1
    6444.3
    6717.0
    6772.3
    6801.6
    6804.6
    7126.5
    7199.3
    7262.2
    7274.6
    7281.5
    7322.4
    7394.1
    7445.8
    7505.0
    8404.4
    9449.8
    9660.0
    9930.7
   10077.8
   10470.2
   11186.1
   11218.9
   11224.6
   11389.8
   11462.3
   11597.0
   11724.5
   11732.2
   11843.2
   12059.2
   12087.2
   12436.8
   12515.4
   12628.3
   12725.1
   12878.3
   12956.6
   13120.9
   13600.4
   13796.2
   14019.2
   14153.8
   14159.5
   14542.5
   14548.1
   14587.9
   14657.3
   14738.1
   14742.7
   14747.0
   14857.1
   15012.9
   15094.6
   15152.9
   15310.7
   15841.9
   16101.9
   16212.2
   16534.4
   16744.7
   16896.4
   16914.3
   17413.8
   17747.7
   17880.6
   18003.7
   18425.6
   18652.2
   18796.7
   18797.6
   19041.0
   19264.0
   19296.4
   19366.4
   19613.5
   19705.3
   19973.6
   20096.5
   20360.9
   21098.0
   22301.0
