     512.6
     619.6
     677.8
     741.5
     996.1
    1081.8
    1104.4
    1233.1
    1292.2
    1405.4
    1454.5
    1486.1
    1496.1
    1989.6
    2035.5
    2220.5
    2267.3
    2827.7
    2955.7
    2977.0
    3161.1
    3791.1
    3792.3
    4248.4
    4328.7
    5432.7
    5455.8
    5623.0
    5727.2
    5769.9
    6604.3
    6794.1
    7334.7
    7345.6
    7446.0
    7952.0
    8002.1
    8009.1
    8440.4
    8859.9
    8864.0
    8928.5
    8952.8
    9263.0
    9566.2
    9587.1
    9740.1
    9844.8
    9875.8
    9922.6
   10760.4
   10766.6
   11065.6
   11093.2
   11406.4
   12457.6
   12736.3
   13159.8
   13526.1
   13713.8
   13919.4
   14062.8
   14300.4
   14449.7
   14501.7
   14515.7
   14941.3
   15037.6
   15293.6
   15399.8
   15468.9
   16089.2
   16133.7
   16302.4
   16351.8
   16448.8
   16468.5
   16590.8
   17024.9
   17435.0
   17513.3
   17653.3
   17696.3
   17737.8
   17751.4
   18186.1
   18255.8
   18403.1
   18966.6
   19170.0
   19356.3
   19500.2
   20234.3
   20850.9
   21325.1
   21761.7
   22228.0
   22374.5
   22850.1
