     142.4
     202.8
     379.8
     440.4
     580.4
     624.7
     980.1
    1079.7
    1629.9
    1896.9
    1968.3
    2282.8
    2808.3
    2867.4
    2939.0
    2999.0
    3107.3
    3208.7
    3699.4
    3780.4
    3894.2
    3976.8
    4021.2
    4086.1
    4264.3
    4477.2
    4578.4
    4673.5
    4827.7
    4951.2
    5057.0
    5110.2
    5186.6
    5232.7
    5297.6
    5387.5
    5917.1
    6121.7
    6230.0
    6377.7
    6637.0
    6676.6
    7575.8
    7922.2
    8280.6
    8337.4
    8366.4
    8534.1
    8761.6
    8831.9
    8901.1
    8915.7
    9002.5
    9073.6
    9535.7
    9658.7
    9667.1
    9746.9
    9979.7
   10034.8
   10061.5
   10270.6
   10460.6
   10736.2
   10973.6
   10995.4
   11069.9
   11831.3
   11855.8
   12455.1
   12492.8
   12559.0
   12775.8
   12818.4
   12917.2
   13828.2
   13898.2
   13915.4
   13953.0
   13997.2
   14064.1
   15224.7
   15461.5
   15564.2
   15711.8
   16043.2
   16140.3
   16159.3
   16738.4
   17029.5
   17413.9
   17415.1
   17513.7
   17746.5
   17894.2
   17899.2
   18005.7
   18292.3
   18464.3
   18602.5
   18782.1
   18962.7
   19283.4
   19314.4
   19655.9
   19682.0
   20304.3
   20377.1
   20423.5
   20673.8
   20741.0
   20770.7
   20774.9
   20975.9
   21104.1
   21159.0
   21290.7
   21432.1
   21690.9
   21748.7
   21778.3
   21897.3
   22383.7
   22433.8
