     260.6
     366.2
     632.3
     701.6
     862.6
     888.3
     959.8
     996.4
    1080.4
    1192.7
    1236.9
    1382.2
    1801.2
    1950.2
    2163.6
    2341.7
    2396.8
    2416.4
    2459.8
    2497.2
    2630.4
    2908.0
    3084.0
    3802.5
    3817.7
    3885.3
    3925.8
    3936.5
    4073.8
    4421.3
    4781.3
    4851.1
    4852.1
    5776.5
    5831.6
    5958.7
    6213.7
    6453.0
    6495.9
    6524.2
    6629.7
    6794.9
    6950.6
    6958.2
    7456.9
    7459.8
    7555.1
    7579.8
    7854.2
    8320.4
    8480.9
    8777.2
    9032.0
    9226.2
    9368.8
    9718.5
    9782.9
   10006.2
   11222.3
   11500.1
   11829.0
   11945.9
   12217.5
   12242.9
   13293.2
   13304.4
   13428.4
   13458.0
   13573.3
   13677.5
   14049.1
   14174.9
   14329.4
   14376.5
   14416.0
   14560.4
   14766.0
   14938.0
   15444.6
   15455.5
   15747.7
   15861.6
   15893.7
   16088.8
   16435.8
   16661.4
   16824.7
   17186.4
   17998.6
   18128.7
   18230.1
   18266.8
   18385.1
   18595.2
   18736.6
   18883.8
   18913.1
   19045.7
   19492.2
   19548.6
   19592.3
   19828.6
   19917.0
   20173.6
   20295.9
   20374.0
   20408.8
   20431.5
   20508.5
   21071.0
   21298.4
   22095.6
   22319.6
   22327.8
   22445.8
   22619.8
   22622.5
   22730.5
   22760.2
