      33.2
     263.1
     826.9
     951.4
     951.7
    1230.8
    1527.5
    1659.2
    2042.8
    2442.2
    2475.1
    2634.0
    2648.2
    2678.1
    2750.4
    2930.7
    3050.7
    3134.9
    3227.5
    3235.6
    3273.6
    3285.3
    3350.2
    3370.5
    3457.8
    3607.2
    3706.7
    4133.9
    4217.4
    4351.8
    4674.5
    5235.0
    5307.8
    5611.0
    5878.5
    5938.4
    6026.4
    6155.3
    6458.6
    6724.3
    6940.8
    6949.9
    7031.1
    7237.3
    7306.3
    7497.0
    7651.2
    7696.4
    8009.5
    8012.8
    8084.9
    8195.8
    8249.8
    8277.7
    8656.8
    8961.8
    9735.7
    9738.7
   10426.7
   10937.4
   11566.4
   11655.6
   12077.4
   12810.1
   13729.8
   14355.2
   14399.6
   14557.7
   14572.5
   14697.8
   15231.6
   15616.8
   15750.3
   15927.6
   16724.1
   16907.7
   17205.3
   17290.3
   17489.5
   17515.4
   18459.4
   18883.3
   18885.1
   19521.4
   19938.0
   20115.8
   20165.0
   20336.2
   21010.6
   21205.8
   21238.5
   21316.7
   21788.8
   21993.0
   22052.6
   22126.2
   22153.6
   22247.9
   22378.2
   22481.3
   22670.0
   22872.1
