     207.6
     885.2
     952.0
    1107.3
    1222.5
    1328.8
    1349.4
    1351.8
    1353.5
    1633.4
    1666.3
    1691.9
    1812.1
    2235.9
    2332.1
    2469.1
    2543.4
    2855.0
    2994.5
    3889.5
    3978.3
    4309.7
    4323.4
    4484.7
    4725.3
    4773.6
    4822.4
    5464.8
    5576.0
    5649.7
    5676.1
    5771.7
    5805.9
    6174.2
    6394.1
    6492.1
    6525.4
    6535.8
    6870.1
    7062.0
    7540.2
    7786.9
    7962.2
    7991.7
    8152.3
    8322.7
    8520.8
    8536.2
    8557.5
    8644.5
    8947.4
    9556.8
    9792.5
    9991.2
   10069.8
   10462.9
   10681.6
   10749.1
   10779.3
   10781.2
   10798.5
   10886.8
   11206.5
   11286.5
   11323.4
   11455.7
   11613.2
   11792.2
   11922.3
   12264.3
   12865.1
   13317.6
   13513.7
   13533.4
   13830.2
   13991.9
   14065.6
   14400.5
   14428.0
   15047.8
   15519.7
   15641.3
   15676.7
   15853.3
   15945.6
   16194.0
   16248.4
   16463.1
   16568.5
   16582.5
   16660.5
   17116.2
   17308.8
   17589.0
   17704.4
   18525.3
   18733.7
   19952.2
   20273.2
   20447.6
   20555.1
   20591.6
   20790.1
   20924.7
   21008.8
   21427.2
   21504.0
   21513.0
   21659.7
   22147.0
   22366.6
   22512.2
