     178.5
     380.9
     551.2
    1048.0
    1215.6
    1591.4
    1617.8
    1710.2
    1711.2
    2238.4
    2418.7
    2512.7
    2625.0
    2983.6
    3346.4
    3555.9
    3644.6
    3768.2
    3876.6
    3899.9
    3923.8
    4149.4
    4238.5
    4249.3
    4312.0
    4707.3
    4912.8
    5138.5
    5811.9
    5902.3
    5922.6
    6173.8
    6490.9
    6554.3
    6748.7
    7139.7
    7474.1
    8004.4
    8061.1
    8368.6
    8503.1
    8596.7
    8628.5
    8630.7
    8722.5
    9259.1
    9498.3
    9719.4
    9759.0
    9790.7
    9895.0
   10204.5
   10848.1
   10916.6
   11079.9
   11111.4
   11225.6
   11766.3
   11864.3
   12076.7
   12531.0
   12630.9
   12890.1
   13142.3
   13303.8
   13349.7
   13836.0
   14093.7
   14177.3
   14323.1
   14380.4
   14395.9
   14552.3
   14624.6
   14731.4
   15572.1
   15678.6
   15737.3
   15828.6
   15843.4
   15970.1
   16069.9
   16223.2
   16434.7
   16797.8
   16998.5
   17130.8
   17790.9
   17970.3
   18006.1
   18080.4
   18095.9
   18459.6
   18604.8
   18645.2
   18876.5
   18987.5
   19348.5
   19663.1
   19796.0
   19936.4
   20234.3
   20306.9
   20403.4
   20509.4
   20709.5
   21048.2
   21054.4
   21167.4
   21290.1
   21453.8
   21459.4
   21612.4
   21771.2
   22452.9
   22970.5
   22976.7
