     552.3
     595.7
     686.4
    1082.4
    1281.1
    1570.2
    1960.9
    1966.3
    1974.5
    2122.9
    2149.1
    2585.4
    2587.2
    2679.8
    2701.2
    2705.9
    2805.0
    2856.0
    2915.9
    3057.4
    3186.3
    3660.0
    3774.7
    3788.8
    4097.3
    4124.0
    4224.7
    4262.0
    4271.6
    4401.9
    5029.8
    5158.0
    5172.0
    5530.2
    5665.0
    5967.5
    5997.8
    6113.2
    6121.7
    6122.1
    6256.6
    6317.1
    6509.6
    6626.5
    6726.6
    6921.7
    6943.9
    6980.8
    7253.7
    7341.7
    7434.7
    8059.9
    8238.4
    8320.4
    8612.0
    8928.8
    9000.6
    9241.5
    9418.2
    9468.5
    9924.4
   10089.7
   10741.7
   10971.6
   11228.5
   11688.7
   11689.7
   11875.7
   12483.4
   12568.0
   12597.8
   12611.9
   12799.9
   13015.0
   13284.7
   13394.0
   13448.5
   13797.4
   13811.7
   13851.6
   14309.9
   14370.0
   14388.2
   14636.4
   14705.6
   14783.0
   14971.8
   15134.1
   15244.1
   15804.8
   15893.9
   15899.0
   16137.5
   16162.6
   17105.0
   17144.8
   17222.3
   17306.7
   17808.6
   17838.6
   17906.7
   17937.4
   18113.7
   18360.9
   18368.6
   18381.3
   18686.0
   18742.8
   19590.1
   19593.8
   19898.0
   19977.9
   20264.6
   20614.4
   20679.5
   20757.7
   21531.1
   21785.4
   22061.0
   22298.2
