      99.1
     110.5
     717.8
    2190.8
    2317.1
    2324.2
    2733.4
    2998.4
    3052.5
    3122.8
    3453.4
    3690.0
    3990.6
    4547.5
    4574.5
    5072.7
    5118.4
    5126.0
    5172.4
    5381.0
    6143.9
    6148.5
    6265.5
    6318.2
    6785.2
    6871.7
    6948.9
    7004.0
    7389.2
    7556.5
    7597.1
    7903.1
    8122.2
    8292.6
    8312.1
    8490.8
    8534.5
    8545.0
    8810.5
    8840.1
    8988.8
    9050.3
    9088.5
    9548.1
    9681.9
    9796.1
    9912.0
   10220.1
   10603.1
   10658.7
   11213.3
   11445.2
   11500.3
   11743.5
   12053.3
   12242.2
   12271.0
   12443.2
   13104.2
   13313.8
   13361.8
   13429.7
   13619.2
   13742.6
   13820.0
   13982.3
   14023.3
   14348.6
   14573.4
   15036.6
   15274.3
   15435.2
   15594.5
   15639.6
   16333.3
   16743.8
   16831.9
   17228.4
   17274.1
   17359.1
   17609.5
   17793.6
   17923.3
   17983.0
   18213.1
   18327.1
   18456.5
   18462.9
   18484.9
   19099.8
   19399.2
   19519.4
   19901.4
   20121.6
   20367.8
   20819.1
   20870.8
   21037.4
   21194.3
   21628.1
   21794.3
   21801.4
   22139.5
   22257.1
   22507.5
   22651.0
