      22.1
     236.5
     328.9
    1174.3
    1470.6
    1589.4
    2123.5
    2125.3
    2434.2
    2462.4
    2472.9
    2564.5
    3203.4
    3408.3
    3843.0
    4098.5
    4263.0
    4803.5
    4849.7
    4922.4
    5270.4
    5606.2
    5617.7
    5783.1
    5889.8
    6180.2
    6473.1
    6482.8
    7207.1
    7271.6
    7598.5
    7691.6
    7775.8
    8027.2
    8434.4
    8471.2
    8559.9
    8580.8
    8985.5
    9104.3
    9374.8
   10015.3
   10218.4
   10566.0
   10676.4
   10700.7
   11065.6
   11263.6
   11264.8
   11397.7
   11695.4
   11828.7
   11878.7
   12155.2
   12370.2
   12446.1
   12509.3
   12591.3
   12599.8
   12649.2
   12670.3
   12686.8
   13755.9
   13995.9
   14191.9
   14229.6
   14606.9
   14711.9
   14822.9
   14871.1
   15317.1
   15327.4
   15378.4
   15553.4
   15565.7
   15588.6
   15757.1
   15909.8
   15957.1
   16158.6
   16273.4
   16337.3
   16458.0
   16736.9
   17126.4
   17539.5
   17561.5
   17593.6
   17640.4
   18067.2
   18207.0
   18389.4
   18607.2
   19351.3
   19368.3
   19417.9
   19563.5
   19823.7
   20381.7
   20443.7
   20464.2
   20899.8
   21002.1
   21228.9
   21495.9
   21919.7
   21950.1
   22168.8
   22213.0
   22690.7
