      98.1
     221.1
     513.6
     557.5
    1243.1
    1396.0
    1588.1
    1594.2
    1874.1
    1893.8
    2600.4
    2656.2
    2676.7
    2689.8
    2902.5
    3050.4
    3210.1
    3302.7
    3349.6
    3928.1
    3971.5
    4268.0
    4300.2
    4380.5
    4776.3
    4795.8
    5024.8
    5734.9
    5944.3
    6119.4
    6129.9
    6178.6
    6334.4
    6344.7
    6654.9
    6843.8
    7062.9
    7247.7
    7257.9
    7327.3
    7382.0
    7393.5
    7487.1
    7515.0
    7532.5
    7852.4
    7852.9
    7999.5
    8041.8
    8749.0
    9120.5
    9194.0
    9391.6
    9470.9
    9552.5
    9648.5
   10032.0
   10115.0
   10183.6
   10272.4
   10404.2
   10457.6
   10596.8
   10709.3
   10896.7
   10952.4
   11585.2
   11701.1
   11882.4
   12777.2
   12819.8
   12840.2
   13059.4
   13803.8
   14316.7
   14334.1
   14583.7
   15022.0
   15058.0
   15437.3
   15580.1
   16072.0
   16606.7
   16779.1
   17096.7
   17372.6
   17637.2
   17648.7
   18307.4
   18508.0
   18675.2
   19055.1
   19182.9
   19724.2
   19766.9
   20061.9
   20192.8
   20199.3
   20790.7
   21135.6
   21335.0
   21434.7
   21537.1
   21636.7
   21676.6
   21856.3
   21927.4
   22077.0
   22102.4
   22263.9
   22390.0
   22634.3
