      73.8
     356.6
     397.3
     640.6
    1110.6
    1125.1
    1504.3
    1890.4
    1936.7
    1973.4
    2073.7
    2136.1
    2138.4
    2407.3
    2444.0
    2537.1
    2597.4
    3682.6
    3775.7
    3835.4
    3870.6
    3968.3
    4050.1
    4319.7
    4372.4
    4544.2
    4615.9
    4771.1
    4851.0
    4944.4
    4982.2
    5015.3
    5046.0
    5084.2
    5436.4
    5655.7
    5953.1
    5981.9
    6056.2
    6332.3
    6484.0
    6844.8
    6913.9
    7233.4
    8140.1
    8154.1
    8272.2
    8372.7
    8585.7
    8979.6
    9039.2
    9086.5
    9261.2
    9406.1
   10224.7
   11100.8
   11523.2
   11749.9
   12007.4
   12087.9
   12123.2
   12432.5
   12759.9
   12801.1
   12877.9
   12945.9
   13616.5
   13760.4
   13830.0
   13898.4
   13966.5
   14124.5
   14149.3
   14199.7
   14359.8
   14444.9
   14572.9
   14765.1
   14859.5
   15264.5
   15391.3
   16486.6
   16634.5
   16813.1
   17309.4
   17401.6
   18115.9
   18181.7
   18495.7
   18620.8
   19517.8
   19650.0
   19757.5
   19881.4
   19948.4
   20414.9
   20563.6
   20577.0
   21128.3
   21735.8
   21983.3
   22217.7
   22251.8
   22613.3
   22668.1
   22972.8
