     392.7
     713.9
     754.2
    1005.5
    1159.5
    1226.7
    1284.8
    2146.4
    2536.8
    2646.1
    3053.6
    3494.9
    3675.0
    3824.8
    3844.4
    3858.6
    4264.6
    4266.4
    4326.3
    4900.0
    4996.2
    5373.1
    5490.1
    5525.7
    5600.6
    5703.8
    6346.4
    6446.9
    6506.8
    6896.1
    7099.7
    7144.0
    7726.9
    8066.1
    8234.9
    8235.9
    8246.4
    8341.3
    8488.5
    8522.1
    8975.7
    9017.4
    9125.3
    9486.2
    9590.0
   10906.5
   11842.4
   12534.4
   12841.3
   12871.5
   13188.4
   13327.7
   13379.7
   13601.5
   13683.1
   13783.8
   13852.8
   14004.7
   14234.3
   14626.2
   14807.8
   14845.3
   15371.4
   15627.4
   15825.1
   15852.1
   15859.7
   15910.7
   16543.0
   16889.6
   17049.2
   17156.1
   17768.8
   17776.1
   17857.7
   17860.8
   18360.4
   18461.0
   18491.5
   18535.0
   18849.6
   19070.4
   19228.8
   20120.0
   20265.8
   20269.5
   20347.0
   20493.9
   20533.6
   20608.7
   20674.0
   20829.0
   21046.8
   21221.3
   21403.7
   21424.5
   21662.0
   21727.2
   21792.7
   21846.5
   22084.3
   22153.6
   22165.7
   22179.0
   22600.5
   22897.3
