      19.8
     406.7
     430.5
     611.1
    1231.5
    1321.9
    1342.4
    1434.4
    1515.0
    1647.4
    1902.0
    2457.4
    2497.6
    3205.9
    3384.6
    3814.0
    3956.4
    4382.7
    4424.6
    4435.1
    4512.0
    4679.4
    4909.3
    4964.5
    5209.0
    5911.8
    5968.7
    6476.1
    6524.9
    6964.3
    7073.5
    7152.6
    7245.1
    7354.6
    7548.2
    7690.0
    7801.5
    8209.7
    8381.1
    8469.9
    8477.6
    9149.1
    9179.5
    9179.9
    9397.8
    9483.3
    9573.7
    9656.5
    9679.3
   10151.6
   10190.2
   10195.3
   10494.1
   10744.6
   11054.3
   11584.9
   11979.5
   12034.2
   12359.6
   12411.2
   12539.7
   12721.9
   12747.5
   12749.5
   12956.1
   13419.6
   13622.9
   13685.1
   14107.5
   14290.9
   14720.8
   14908.1
   14990.3
   15446.2
   15769.2
   15934.5
   15974.7
   16048.6
   16319.9
   16578.0
   17057.8
   17436.7
   17443.8
   17705.8
   17879.3
   17914.9
   18012.1
   18212.1
   18825.7
   19610.2
   19618.3
   19651.3
   19730.8
   19830.1
   19991.4
   20250.8
   20773.5
   20809.6
   20832.2
   20913.6
   20946.5
   20992.7
   21060.0
   21187.8
   21297.2
   21507.7
   21918.5
   22067.1
   22234.7
   22259.5
   22769.3
   22851.4
