      45.9
     617.4
     652.4
     714.1
     946.6
     998.1
    1026.6
    1279.5
    1375.0
    1438.9
    1462.8
    1736.8
    1854.2
    1999.3
    2018.6
    2228.3
    2416.7
    2543.8
    2650.9
    2808.7
    3015.2
    3182.6
    3256.7
    3324.0
    3353.3
    3608.3
    4166.2
    4202.4
    4259.6
    4608.5
    4647.9
    4656.5
    4727.0
    4895.3
    5353.4
    6169.3
    6481.7
    6836.9
    6944.4
    7128.3
    7148.7
    7209.4
    7265.1
    7431.1
    7644.3
    7852.0
    8027.0
    8132.8
    8441.4
    8578.2
    8651.1
    8815.8
    9167.5
    9214.2
    9241.6
    9316.1
    9367.2
    9403.1
    9404.2
    9689.4
    9809.5
    9969.5
   10003.0
   10224.1
   10224.7
   10359.7
   10406.6
   10686.4
   10708.2
   10723.0
   10741.3
   10966.9
   11103.4
   11340.6
   11393.1
   11463.3
   11498.5
   11628.1
   11753.3
   12126.2
   12630.4
   12859.9
   12893.3
   13170.7
   13345.2
   13513.2
   13590.1
   13785.0
   13817.3
   14046.0
   14231.9
   14393.9
   14620.3
   14808.9
   14851.1
   14924.5
   15026.9
   15519.5
   15953.2
   15960.3
   16512.4
   16844.9
   16856.7
   16995.5
   17057.7
   17081.6
   17137.9
   17234.0
   17457.7
   17864.7
   17988.2
   18014.5
   18108.8
   18155.3
   18235.4
   18277.0
   18338.1
   18401.7
   18462.9
   18488.6
   18636.1
   18911.2
   19505.1
   19522.3
   20231.6
   20448.0
   20742.2
   20767.4
   21040.7
   21064.1
   21067.5
   21077.0
   21130.9
   21152.2
   21258.0
   21337.3
   21799.7
   21919.7
   22083.1
   22126.5
   22325.2
   22482.1
   22646.0
   22862.3
