     158.5
     484.4
     645.5
     781.7
    1064.5
    1199.1
    1949.0
    2005.1
    2015.3
    2178.1
    2484.4
    2793.1
    3263.6
    3694.2
    3694.8
    3706.5
    3845.4
    3858.3
    3969.9
    4081.8
    4088.5
    4203.1
    4273.0
    4755.0
    5048.1
    5131.5
    5160.0
    5275.3
    6093.7
    6285.5
    6515.7
    6519.4
    6701.1
    6728.8
    7411.6
    7574.8
    8007.5
    8199.9
    8703.1
    8712.1
    8760.0
    8814.2
    9005.6
    9027.9
    9089.1
    9153.9
    9278.9
    9413.3
    9699.4
    9959.5
   10220.4
   10309.0
   10342.5
   10368.7
   10415.0
   10855.6
   11543.3
   11844.7
   12302.9
   12750.6
   12752.0
   12759.5
   12890.5
   12942.8
   13080.7
   13136.4
   13207.3
   13521.9
   13529.0
   13552.2
   13686.8
   13805.8
   14099.4
   14109.0
   14193.2
   14557.1
   14584.3
   14866.0
   15684.6
   15857.2
   15945.5
   16137.3
   16451.2
   16481.9
   16665.2
   16984.8
   17184.4
   17265.6
   17287.2
   17355.9
   17385.8
   17970.2
   18027.0
   18172.7
   18216.4
   18261.3
   18277.1
   18441.2
   18695.9
   19928.8
   20053.2
   20226.9
   21066.0
   21290.2
   21472.5
   21932.9
   21963.9
   22031.0
   22046.5
   22163.2
   22825.5
