     125.3
     369.7
     528.5
     585.9
     758.1
    1423.8
    1749.6
    2079.3
    2146.4
    2251.8
    2299.5
    2690.7
    2834.6
    2908.9
    2923.1
    3119.3
    3297.1
    3526.3
    3680.9
    3717.8
    3870.1
    4509.1
    4564.7
    4744.1
    5192.7
    6051.3
    6084.3
    6261.0
    6394.2
    6472.0
    6487.0
    6707.8
    6913.5
    7024.6
    7173.9
    7510.8
    7553.8
    7656.2
    7764.0
    7957.1
    8062.5
    8479.3
    8773.1
    9017.3
    9204.0
    9300.8
    9361.3
    9941.6
   10214.4
   10286.0
   10457.6
   10507.9
   10770.1
   10847.9
   10904.5
   11477.4
   12074.4
   12352.3
   12353.9
   12516.7
   12580.5
   12865.0
   12878.2
   13043.6
   13068.4
   13239.0
   13501.5
   13902.1
   14913.0
   14965.9
   15037.2
   15237.2
   15448.4
   16118.1
   16254.2
   16256.5
   16368.3
   16400.9
   16498.5
   16849.0
   17102.6
   17572.0
   18621.7
   18801.1
   18951.4
   18978.2
   19060.8
   19148.2
   20517.6
   20555.0
   20845.1
   21140.7
   21174.1
   21314.0
   21337.0
   21408.9
   21453.0
   21689.2
   21740.1
   21855.1
   22545.8
   22789.5
   22889.8
