     385.8
     479.3
     527.3
     583.5
     660.1
     857.1
    1198.3
    1602.1
    1852.9
    1926.0
    2054.0
    2143.2
    2168.5
    2245.2
    2269.2
    2802.5
    3361.5
    3425.1
    3794.6
    3876.8
    3944.9
    4452.3
    4459.1
    4677.7
    5331.0
    5420.6
    5637.4
    5781.0
    5870.8
    5961.6
    6419.7
    6786.5
    6992.2
    7001.5
    7254.4
    7285.8
    8175.0
    8187.7
    8220.2
    8238.6
    8265.8
    8384.1
    8430.4
    8517.1
    8862.2
    8922.9
    8999.0
    9002.6
    9054.7
    9170.7
    9507.4
    9631.1
    9686.6
    9995.4
   10271.5
   10416.2
   10504.6
   10524.0
   10649.9
   10751.3
   10884.2
   11316.4
   11356.9
   11446.1
   11449.7
   11505.1
   11627.0
   11793.7
   12566.4
   12654.5
   12700.6
   13026.8
   13046.0
   13430.4
   13660.8
   13981.2
   14047.4
   14295.5
   14610.2
   14811.5
   14815.7
   14886.0
   14912.7
   15378.4
   15443.2
   15851.5
   16623.1
   16761.7
   16845.7
   17175.5
   17188.3
   17511.4
   17706.7
   17855.5
   18140.7
   18159.9
   18412.1
   18860.2
   18963.0
   19253.8
   19406.9
   19905.1
   20113.9
   20154.9
   20276.2
   20299.3
   20833.4
   21066.0
   21206.9
   21224.2
   21376.4
   21526.4
   21531.1
   21894.1
   22184.2
   22508.4
   22644.2
   22658.2
   22707.2
   22911.6
