     238.4
     580.4
     997.9
    1132.5
    1287.5
    1952.9
    2091.3
    2236.6
    2364.5
    2482.4
    2608.1
    2619.9
    2680.7
    2813.1
    3153.2
    3276.7
    3482.7
    3512.6
    3547.5
    3576.9
    3761.0
    4011.2
    4812.8
    4869.5
    5148.7
    5202.5
    5210.1
    5277.7
    5411.7
    5594.8
    5999.3
    6030.4
    6478.8
    6670.8
    6679.2
    6768.3
    7009.7
    7744.2
    8387.0
    8622.2
    8646.5
    8679.2
    9034.4
    9493.9
    9514.7
   10227.3
   10576.8
   11152.5
   11175.1
   11349.7
   11786.3
   11910.5
   12108.7
   12486.6
   12651.2
   12913.7
   12920.5
   13003.7
   13254.7
   13269.7
   13708.5
   14733.0
   14871.3
   14963.4
   14979.9
   15037.7
   15420.8
   15441.4
   15468.8
   15755.5
   15905.7
   16098.1
   16243.4
   16421.5
   16473.5
   17119.9
   17133.0
   17818.2
   18118.1
   18190.8
   18764.2
   18980.2
   19157.4
   19332.1
   19573.5
   19943.1
   20170.3
   20183.2
   20466.5
   20797.7
   20805.3
   20821.5
   21377.8
   21544.8
   21556.3
   21568.5
   21793.2
   21865.3
   21916.9
   22080.3
   22294.6
   22396.5
   22536.0
   22788.0
