      49.8
      71.7
      82.2
     318.6
     343.7
     612.4
     772.1
     842.2
    1120.3
    1257.1
    1354.8
    1420.6
    1439.7
    1618.7
    1990.8
    3015.5
    3670.6
    3943.8
    3983.7
    4400.2
    5351.4
    5562.5
    5614.9
    5679.8
    5955.0
    6340.9
    6391.2
    6640.1
    7728.5
    8100.5
    8345.8
    8528.5
    9118.1
    9123.3
    9173.5
    9276.8
    9415.3
    9654.9
    9786.0
   10155.1
   10243.8
   10259.4
   10343.7
   10405.9
   10518.5
   10740.8
   10883.6
   11312.4
   11738.5
   11898.2
   11934.4
   11972.9
   12117.2
   12136.3
   13183.0
   13405.3
   13532.3
   13541.7
   13791.2
   14032.2
   14128.7
   14171.4
   14352.4
   14474.8
   14494.8
   14630.4
   14691.5
   14837.5
   14937.2
   15043.7
   15456.1
   15784.4
   15806.7
   15896.3
   15964.7
   16181.9
   16283.6
   16365.3
   16510.3
   16726.5
   16954.0
   17392.1
   17476.7
   17993.1
   18268.4
   18583.5
   18763.0
   18947.6
   19365.2
   19467.6
   19570.4
   19719.8
   19762.1
   19923.5
   20046.7
   20276.0
   20530.1
   20667.8
   20786.7
   20887.4
   21396.4
   21721.2
   21751.6
   22221.1
   22255.6
   22629.9
   22800.9
   22851.2
   22916.5
