     180.8
     310.2
     324.1
     750.2
     931.9
    1052.4
    1893.6
    1981.9
    2311.2
    2374.1
    2441.6
    2658.5
    2675.3
    3044.6
    3070.5
    3086.9
    3153.0
    3226.0
    3247.3
    3322.7
    3484.5
    3723.9
    3830.2
    4151.1
    4317.7
    4506.6
    4541.3
    4598.4
    5069.9
    5156.4
    5180.0
    5509.7
    5718.1
    5877.9
    6134.3
    6313.5
    6594.5
    6789.7
    6914.1
    6929.4
    7043.8
    7276.0
    7989.0
    8495.6
    8562.2
    8597.7
    8672.9
    8726.3
    9154.8
    9486.2
    9873.6
    9956.7
   10148.4
   10191.5
   10380.2
   10940.1
   10984.7
   11284.7
   11409.0
   11445.0
   11561.0
   11897.1
   12192.2
   12593.8
   12617.4
   12685.3
   13298.2
   13357.5
   13414.0
   13439.7
   13716.9
   14067.1
   14141.9
   14508.6
   14532.8
   14638.0
   14662.6
   14856.9
   15223.7
   15369.6
   15527.7
   15615.0
   16291.9
   16353.2
   16461.6
   16617.6
   16661.3
   17062.9
   17512.8
   17594.6
   17773.0
   18054.5
   18204.9
   18405.1
   18456.6
   18482.1
   18583.6
   19134.4
   19601.4
   19648.5
   19806.7
   19917.1
   20411.2
   20445.1
   20533.8
   20731.7
   20749.8
   21114.2
   21354.7
   21513.5
   21514.1
   21603.0
   21741.6
   21838.7
   22241.8
   22244.6
   22326.0
   22411.7
   22699.2
   22734.0
   22965.3
