      31.7
      72.0
     532.2
     633.8
     796.0
     838.9
    1198.9
    1296.6
    1483.3
    1589.0
    1685.7
    1721.4
    1885.6
    1926.4
    2311.0
    2702.2
    2728.6
    3670.1
    4055.6
    4215.8
    4362.2
    4426.0
    4446.9
    4825.9
    5349.3
    5912.7
    6018.9
    6041.2
    6120.8
    6344.3
    6850.8
    6865.8
    7343.2
    7693.7
    7963.3
    8019.6
    8050.2
    8211.9
    8686.9
    8964.8
    9184.0
    9190.7
    9234.0
    9385.7
    9413.1
    9435.9
    9567.2
   10600.3
   10992.6
   11596.6
   11717.0
   11803.2
   11886.4
   11999.1
   12243.3
   12375.2
   12416.3
   12433.6
   12495.2
   12597.4
   13088.0
   13269.2
   13437.5
   13604.4
   13957.5
   14064.5
   14302.9
   15311.2
   15324.6
   15392.1
   15948.7
   16146.4
   16281.1
   16555.6
   17228.5
   17535.2
   17590.3
   17681.5
   17706.4
   17996.1
   18098.8
   18334.6
   18416.8
   18618.7
   18754.1
   18843.0
   19102.4
   19427.7
   19618.8
   20089.3
   20417.4
   21134.5
   21195.7
   21242.8
   21336.0
   21639.1
   22019.3
   22127.7
   22227.0
   22245.0
   22352.9
   22594.9
   22743.0
   22759.6
   22900.0
