     933.9
    1020.3
    1139.6
    1548.8
    1571.5
    1590.2
    1764.6
    1801.5
    1931.9
    2503.7
    2525.7
    3078.1
    3465.3
    3555.6
    3634.4
    3657.5
    3966.9
    4062.1
    4072.7
    4190.5
    4208.6
    4358.6
    4399.7
    4449.1
    4718.4
    5120.1
    5120.2
    5217.4
    5690.1
    6015.5
    6299.4
    6556.1
    6577.4
    6610.9
    7415.8
    7442.4
    7579.3
    8183.6
    8397.9
    8846.4
    8945.9
    8953.1
    9024.4
    9146.5
    9447.8
    9962.4
    9963.0
   10457.3
   10701.3
   10849.5
   10892.5
   11015.0
   11052.3
   11111.9
   11215.2
   11369.4
   11383.3
   11437.8
   11456.0
   11485.8
   11494.2
   11511.9
   11543.1
   11548.4
   11836.6
   11987.3
   12135.7
   13101.3
   13497.4
   13684.4
   14314.1
   14613.5
   14720.2
   14839.2
   15349.4
   15499.2
   15577.0
   15673.2
   16110.8
   16599.4
   16648.7
   16707.6
   17047.0
   17168.6
   17254.5
   17361.0
   17464.5
   17643.7
   17805.5
   17845.2
   17879.3
   18628.9
   18719.4
   19006.3
   19028.8
   19336.1
   19459.7
   19642.9
   19885.9
   20375.3
   20789.0
   21006.0
   21457.1
   21635.9
   21762.0
   21978.9
   22614.0
   22911.0
