     209.8
     396.2
     664.8
     865.8
    1137.8
    1148.2
    1788.6
    2964.4
    3155.0
    3197.7
    3440.5
    3515.5
    4339.8
    4791.2
    4971.5
    5898.4
    5947.2
    6029.2
    6481.1
    6529.2
    6638.5
    6837.4
    7840.9
    8365.4
    8684.2
    9199.3
    9301.0
    9727.8
    9893.4
    9904.6
   10006.0
   10223.6
   10394.1
   10849.0
   11142.5
   11303.9
   11678.0
   11979.2
   12001.3
   12029.3
   12377.8
   12431.5
   12464.8
   12483.3
   12556.5
   12825.8
   12986.4
   13170.1
   13250.3
   13798.3
   13815.3
   14054.3
   14084.7
   14179.9
   14201.4
   14224.0
   14353.6
   14592.2
   14751.9
   14755.5
   14892.6
   14967.1
   14989.6
   15097.5
   15695.6
   15869.7
   16064.1
   16245.9
   16337.2
   16360.8
   16735.0
   16808.4
   16819.1
   16944.0
   17012.9
   17162.7
   17261.0
   17525.4
   17567.0
   17674.9
   17844.0
   18109.3
   18131.8
   18135.4
   18369.9
   18592.4
   19829.2
   19842.6
   19994.9
   20055.0
   20383.8
   20544.6
   20635.4
   20829.3
   20899.6
   20996.3
   21249.6
   21288.8
   21564.1
   21704.8
   22114.1
   22291.2
   22369.5
   22425.0
   22574.0
   22960.3
