      14.1
     195.3
     222.2
     313.2
     315.9
    1322.7
    1778.6
    1784.4
    1906.6
    2210.2
    2383.9
    2545.8
    2578.1
    2596.6
    3085.4
    3458.6
    3652.0
    3664.9
    3692.7
    3712.6
    3712.7
    3834.8
    4271.4
    4839.1
    5027.8
    5360.0
    5375.8
    5587.9
    5697.5
    5834.3
    5897.3
    6271.9
    6479.1
    6507.1
    6713.7
    6746.0
    7142.7
    7318.2
    7500.1
    7621.6
    7690.8
    7826.8
    7859.3
    7947.0
    8523.8
    9795.4
    9803.7
   10148.2
   10261.7
   10518.7
   10542.8
   10796.4
   10846.5
   11037.1
   11710.7
   11825.2
   12036.4
   12965.0
   12983.3
   13094.5
   13275.4
   13296.2
   13816.8
   14009.8
   14018.8
   14055.7
   14084.3
   14482.2
   14593.9
   15041.4
   15186.6
   15246.0
   15280.0
   15480.6
   15645.3
   15725.7
   15769.6
   15895.0
   16226.4
   16361.0
   16402.1
   16571.5
   16695.3
   17115.8
   17259.7
   17447.3
   17581.2
   17644.6
   17858.5
   18437.0
   18638.4
   18775.8
   18814.8
   19004.7
   19036.5
   19086.0
   19360.8
   19525.3
   19816.1
   19836.1
   20040.1
   20406.1
   20685.4
   20932.3
   21284.1
   21599.7
   21635.2
   21765.4
   21911.5
   21984.7
   22307.7
   22856.0
   22974.4
