      37.2
      56.1
     140.5
     760.9
     809.4
     859.0
     955.5
     973.2
    1344.6
    1409.8
    1443.9
    1472.7
    1907.8
    1993.4
    2176.9
    2589.7
    2827.1
    3317.0
    3619.8
    3715.5
    3805.1
    3922.7
    4145.7
    4187.6
    4303.3
    4393.8
    4895.9
    5278.6
    5442.0
    5469.0
    5518.5
    5545.0
    5759.4
    5952.7
    6241.1
    6414.7
    6507.8
    6537.0
    6581.1
    6920.2
    7018.8
    7101.3
    7140.4
    7626.6
    7704.3
    7714.1
    7723.2
    7785.4
    7914.1
    8065.9
    8081.8
    8423.0
    8463.0
    8488.2
    8664.1
    8882.8
    8890.4
    8915.8
    9160.4
    9315.9
    9338.8
    9394.6
    9454.6
    9564.4
    9772.7
    9870.6
   10294.5
   10309.5
   10775.5
   11010.3
   11086.8
   11937.7
   12166.3
   12197.3
   12638.8
   12735.1
   13048.4
   13206.4
   13257.5
   13273.4
   13375.7
   13453.8
   13632.5
   13677.9
   13703.0
   13832.6
   14030.1
   14177.5
   14479.7
   14708.4
   14715.2
   15028.2
   15141.5
   15568.3
   15603.7
   15983.4
   16157.5
   16247.3
   16301.1
   16631.9
   16964.7
   16981.0
   17579.8
   17580.9
   17721.0
   18209.8
   18233.7
   18269.8
   18467.8
   18545.9
   19057.2
   19771.0
   20028.8
   20192.5
   20474.6
   20512.2
   20817.9
   21101.3
   21898.0
   22113.9
   22558.0
   22585.2
   22619.3
   22790.7
   22887.9
   22991.1
