     285.8
     352.9
     404.1
     556.0
     636.6
     773.8
     962.8
    1208.8
    1374.5
    1454.6
    1756.0
    2038.8
    2371.4
    3281.7
    3906.3
    4278.2
    4382.3
    4400.3
    4559.3
    4855.9
    5015.4
    5289.5
    5424.3
    5699.2
    6283.4
    6667.4
    7022.7
    7763.4
    7891.6
    7993.2
    8001.2
    8049.6
    8053.8
    8141.4
    8189.5
    8422.2
    8597.7
    8938.8
    9013.8
    9022.6
    9094.2
    9162.3
    9315.1
    9480.5
   10098.8
   10104.4
   10464.0
   10582.9
   10682.2
   10984.1
   11342.3
   11864.8
   11982.7
   12069.7
   12586.4
   13052.4
   13334.5
   13360.5
   13773.3
   13827.3
   13947.6
   14089.8
   14185.0
   14259.0
   14457.1
   14671.3
   14799.5
   14841.9
   14895.4
   14992.1
   15195.8
   16067.3
   16138.6
   16676.3
   16972.7
   17103.1
   17227.5
   17523.2
   17601.6
   17646.6
   17796.8
   18545.1
   18917.2
   19021.1
   19259.1
   19346.7
   19502.3
   19522.0
   19621.6
   19755.7
   20017.9
   20174.0
   20186.9
   20576.1
   20893.3
   21578.4
   21782.6
   22120.4
   22621.7
   22728.4
   22889.3
   22991.1
