      38.0
     393.4
     826.6
     846.8
    1037.1
    1374.6
    1811.2
    2264.6
    2369.6
    2483.7
    2707.0
    2896.3
    2996.0
    3044.4
    3133.4
    3862.4
    4149.8
    4233.2
    4404.7
    4677.3
    5330.2
    5434.1
    5535.5
    5646.3
    5785.4
    5984.5
    6064.5
    6066.5
    6194.6
    6382.2
    6575.0
    6705.4
    6848.7
    7195.0
    7496.3
    7701.4
    7878.8
    8251.0
    8273.0
    8328.6
    8625.8
    8800.5
    8904.3
    9146.9
    9357.0
    9404.5
    9813.1
   10172.6
   10534.5
   10675.3
   11137.9
   11291.4
   11418.8
   11561.0
   11973.4
   12020.3
   12025.9
   12035.9
   12223.1
   12233.6
   12593.1
   12902.1
   13196.3
   13850.4
   14198.8
   14239.0
   14255.4
   14778.8
   14781.0
   14876.5
   14952.5
   15244.3
   15540.2
   15693.7
   15780.5
   16345.9
   16392.3
   16398.5
   16492.9
   16729.9
   17102.1
   17197.4
   17215.0
   17990.6
   18031.1
   18031.6
   18534.2
   18918.6
   19010.8
   19012.0
   19512.7
   19654.1
   19859.3
   19916.9
   20030.7
   20079.1
   20162.9
   20193.3
   20330.3
   20379.0
   20584.7
   20709.3
   20944.7
   21281.9
   21342.7
   21474.3
   21615.5
   21669.2
   22219.3
   22601.4
   22793.7
   22796.6
