     327.7
     452.1
     632.1
     712.9
     839.8
     858.7
    1045.9
    1259.3
    1311.9
    1385.3
    1590.8
    1762.5
    1939.1
    2188.8
    2206.9
    2259.6
    2308.3
    2328.7
    2335.1
    2391.4
    2394.5
    2401.5
    2498.4
    2511.0
    2556.2
    3167.6
    3328.6
    3482.3
    3527.3
    3587.4
    4180.9
    4221.2
    4371.6
    4539.6
    4646.0
    4913.3
    4948.9
    5387.3
    5390.0
    6077.4
    6116.9
    6245.0
    6349.5
    6857.1
    6925.0
    7055.0
    7624.7
    7808.8
    7897.2
    8107.0
    8112.9
    8479.6
    8658.5
    8744.7
    9073.5
    9165.4
    9168.9
    9216.2
    9743.5
    9806.2
   10089.5
   10186.5
   10321.7
   10403.1
   10516.3
   10573.2
   10692.5
   11398.9
   11649.5
   11692.0
   11899.9
   12419.2
   12460.2
   12642.5
   13217.5
   13298.9
   13427.7
   13488.0
   13764.7
   13770.7
   14062.2
   14261.0
   14362.7
   14522.0
   14624.4
   14636.0
   14852.6
   14922.3
   14943.3
   15333.1
   15627.9
   15730.9
   15817.3
   15932.6
   16451.4
   16471.8
   16759.3
   16965.0
   17734.9
   18009.5
   18083.4
   18882.8
   18937.6
   19197.7
   19656.6
   19887.8
   19890.8
   19966.5
   20044.8
   20081.1
   20335.8
   20345.9
   20402.6
   20451.9
   20552.9
   20574.3
   20848.4
   21638.5
   22012.0
   22194.6
   22424.0
   22591.3
   22708.2
   22788.8
