     135.7
     163.8
     202.3
     309.6
     769.7
    1433.4
    3028.3
    3195.1
    3313.9
    3315.2
    3330.1
    3471.7
    3508.2
    3888.9
    4227.3
    4295.4
    4376.8
    4433.4
    4536.3
    4539.7
    4604.4
    4660.2
    4719.8
    4838.6
    5016.3
    5272.9
    5505.2
    5565.8
    6068.0
    6299.5
    6633.4
    6779.4
    6808.2
    7091.5
    7574.0
    7655.0
    7722.9
    7740.5
    7825.3
    7894.0
    7918.4
    8008.1
    8148.1
    8274.4
    8714.6
    8892.5
    9656.0
    9739.2
    9977.7
   10081.1
   10134.5
   10382.9
   10511.9
   10938.3
   11099.4
   11405.8
   11478.3
   11552.3
   11886.2
   11978.6
   11985.8
   12058.1
   12129.7
   12394.3
   12417.9
   12520.8
   12674.8
   12919.1
   13105.8
   13439.4
   13467.5
   13586.5
   13924.9
   13977.5
   14207.3
   14252.9
   14716.4
   14754.5
   14756.2
   15124.5
   15544.1
   15563.7
   15592.9
   15663.0
   15672.0
   15679.7
   15805.4
   15809.4
   16895.0
   17134.2
   17277.6
   17450.2
   17596.4
   17601.8
   18412.4
   18474.6
   18817.4
   19218.5
   19323.2
   19464.8
   19602.2
   19603.8
   20047.4
   20908.4
   21565.1
   21634.5
   22016.9
   22102.1
   22327.9
   22346.4
   22460.5
   22599.7
   22725.9
