     120.4
     328.2
     814.1
    1436.1
    1699.4
    2131.8
    2508.7
    2833.3
    3242.3
    3278.0
    3639.9
    4179.8
    4426.9
    4553.3
    5036.2
    5116.4
    5204.9
    5444.4
    5700.6
    5883.6
    6045.8
    6212.3
    6686.8
    6730.4
    6871.7
    7715.9
    8212.7
    8249.4
    8444.0
    8768.3
    9322.8
    9420.0
    9456.6
   10142.8
   10380.6
   10417.6
   10675.3
   10748.9
   10807.6
   10887.6
   10951.0
   11003.4
   11079.1
   11649.1
   11722.6
   12117.4
   12239.2
   12327.2
   12505.8
   12914.3
   13761.2
   13997.1
   14302.9
   14412.5
   14700.4
   14740.8
   14849.5
   14976.5
   15227.4
   15514.1
   15539.6
   15708.5
   15829.4
   16212.0
   16311.7
   16324.9
   16663.4
   16922.0
   17058.2
   17362.6
   18303.3
   18349.9
   18954.6
   19018.3
   19347.6
   19579.7
   19795.4
   19906.0
   20263.5
   20400.8
   20683.1
   20722.1
   21384.4
   21570.6
   21816.1
   22600.0
   22877.6
   22915.7
   22966.6
