      73.0
     553.2
     785.1
    1107.9
    1161.8
    1295.8
    1620.1
    1656.4
    2045.6
    2324.8
    2460.8
    2980.8
    3169.7
    3278.4
    3282.1
    3857.9
    3975.9
    4020.6
    4505.1
    4706.1
    4904.5
    5369.5
    5772.9
    5880.5
    6206.5
    6281.1
    6322.1
    6424.8
    6503.8
    6731.1
    6836.2
    7090.2
    7246.8
    7247.4
    7259.1
    7457.2
    7619.9
    7689.0
    7812.6
    8023.0
    8126.3
    8273.3
    8393.3
    9484.8
    9488.4
    9589.3
    9857.7
   10202.6
   10264.2
   10339.7
   10445.4
   10496.1
   10530.9
   10543.4
   10789.1
   10885.3
   11070.3
   11342.2
   11410.5
   11662.6
   11943.6
   11944.5
   12016.2
   12303.3
   12425.6
   12483.6
   12547.8
   12671.5
   12716.6
   12926.7
   12962.5
   13003.1
   13059.9
   13137.2
   13435.6
   14095.4
   14250.6
   14342.9
   14517.0
   14922.7
   14980.0
   15083.5
   15118.6
   15185.4
   15431.3
   15613.1
   15826.0
   15959.5
   15984.8
   16000.7
   16078.6
   16135.8
   16174.0
   16183.6
   16313.8
   16319.2
   16492.1
   16531.6
   16641.6
   16672.7
   16831.3
   16874.3
   16941.3
   17039.5
   17118.5
   17298.5
   17613.0
   17680.6
   17700.3
   17804.4
   17929.7
   18177.7
   18377.4
   18617.5
   19087.4
   19116.2
   19151.1
   19580.5
   19785.1
   20330.6
   20559.1
   21005.0
   21212.6
   21300.1
   21333.4
   21734.7
   21852.3
   22166.4
   22252.4
   22321.1
   22357.5
   22605.0
   22619.1
   22732.9
   22787.7
   22851.7
   22866.6
