     231.6
     284.7
     562.8
     627.0
     659.0
     969.5
    1156.8
    1238.8
    1351.4
    1460.3
    2077.7
    2134.5
    2424.2
    2721.0
    3297.3
    3476.1
    3777.5
    3835.1
    3876.9
    4860.9
    4914.3
    4991.9
    5124.0
    5619.7
    5866.4
    6745.4
    6933.9
    7218.2
    7278.7
    7598.5
    7741.2
    7936.4
    8024.8
    8553.2
    8609.5
    8974.4
    9021.0
    9025.4
    9056.3
    9191.7
    9652.4
    9738.8
    9888.9
   10067.9
   10163.4
   10259.9
   10273.4
   10297.7
   10324.2
   10841.9
   11235.4
   11296.8
   11537.5
   11540.2
   11791.9
   11890.9
   12084.0
   12269.2
   12477.4
   12728.2
   13065.3
   13068.2
   13209.2
   13256.3
   13262.6
   13400.2
   13560.3
   13916.6
   13981.0
   14462.3
   14866.6
   14964.5
   15003.8
   15091.3
   15139.4
   15262.0
   15365.2
   15854.5
   16049.9
   16280.6
   16317.7
   16413.5
   16495.2
   16551.5
   16817.0
   16886.5
   17014.8
   17033.1
   17043.4
   17056.3
   17178.5
   17482.6
   17997.5
   18516.4
   18590.2
   19009.4
   19187.4
   19585.9
   19782.4
   19888.7
   20005.2
   20340.4
   20808.2
   20956.0
   21029.6
   21191.5
   21360.4
   21391.5
   21512.1
   21600.1
   21624.8
   21640.0
   22251.2
   22273.2
   22464.7
   22556.1
