     996.2
    1162.2
    1526.2
    1531.9
    1618.2
    1796.0
    2180.7
    2181.4
    2343.9
    2348.9
    2356.6
    2376.6
    2380.2
    2531.4
    2726.6
    2751.8
    2777.4
    2800.5
    2825.4
    2870.0
    3219.8
    3579.7
    3705.6
    3949.1
    4331.6
    4338.5
    4400.5
    4948.8
    5286.5
    5753.7
    5851.0
    6149.5
    6238.5
    6290.7
    6370.3
    6422.7
    6493.4
    6608.3
    6744.5
    7255.3
    7264.2
    7425.5
    8779.6
    8950.7
    8961.4
    9010.7
    9047.3
    9236.3
    9501.5
   10202.7
   10234.3
   10306.5
   10331.3
   10444.3
   10654.5
   10812.7
   10862.2
   10914.3
   11173.0
   11547.2
   11860.4
   11924.6
   12124.0
   12214.1
   12330.8
   12396.5
   12475.8
   12508.7
   12558.5
   12861.1
   13317.8
   13328.3
   13393.6
   13518.0
   14547.4
   14992.2
   15126.0
   15134.3
   15383.9
   15488.1
   16413.6
   16555.3
   16712.7
   17519.2
   17546.0
   17665.7
   17698.0
   18177.9
   18178.2
   18347.5
   18614.6
   18694.1
   18846.2
   18868.9
   19206.6
   19270.1
   19311.2
   19311.6
   19326.0
   19375.5
   19456.4
   19500.2
   19870.3
   19886.8
   20174.1
   20283.9
   20310.4
   20362.6
   20553.7
   21511.0
   21530.8
   21617.4
   21743.2
   21846.1
   22309.9
   22448.5
   22914.0
