     410.2
     593.0
     653.8
    1102.0
    1437.6
    1632.7
    1942.8
    2482.8
    2855.2
    3195.5
    3278.3
    3429.2
    3687.4
    3770.7
    3806.4
    4007.9
    4232.6
    4413.3
    4596.3
    4670.9
    4828.2
    5017.3
    5198.2
    5532.0
    5697.4
    5819.5
    6064.4
    6371.9
    6376.8
    6652.6
    6666.7
    7146.6
    7295.7
    7419.6
    7648.9
    8107.2
    8254.1
    9247.3
    9667.7
    9693.3
    9758.8
    9967.1
   10105.6
   10533.0
   10574.1
   10674.0
   10730.3
   10747.8
   10900.6
   10924.6
   11047.5
   11106.2
   11589.6
   11830.5
   12122.9
   12169.7
   12181.7
   12349.9
   12459.6
   12883.7
   13228.3
   13347.3
   13582.8
   13647.3
   13687.2
   13879.5
   14285.9
   14538.2
   14731.5
   14780.5
   14843.3
   14860.4
   14924.0
   14966.8
   14972.0
   15112.3
   15562.0
   15606.8
   15609.2
   15621.8
   15732.7
   15859.0
   15946.9
   16040.6
   16368.8
   16546.5
   16635.4
   16781.0
   16844.7
   17105.3
   17271.6
   17374.1
   17393.4
   17517.0
   17981.5
   18382.9
   18563.5
   18575.5
   18837.0
   18881.8
   19033.0
   19048.7
   19152.3
   19313.6
   19457.3
   19962.1
   19963.4
   20002.7
   20222.6
   20246.1
   20334.1
   21001.6
   21309.0
   21371.4
   21706.2
   21719.3
   21800.0
   21974.8
   22013.2
   22502.9
   22530.4
   22985.2
