     330.1
     436.9
     863.1
    1312.3
    1407.8
    1491.3
    1691.0
    1715.5
    1785.2
    2638.7
    2705.0
    2953.3
    3016.4
    3165.1
    3382.1
    3407.0
    3914.0
    3998.7
    4064.9
    4103.6
    4417.7
    4435.4
    4603.5
    4668.6
    4708.2
    5205.2
    5230.1
    5511.1
    5565.5
    5945.1
    6560.2
    6714.2
    7242.3
    7934.9
    7938.5
    8103.1
    8320.3
    8639.5
   10431.9
   10433.7
   10499.0
   11037.7
   11126.5
   11727.7
   11742.9
   12039.9
   12189.0
   12328.2
   12383.4
   12642.6
   12912.4
   13098.5
   13116.8
   13165.4
   13811.6
   14555.0
   14703.3
   15006.4
   15134.0
   15451.1
   15465.1
   15551.6
   15650.6
   16057.8
   16195.2
   16279.3
   16334.0
   16716.1
   16835.4
   17310.9
   17366.5
   17859.4
   18046.2
   18068.2
   18417.5
   18624.4
   18677.6
   19122.8
   19180.3
   19229.5
   19289.2
   19503.3
   19785.6
   20191.9
   20957.0
   21043.9
   21214.5
   21388.5
   21427.4
   21597.9
   21643.4
   21661.1
   21833.1
   21840.8
   22173.5
   22581.1
   22653.8
   22706.0
   22791.3
   22934.0
   22941.2
