      69.1
     313.8
     332.6
     336.2
     392.1
     631.3
     810.4
    1401.8
    1576.4
    1892.4
    2025.6
    2056.0
    2718.3
    3256.9
    3429.3
    3509.1
    3601.3
    3690.8
    4106.4
    4495.1
    4532.2
    4872.9
    4916.3
    4916.5
    4957.7
    6043.4
    6119.4
    6358.7
    6378.8
    6496.3
    6550.1
    6797.8
    7218.1
    7530.2
    7579.0
    8492.5
    8734.5
    8751.7
    8960.6
    9138.7
    9228.8
    9369.2
    9447.5
    9593.4
   10430.8
   10440.7
   10629.4
   10869.0
   11085.3
   11248.9
   11402.8
   11544.9
   11744.1
   12018.6
   12044.5
   12627.6
   12629.4
   12658.3
   12713.5
   13195.9
   13222.7
   13432.9
   13576.5
   15061.7
   16475.8
   16813.8
   17131.2
   17363.7
   17382.0
   17411.2
   17845.6
   17863.5
   18010.8
   18391.1
   18618.1
   18713.8
   18839.9
   19402.3
   19568.7
   20234.8
   20409.6
   20493.8
   20737.8
   20967.1
   21486.7
   21528.4
   21722.8
   21822.1
   21824.9
   22133.4
   22189.7
   22262.0
   22317.3
   22766.0
