     809.3
    1747.1
    2086.5
    2103.6
    2299.1
    2615.3
    2877.0
    3138.4
    3234.8
    3446.8
    3582.5
    3610.5
    3648.2
    3656.9
    3664.6
    3831.4
    4196.4
    4234.4
    4526.9
    4684.4
    4842.5
    4885.8
    5149.8
    5209.7
    5376.4
    5512.3
    5559.2
    5743.5
    6072.6
    6083.5
    6342.8
    6397.4
    6469.7
    6553.6
    6576.8
    6687.7
    6836.9
    6919.3
    7272.1
    7462.1
    7930.6
    8100.7
    8374.9
    8438.9
    8540.1
    8873.0
    8958.4
    9376.0
    9412.8
    9789.5
   10240.0
   10252.4
   10316.9
   10373.6
   10590.5
   10870.7
   11307.8
   11329.1
   11573.1
   11670.0
   11698.6
   11703.5
   11811.2
   11874.2
   11976.6
   11981.4
   12177.5
   12454.4
   13074.9
   13260.3
   13382.1
   13488.7
   13597.9
   13634.5
   13693.1
   13994.7
   14182.2
   15169.2
   15212.0
   15216.6
   15291.3
   15407.0
   15797.7
   16016.2
   16180.2
   16229.4
   16997.4
   17047.2
   17337.3
   17458.4
   17700.2
   17761.7
   18389.4
   18655.1
   18715.7
   18793.3
   19042.4
   19142.7
   19249.2
   19432.4
   19878.6
   20080.6
   20150.2
   20209.3
   20345.0
   20788.2
   20920.1
   21201.2
   21432.9
   21850.1
   21857.3
   21868.6
   22082.2
   22106.1
   22168.3
   22398.2
   22683.3
   22917.3
