      29.5
     174.7
     330.1
     594.5
    1009.0
    1336.2
    1385.4
    1399.6
    1562.0
    1609.1
    1973.8
    2174.4
    2252.0
    2320.9
    2353.9
    2398.4
    2424.7
    2441.1
    2481.6
    2575.2
    2841.9
    2857.4
    3538.4
    3853.1
    4096.0
    4318.1
    4745.2
    5292.5
    5367.7
    6045.3
    6235.8
    6400.9
    6493.3
    6629.5
    6742.6
    6755.4
    6775.0
    6873.5
    6997.7
    7262.8
    7309.5
    7646.2
    7732.3
    7800.7
    7808.5
    8116.4
    8209.9
    8475.3
    8576.7
    8905.2
    9045.3
    9556.7
    9790.0
    9813.0
    9892.0
   10105.0
   10259.4
   10291.0
   10670.0
   10888.9
   10925.9
   11140.1
   11576.5
   11645.1
   12227.7
   12566.8
   12717.0
   12744.1
   13062.8
   13067.7
   13144.5
   13189.9
   13718.7
   13731.5
   14122.9
   14149.4
   14178.6
   14199.6
   14610.5
   15340.1
   15352.9
   15449.5
   15621.8
   16893.0
   16934.3
   16946.8
   17247.5
   18595.1
   18629.7
   18669.3
   19304.0
   20164.4
   20391.6
   20517.4
   21272.4
   21322.9
   21461.8
   22005.9
   22140.7
   22317.1
   22369.4
   22844.2
   22897.3
