      83.4
     172.7
     176.8
     478.8
     749.6
    1250.2
    1880.0
    1885.6
    2185.1
    2565.2
    2614.4
    2707.2
    2717.4
    2941.2
    3308.0
    3477.5
    3685.8
    3874.2
    4040.5
    4073.7
    4234.9
    4263.3
    4470.0
    4717.2
    5416.7
    5659.8
    5818.6
    6080.5
    6209.3
    6399.9
    6565.3
    6812.1
    6840.2
    6986.8
    7177.5
    7371.2
    7438.7
    7966.5
    7971.3
    7972.9
    8101.8
    9029.7
    9102.5
    9233.8
    9301.4
    9347.8
    9537.6
    9538.6
    9898.9
    9918.9
   10231.4
   10451.9
   10549.0
   10637.2
   10705.6
   10881.0
   12104.5
   12123.0
   12388.8
   12537.1
   13013.3
   13548.9
   13560.8
   13621.3
   13813.8
   14301.8
   14459.9
   14599.4
   14849.0
   14948.1
   15337.2
   15461.5
   15630.9
   15877.6
   16145.3
   16326.0
   16555.4
   16735.1
   16935.4
   16951.3
   17073.6
   17233.3
   17307.0
   17452.9
   17519.6
   17863.1
   18035.8
   18125.1
   18209.4
   18559.1
   18596.5
   18681.9
   19253.0
   19798.4
   20098.6
   20172.4
   20277.7
   20427.1
   20699.6
   20705.5
   20757.7
   20862.4
   20919.5
   20920.7
   21133.0
   21174.1
   21431.1
   21606.0
   21671.6
   21717.6
   21814.3
   21885.8
   21940.2
   22620.4
   22670.9
