       8.4
     144.1
    1093.5
    1325.0
    1344.3
    1550.0
    1821.7
    2299.7
    2313.5
    2462.1
    2939.2
    3108.8
    3369.9
    3436.0
    3939.4
    4049.6
    4186.5
    4816.5
    4821.3
    4843.2
    4977.1
    5150.4
    5488.4
    5666.2
    5848.8
    5951.0
    6711.7
    6818.5
    7244.8
    7482.2
    8097.7
    8112.9
    8177.9
    8276.4
    8381.1
    8540.0
    8742.2
    8766.2
    8983.6
    9059.6
    9593.1
    9604.7
    9670.4
    9686.9
   10413.6
   10522.1
   10820.4
   10927.9
   11064.3
   11371.7
   11392.2
   12502.3
   12527.8
   12608.1
   12710.7
   12775.4
   12822.0
   13135.6
   13454.9
   13466.1
   13484.8
   13736.2
   13824.3
   14212.0
   14319.9
   14374.8
   14380.9
   14503.0
   14506.5
   14588.1
   14631.4
   14806.6
   15159.5
   15182.0
   15379.9
   15432.6
   15474.7
   15630.4
   15893.2
   15925.5
   16113.2
   16199.4
   16514.2
   16872.2
   16911.1
   16977.7
   17047.9
   17165.7
   17372.7
   17590.6
   18098.8
   18170.2
   18513.2
   19168.3
   19183.0
   19296.3
   19445.2
   19580.9
   19807.4
   19851.5
   19868.0
   20179.2
   21172.3
   21373.8
   21988.5
   22420.2
   22635.3
   22725.3
   22864.2
