     325.3
     326.0
    1189.2
    1318.9
    1774.7
    2254.0
    2401.0
    2682.6
    2776.4
    3101.2
    3383.5
    3415.4
    3426.4
    3767.2
    3865.4
    4007.7
    4118.2
    4194.7
    4319.4
    4382.4
    4396.3
    4407.9
    4651.8
    4974.0
    5422.7
    5590.1
    5673.4
    5690.1
    6159.6
    6279.6
    6298.7
    6730.9
    7295.0
    7737.4
    7946.2
    8054.0
    8361.6
    8929.8
    8978.7
    9059.3
    9093.4
    9460.0
    9600.7
    9674.8
    9862.3
   10299.3
   10438.2
   10675.8
   10883.2
   11307.5
   11420.8
   11430.1
   11466.9
   11545.9
   11548.5
   11768.7
   11893.7
   12116.9
   12192.7
   12886.7
   12897.7
   13092.2
   13396.0
   13649.1
   13779.6
   13881.5
   13971.7
   14129.4
   14215.6
   14348.6
   14408.4
   14591.0
   14932.0
   14971.6
   15027.5
   15245.3
   15795.2
   15830.1
   16201.4
   16758.4
   16866.2
   16935.9
   16987.6
   17062.5
   17116.0
   17313.4
   17580.5
   17848.1
   17923.8
   17950.9
   18216.6
   18646.4
   18768.6
   18812.9
   19172.5
   19359.8
   19481.2
   19585.0
   19641.0
   20029.2
   20223.0
   20393.1
   20430.7
   20642.7
   21089.1
   21205.1
   21607.0
   21623.0
   21834.0
   21900.4
   22223.8
   22245.2
   22270.4
   22290.1
   22318.4
   22321.2
   22333.9
   22461.0
   22569.6
   22688.5
   22739.4
   22747.7
   22912.8
   22941.3
   22996.7
