      80.4
      95.8
     321.5
     390.2
     456.3
     775.2
     856.5
    1209.0
    1476.2
    1674.1
    1828.6
    1913.0
    2562.8
    2590.8
    2906.3
    3030.9
    3040.5
    3338.9
    4044.4
    4099.9
    4349.3
    4358.5
    4784.6
    5097.5
    5681.3
    5727.2
    5791.8
    5850.8
    6146.7
    6210.3
    6228.3
    6304.6
    7142.7
    7224.3
    7305.2
    7560.4
    7657.8
    7845.8
    8276.1
    8389.1
    9000.1
    9671.4
    9915.3
   10062.2
   10309.0
   10360.8
   10687.0
   10793.4
   11136.9
   11670.6
   11735.3
   11747.8
   11781.0
   11891.2
   11915.6
   11945.7
   11961.4
   12160.8
   12166.9
   12318.1
   12497.4
   12582.0
   12616.0
   12781.7
   13000.8
   13035.6
   13429.7
   13464.3
   13768.4
   14350.0
   14658.8
   14857.1
   14916.2
   15055.0
   15110.9
   15267.4
   15273.2
   15397.7
   15505.3
   15721.5
   15882.0
   15938.3
   16111.4
   16629.3
   17031.3
   17317.7
   17763.0
   17957.5
   18031.3
   18075.1
   18128.6
   18134.7
   18414.0
   18526.1
   18541.0
   18567.1
   18938.1
   18978.5
   19005.2
   19251.9
   19867.8
   19891.1
   19932.7
   20304.9
   21077.0
   21587.5
   21680.4
   21691.3
   21961.6
   22060.6
   22340.3
   22846.4
