      36.3
     634.5
     700.4
     977.9
    1241.3
    1479.3
    1663.2
    1709.3
    2014.6
    2153.3
    2518.2
    2649.3
    2700.8
    2996.8
    3057.7
    3196.0
    3349.0
    3649.2
    3651.9
    4784.0
    4920.2
    5296.9
    5345.0
    5767.2
    6163.4
    6325.1
    7044.7
    7253.4
    7286.0
    7474.3
    7519.0
    7523.8
    7754.5
    7949.4
    8312.7
    8463.3
    8774.5
    8864.8
    9134.2
    9355.9
    9576.8
    9683.0
    9943.6
   10414.4
   10771.0
   10954.2
   11003.0
   11049.1
   11264.7
   11348.2
   11488.2
   11735.7
   12072.5
   12624.6
   12671.0
   12815.0
   13180.5
   13268.3
   13377.9
   13407.2
   13444.2
   13577.3
   14154.0
   14214.4
   14495.0
   14823.9
   15249.2
   15250.6
   15301.5
   15404.5
   15545.1
   15779.8
   15896.2
   16174.4
   16584.8
   16773.7
   16883.5
   17753.6
   18095.2
   18466.6
   18571.8
   18611.3
   18755.6
   18827.9
   19333.0
   19480.8
   19630.9
   19811.8
   19970.5
   20669.0
   20742.3
   21269.1
   21339.3
   21700.9
   21713.6
   22063.7
   22218.9
   22359.1
   22371.2
   22534.7
   22690.9
   22913.9
