     172.0
     362.6
     483.0
     535.5
     535.9
     563.1
     670.8
    1007.8
    1452.3
    1836.8
    1919.3
    2056.8
    2333.8
    2544.8
    2554.0
    2948.4
    3174.9
    3430.4
    3988.5
    4477.5
    4493.0
    4547.9
    4615.6
    4825.8
    4995.3
    5090.3
    5109.0
    5338.9
    5348.2
    5391.7
    5772.2
    5987.3
    6126.0
    6141.9
    6616.3
    6933.1
    7020.5
    7044.0
    7505.3
    7511.1
    7681.5
    7707.4
    7889.3
    8094.5
    8412.0
    8418.8
    8543.2
    8794.4
    9176.0
    9226.2
    9285.2
    9377.4
    9435.4
    9489.4
    9596.1
    9750.1
    9836.6
    9895.8
   10084.4
   10600.4
   10708.7
   11301.8
   11302.4
   11409.1
   11440.2
   11682.3
   11823.7
   12831.5
   13089.8
   13380.6
   13452.9
   13581.6
   13734.7
   14468.0
   14747.5
   14836.3
   14839.4
   14859.9
   14919.5
   14935.8
   15223.8
   15319.4
   15328.2
   15594.2
   15610.6
   15962.7
   16037.9
   16412.3
   16669.1
   16788.0
   16988.7
   17041.1
   17091.8
   17323.4
   17925.1
   18044.5
   18078.4
   18090.2
   18471.8
   18614.8
   18748.4
   19044.6
   19459.0
   19534.2
   19552.3
   19797.6
   19986.3
   21074.9
   21328.2
   22766.8
