     446.2
     764.1
    1141.0
    1480.8
    1625.1
    1638.2
    1723.8
    1746.9
    1975.7
    2073.6
    2545.1
    2741.9
    2892.5
    3209.9
    3257.3
    3598.6
    4440.7
    4838.8
    4995.9
    4996.6
    5116.0
    5267.0
    5896.8
    5919.8
    5988.4
    6310.9
    6347.7
    6416.6
    6520.6
    6603.6
    6661.8
    6752.9
    6812.5
    6834.2
    6960.4
    7762.4
    8032.8
    8411.8
    9084.1
    9112.2
    9353.7
    9432.0
    9742.7
   10055.8
   10210.6
   10326.0
   10547.5
   10632.5
   11208.4
   11461.5
   11463.3
   11474.3
   11776.3
   11890.0
   12494.5
   12542.7
   12726.3
   12785.5
   13469.6
   13477.0
   13638.5
   14209.6
   14321.7
   14796.0
   15043.1
   15075.1
   15747.9
   15835.7
   15975.1
   16076.5
   16347.5
   16451.8
   16560.8
   16666.3
   16855.0
   17556.1
   17724.2
   17884.5
   18763.6
   18802.7
   18833.7
   19016.5
   19076.8
   19079.0
   19147.8
   19156.8
   19244.3
   19626.9
   20329.8
   20419.9
   20835.1
   21042.7
   21283.9
   21338.9
   21364.0
   21506.0
   21550.3
   21579.5
   21806.7
   22032.8
   22386.1
   22534.7
   22800.4
   22833.8
