     154.6
     372.0
     590.8
     731.2
    1032.6
    1098.8
    1743.4
    1770.3
    1935.4
    1963.9
    2199.3
    2308.6
    2404.3
    2447.3
    2774.8
    2879.4
    3195.8
    3638.9
    4267.3
    4343.4
    4577.7
    4809.7
    5014.7
    5185.0
    5429.7
    5773.0
    6053.9
    6314.1
    6356.9
    6571.3
    6591.7
    7015.2
    7168.1
    7280.4
    7394.3
    8187.1
    8255.7
    8265.1
    8520.7
    8856.7
    8876.7
    9048.2
    9446.3
    9603.6
    9823.1
   10009.4
   10081.6
   10307.8
   10444.9
   10736.1
   10893.0
   10998.1
   11055.2
   11514.7
   12076.1
   12691.8
   12800.6
   12930.9
   13619.8
   13954.7
   14065.1
   14143.1
   14288.7
   14438.4
   14482.6
   14562.4
   15164.9
   15368.7
   15473.2
   15623.2
   15901.0
   16378.0
   16422.4
   16581.2
   16723.3
   16816.7
   16867.9
   16991.7
   17105.2
   17226.2
   17404.8
   17535.7
   17607.6
   18013.8
   18139.8
   18147.3
   18189.3
   18305.9
   18430.0
   18629.6
   19082.5
   19951.4
   20130.1
   20199.4
   20452.3
   20997.2
   21252.3
   21707.2
   21908.0
   21962.1
   22244.6
   22270.1
   22605.8
