     260.0
     488.6
     567.9
     734.8
     814.3
     835.3
     951.8
    1391.4
    1672.8
    2022.5
    2184.9
    2631.7
    3364.1
    3389.7
    3670.6
    3937.9
    4009.4
    4137.5
    4274.2
    4341.1
    4478.4
    4483.5
    4564.0
    4918.3
    5028.6
    5136.7
    5194.2
    5205.6
    5539.1
    5649.6
    5669.6
    5862.3
    6108.6
    6513.8
    6820.7
    7047.3
    7070.3
    7163.1
    7174.5
    7203.7
    7260.7
    7405.6
    7620.5
    7644.6
    7728.9
    7775.6
    7899.0
    7920.9
    8022.0
    8056.5
    8211.5
    8357.0
    8411.7
    9092.7
    9103.7
    9441.1
   10187.5
   10579.3
   10582.7
   10824.6
   10905.1
   11234.6
   11254.6
   11495.9
   11514.7
   11549.3
   11580.6
   11743.4
   12041.6
   12145.2
   12210.7
   12441.3
   12514.3
   12563.1
   12794.1
   12846.9
   13122.4
   13272.2
   13322.1
   13658.3
   13911.2
   13977.8
   14110.0
   14366.4
   14526.7
   14690.4
   14698.5
   14978.3
   15067.8
   15390.8
   15753.7
   15958.2
   16089.3
   16093.9
   16132.1
   16301.3
   16413.4
   16523.3
   16796.8
   16935.3
   17354.4
   17463.1
   17496.0
   17671.7
   17918.1
   18171.6
   18311.2
   18815.2
   19439.0
   19475.1
   19699.9
   19715.6
   19834.7
   20456.8
   20474.0
   20540.1
   20553.8
   20679.7
   20799.1
   21304.7
   21406.3
   21776.2
   21842.5
   21853.9
   21862.8
   21970.7
   22294.9
   22688.4
