     179.7
     502.7
     737.8
    1089.8
    1097.5
    1209.4
    1374.4
    1482.8
    2179.0
    2227.4
    2268.8
    2662.7
    2905.2
    3236.6
    3730.4
    3826.1
    4141.3
    4267.7
    4561.3
    4682.8
    4688.1
    5510.7
    5633.7
    6062.8
    6116.0
    6144.7
    6288.5
    6365.2
    6653.8
    6671.2
    6737.6
    6921.9
    6944.6
    7145.7
    7177.3
    7323.2
    7887.0
    8703.3
    8788.2
    9089.5
    9966.1
   10188.9
   10913.5
   11148.3
   11882.5
   11894.9
   12708.6
   12813.8
   12819.7
   13050.9
   13203.2
   13408.1
   13437.1
   13717.0
   14217.5
   14587.4
   15241.4
   15436.1
   16155.8
   16211.5
   16513.3
   16870.4
   17443.7
   17556.7
   17641.2
   17785.4
   18125.8
   18415.1
   18621.2
   18638.8
   19266.4
   19707.3
   19768.7
   19847.2
   19897.7
   20031.8
   20753.0
   20992.0
   22141.7
   22232.5
   22665.4
   22846.1
   22978.0
