     210.9
     256.2
     291.7
     333.4
     457.9
     502.5
     656.9
    1344.1
    1463.2
    1523.8
    1785.1
    1815.0
    2067.6
    2256.4
    2361.0
    2440.6
    2774.0
    2980.6
    3218.8
    3306.2
    3488.9
    3663.7
    3792.7
    4823.0
    4964.1
    5013.7
    5049.4
    5205.9
    5551.3
    5948.8
    5964.0
    6517.9
    6631.8
    7344.9
    7363.9
    7389.2
    7940.8
    7980.3
    8095.2
    8130.1
    8340.1
    8565.4
    8583.9
    9093.3
    9306.0
    9584.2
    9637.4
    9813.5
    9816.6
   10026.8
   10036.5
   10294.0
   10474.2
   10672.1
   10683.5
   10688.6
   10929.8
   11079.5
   11098.3
   11125.5
   11263.2
   11466.8
   11510.5
   11567.9
   11608.8
   11751.8
   11855.2
   12520.5
   12670.0
   12816.9
   12851.6
   12885.2
   13289.3
   13333.9
   13463.4
   13873.1
   14192.6
   14327.5
   14698.9
   15259.3
   15386.2
   15697.4
   16238.9
   16240.8
   16242.6
   16595.3
   16775.8
   16898.4
   17267.1
   18038.9
   18253.6
   18264.3
   18272.8
   18865.9
   19127.0
   19195.2
   19265.4
   19372.1
   19376.7
   19419.8
   19458.1
   19485.4
   19725.9
   19776.2
   19875.6
   20131.7
   20495.5
   20782.4
   20847.5
   20962.9
   21014.7
   21168.1
   21171.6
   21294.6
   21310.6
   21843.9
   22155.8
   22469.5
   22526.0
   22574.4
   22710.2
