     105.6
     140.4
     458.2
     584.0
     698.9
     794.3
     818.8
     875.1
     900.1
     940.1
    1261.2
    1326.5
    1377.8
    1847.4
    2360.9
    2714.3
    2987.4
    3073.3
    3197.7
    3561.3
    3685.7
    3740.6
    3761.9
    3911.4
    3973.7
    4271.6
    4276.1
    4624.2
    4698.1
    4698.9
    4918.4
    5436.2
    5848.8
    5941.7
    6129.2
    6433.0
    7119.2
    7942.2
    8095.1
    8132.7
    8160.1
    8200.0
    8330.2
    8622.5
    8782.8
    8790.1
    8845.9
    8967.7
    9027.2
    9563.6
    9631.8
   10375.4
   10535.5
   10657.9
   10875.7
   11386.9
   11510.1
   11511.0
   11515.0
   11974.8
   12201.7
   12223.7
   12238.8
   12330.2
   12653.5
   12924.7
   13003.5
   13229.5
   13242.5
   13368.3
   13537.9
   13701.4
   13958.2
   14039.7
   14193.7
   14387.0
   14416.0
   14485.0
   14584.5
   14759.7
   15095.1
   15168.2
   15585.5
   15863.7
   15975.2
   16185.8
   16291.9
   16384.4
   16615.3
   16888.2
   17360.2
   17760.8
   17934.0
   18101.8
   18139.2
   18232.3
   18362.7
   18492.9
   18606.2
   18760.4
   18888.7
   19122.3
   19464.8
   19597.2
   20111.1
   20336.9
   20339.7
   20794.4
   21111.7
   21301.1
   21460.9
   21610.4
   21716.9
   21882.5
   22151.5
   22401.6
   22542.8
   22560.2
   22835.5
   22986.9
