     438.5
     882.4
     912.0
    1174.7
    1184.9
    1206.9
    1254.5
    1477.2
    1560.3
    1865.4
    1916.2
    1934.1
    1973.2
    2167.5
    2186.8
    2409.4
    2667.2
    2862.1
    3325.4
    3449.9
    3797.4
    3857.3
    3914.0
    4080.9
    4498.1
    4543.1
    4671.1
    5181.9
    5212.0
    5292.2
    5316.5
    5360.6
    5456.1
    5630.5
    5823.7
    5827.8
    5965.6
    6024.1
    6246.4
    6381.9
    6714.7
    6842.5
    6961.3
    7913.6
    8005.2
    8384.5
    8496.2
    8748.1
    8794.7
    9264.0
    9448.0
    9628.9
    9821.3
    9852.4
   10022.6
   10350.0
   10558.4
   10972.2
   11146.7
   11206.4
   11274.5
   11391.3
   11757.8
   12198.9
   12249.6
   12570.1
   12572.6
   12668.9
   12884.3
   13283.5
   13466.4
   13669.3
   13818.8
   14475.8
   14630.3
   14787.3
   14868.3
   15060.0
   15174.1
   15862.0
   16344.7
   16774.6
   16880.3
   16954.5
   17030.8
   17133.6
   17277.3
   17381.9
   17395.8
   17674.0
   18219.9
   18531.9
   18532.0
   19061.6
   19919.8
   20116.7
   20304.8
   20377.7
   20488.0
   20873.1
   20888.7
   20978.4
   21054.9
   21117.4
   21537.0
   21846.8
   22129.2
   22297.9
   22483.6
   22537.3
   22822.4
   22920.0
