      15.0
     117.1
     202.8
     721.5
     924.7
    1079.7
    1708.8
    2204.8
    2392.9
    2647.6
    3030.0
    3115.1
    3163.0
    3255.4
    3306.6
    3420.4
    3429.8
    3593.5
    3630.4
    3905.8
    4225.8
    4403.8
    4630.6
    4664.5
    5315.7
    5407.3
    5568.5
    5666.1
    5735.9
    5754.6
    5977.3
    6062.3
    6219.7
    6222.8
    6638.6
    6854.5
    7084.9
    7337.4
    7354.5
    8145.4
    8319.7
    8589.0
    8698.5
    9021.2
    9276.9
    9574.1
    9698.9
   10149.8
   10331.6
   10523.6
   10584.5
   10993.5
   11104.0
   11119.8
   11496.9
   11788.9
   11991.5
   12395.0
   12398.3
   12454.2
   12511.0
   12791.5
   13657.8
   13807.7
   13825.7
   13875.7
   13944.1
   14292.9
   14318.1
   14456.5
   14501.4
   15092.6
   15654.2
   15691.6
   16145.3
   16164.2
   16216.7
   16221.8
   16274.3
   16381.8
   16394.8
   16882.8
   16971.1
   17547.6
   17881.3
   17905.7
   17933.5
   18104.0
   18424.3
   18665.5
   18734.9
   18736.6
   18790.9
   18839.6
   19611.3
   19648.9
   20153.7
   20441.0
   20529.5
   20563.5
   21540.5
   21609.2
   21734.1
   22154.8
   22165.3
   22169.5
   22773.9
   22972.3
