      49.7
     247.1
     326.5
     413.3
     566.2
     661.0
     715.4
     749.8
     873.5
     991.8
    1043.4
    1190.9
    1314.5
    1333.8
    1386.4
    1512.1
    1533.6
    1738.2
    1968.1
    2151.1
    2384.2
    2597.4
    2640.4
    3366.4
    3673.7
    3863.8
    4353.8
    4470.5
    4663.1
    5026.7
    5257.8
    5494.2
    5568.7
    5681.9
    5807.1
    6379.3
    7049.7
    7412.9
    7891.0
    8003.0
    8907.1
    8964.7
    8999.7
    9206.1
    9251.4
    9381.6
    9478.9
   10119.8
   10169.1
   10345.5
   10501.0
   10750.8
   10928.8
   11563.1
   11646.2
   11702.8
   11951.4
   11973.7
   12021.7
   12281.0
   12326.6
   12374.8
   12437.8
   12938.5
   12950.2
   12962.4
   13400.7
   13552.0
   13579.9
   13705.3
   13994.4
   13997.0
   14026.9
   14574.6
   14615.3
   15188.9
   15335.1
   15347.3
   15525.1
   15537.9
   15563.5
   15564.7
   15686.0
   15805.6
   16201.9
   16550.8
   16819.8
   16965.0
   16999.0
   17461.2
   17595.4
   17992.8
   18431.6
   18701.5
   18790.3
   18949.5
   19109.1
   19404.2
   19545.0
   19563.5
   19984.8
   20519.5
   20588.8
   20693.3
   20851.6
   21181.0
   21555.0
   21722.1
   21986.0
   22191.4
   22494.6
   22836.1
   22965.0
   22999.4
