      52.1
     399.8
     775.5
     935.5
    1025.0
    1176.9
    1456.5
    1472.7
    1575.9
    1587.7
    1735.6
    2052.2
    2245.9
    2502.8
    2538.2
    2634.3
    2923.8
    3002.5
    3954.7
    4310.4
    4540.0
    5068.2
    5298.5
    6222.8
    6230.9
    6441.9
    6442.3
    6671.4
    6802.1
    6950.3
    7195.8
    7325.7
    7521.2
    8002.9
    8221.5
    8247.7
    8336.0
    8373.3
    8433.8
    8482.0
    8659.4
    9029.8
    9066.8
    9095.1
    9120.1
    9185.6
    9322.4
    9465.9
    9802.6
    9820.5
    9845.5
   10010.0
   10080.6
   10394.4
   10742.7
   10916.9
   10970.7
   11115.1
   11163.7
   11231.0
   11275.3
   11284.0
   11295.7
   11486.3
   11623.0
   11774.4
   12268.3
   14367.6
   14739.0
   14828.5
   14837.4
   14971.2
   15119.2
   15251.1
   15502.6
   15885.0
   16393.0
   16457.1
   16856.7
   16901.2
   17042.8
   17087.7
   17241.0
   17589.0
   17970.5
   18266.8
   18524.7
   19709.2
   19784.4
   19898.8
   19912.4
   19988.2
   20161.2
   20425.5
   20454.3
   20498.4
   20561.7
   20789.8
   20864.2
   20871.3
   21160.4
   21238.7
   21516.9
   21533.2
   22013.3
   22648.3
