     196.7
     335.8
     592.8
    1886.0
    1988.1
    2286.8
    2320.2
    2435.7
    2456.3
    2499.1
    2758.0
    3270.4
    3276.7
    3391.1
    3415.6
    3815.9
    3886.0
    3944.9
    4054.2
    4447.8
    4689.3
    4886.0
    5078.4
    5267.5
    5777.0
    5893.0
    5953.6
    5973.6
    6085.4
    6532.1
    6987.0
    7320.7
    7378.8
    7571.8
    7596.5
    7650.0
    8203.5
    8658.1
    8674.2
    8794.7
    9166.8
    9219.0
    9503.3
    9836.9
    9894.9
   10036.6
   10233.8
   10485.1
   10534.5
   10830.0
   11532.2
   11545.8
   11719.6
   11724.8
   11732.9
   12398.7
   12555.9
   12558.1
   12943.3
   13521.8
   13860.6
   13860.7
   14151.2
   14255.9
   14318.6
   14334.2
   14351.8
   14467.3
   14508.3
   14574.2
   14919.7
   14930.6
   15208.6
   15537.6
   15688.2
   15798.1
   15830.6
   15896.1
   16043.7
   16204.1
   16292.2
   16568.5
   16570.3
   16657.9
   17038.9
   17394.9
   17746.4
   18152.7
   18296.5
   18568.1
   18608.7
   18626.0
   19105.5
   19210.2
   19428.8
   19660.5
   19707.8
   19874.5
   20631.4
   20671.0
   20692.0
   20768.7
   21044.7
   21071.3
   21418.9
   21614.9
   21774.9
   21891.1
   22039.8
   22215.3
   22439.5
   22755.9
   22820.3
   22850.0
