      16.8
     106.1
     574.0
     697.6
     909.6
    1548.0
    1862.7
    1965.9
    1980.4
    2014.1
    2394.7
    2607.6
    2650.6
    2776.3
    2950.7
    3556.7
    3576.3
    4144.7
    4512.9
    5530.3
    5566.0
    5586.1
    6009.7
    6170.1
    6833.3
    6863.7
    7075.5
    7459.7
    7477.3
    7864.1
    7872.6
    8086.0
    8117.5
    8208.1
    8259.0
    8281.1
    8405.5
    8526.4
    8834.4
    9204.8
    9654.5
    9852.4
    9894.8
   10134.3
   10418.9
   10456.5
   10617.7
   10698.1
   10718.3
   10725.2
   10740.9
   10764.0
   11151.0
   11153.1
   11512.3
   11547.3
   11771.4
   12246.2
   12383.0
   12476.2
   13021.6
   13072.7
   13098.6
   13322.4
   13374.0
   13457.0
   13480.4
   13483.2
   13825.6
   13915.1
   13990.2
   14344.4
   14491.0
   14587.2
   14724.8
   14751.3
   15176.5
   15214.8
   15224.4
   15307.3
   15452.6
   15485.3
   15521.0
   15703.8
   15936.7
   16088.6
   16141.9
   16436.5
   16481.9
   16490.5
   16521.4
   16834.9
   16938.2
   16968.1
   17064.8
   17338.0
   17414.8
   17501.7
   17781.1
   17829.5
   17979.8
   18160.8
   18694.9
   18862.3
   19089.5
   19166.5
   19257.9
   19354.6
   19771.9
   19976.7
   20123.8
   20610.8
   20660.9
   20808.3
   22021.6
   22133.2
   22275.5
   22550.4
   22609.2
   22775.2
