     525.7
     703.2
     746.9
     782.2
     999.4
    1315.8
    1510.6
    1528.8
    1665.3
    1898.1
    1943.9
    2115.3
    2178.1
    2194.1
    2407.9
    2537.4
    2900.0
    3419.8
    3733.3
    3774.0
    3799.2
    3856.2
    3936.0
    3969.3
    4294.4
    4487.2
    4865.0
    4917.8
    4966.0
    5155.2
    5417.2
    5661.1
    5897.3
    6041.6
    6549.0
    6757.9
    6966.5
    6967.0
    7075.9
    7435.9
    7636.4
    7752.8
    7753.5
    7778.7
    7867.4
    8131.4
    8153.4
    8384.4
    8581.1
    8808.3
    9670.4
    9680.1
    9754.4
   10068.3
   10244.0
   10261.3
   10265.9
   10296.8
   10683.9
   10709.5
   11826.7
   11935.1
   12432.0
   12585.5
   13016.2
   13028.9
   13372.2
   13479.2
   13501.4
   13858.0
   13987.4
   14482.6
   14822.7
   15187.1
   15361.3
   15431.4
   15503.1
   15523.0
   15874.8
   15940.3
   16129.8
   16623.4
   16826.7
   17030.6
   17370.7
   17694.3
   17964.1
   18686.2
   18719.8
   18814.4
   18821.9
   18880.0
   19131.7
   19351.9
   19367.7
   19539.2
   19542.9
   19642.8
   19925.6
   19932.4
   20267.4
   20272.0
   20515.3
   20957.5
   21249.9
   21453.8
   21521.0
   21839.1
   21852.9
   22385.4
   22399.0
   22435.4
   22538.1
   22677.4
   22922.4
   22928.8
