     204.0
     263.2
     796.2
    1052.5
    1366.5
    1547.9
    1677.2
    1820.3
    1915.4
    2005.3
    2491.5
    2861.0
    3149.6
    3611.4
    3647.0
    3993.5
    4539.6
    4644.1
    4830.5
    4858.0
    5012.8
    5225.1
    5283.7
    5551.5
    5563.4
    5583.9
    5751.6
    5998.0
    6091.1
    6205.5
    6471.8
    6527.4
    6638.1
    7137.0
    7386.7
    7686.0
    7726.6
    8095.0
    8598.4
    8784.2
    8952.3
    9069.0
    9226.6
    9250.5
    9314.8
    9586.6
   10006.9
   10010.8
   10186.4
   10529.1
   10917.2
   10939.0
   11766.0
   11972.2
   12152.2
   12652.2
   12660.1
   12698.7
   12829.4
   13150.7
   13517.8
   13811.8
   13939.6
   14037.2
   14050.4
   14453.8
   14511.7
   14518.2
   15262.1
   15368.0
   15622.8
   15635.3
   15922.4
   16034.2
   16220.2
   16284.6
   16446.1
   16701.3
   16821.2
   16954.1
   17080.8
   17327.2
   17368.4
   17490.5
   17616.3
   17757.2
   18157.4
   18686.0
   18929.3
   19027.3
   19041.4
   19459.8
   19502.5
   19588.8
   19682.1
   20242.4
   20621.6
   20824.1
   21383.1
   21489.1
   21542.6
   21664.2
   22092.5
   22269.5
   22294.7
   22702.1
   22996.7
