     483.0
     685.8
     686.4
     770.4
    1182.0
    1636.1
    1736.1
    1982.0
    1994.3
    2297.9
    2316.8
    2572.8
    2580.7
    2597.5
    2720.7
    2742.2
    2804.3
    3028.9
    3323.3
    3333.3
    3604.0
    3698.0
    5148.9
    5730.3
    5867.3
    5922.8
    5927.4
    5967.5
    6020.4
    6210.2
    6345.6
    6401.4
    6426.0
    6438.7
    6775.1
    6789.7
    6872.0
    7454.6
    8135.0
    8536.1
    8759.7
    8774.5
    8862.6
    9046.0
    9217.0
    9298.0
    9590.7
    9766.1
    9797.5
   10199.8
   10510.0
   10512.2
   10882.2
   11359.2
   11530.9
   11536.9
   11695.5
   11703.4
   11712.0
   12254.4
   12698.6
   12699.1
   12743.5
   12817.8
   12922.6
   13199.7
   13216.0
   13223.5
   13225.3
   13434.8
   13474.4
   13637.3
   13871.1
   13884.8
   14105.7
   14135.5
   14184.2
   14516.3
   14950.6
   15729.6
   15823.7
   15974.8
   16089.6
   16204.7
   16426.8
   16566.7
   16648.7
   16782.7
   16922.6
   17052.9
   17375.4
   17679.6
   18060.2
   18291.2
   18343.6
   18462.3
   18740.4
   18914.3
   19042.5
   19267.4
   19354.5
   20114.2
   20279.3
   20489.9
   20757.6
   21363.2
   21829.1
   21860.6
   21922.7
   21923.4
   21933.3
   22345.6
   22434.1
   22457.8
   22793.3
   22836.9
