      45.1
     130.7
     176.6
     741.5
     864.1
    1053.8
    1479.2
    1496.0
    1753.3
    1803.3
    2006.5
    2331.3
    2368.0
    2927.0
    3297.2
    4637.5
    4852.1
    5258.2
    5340.4
    5375.4
    5582.9
    5637.6
    6094.0
    6134.3
    6270.7
    6595.0
    6599.1
    6799.9
    6895.1
    6895.3
    7052.5
    7139.5
    7220.7
    7240.4
    7660.8
    7720.3
    7958.0
    7990.8
    8657.7
    8798.7
    8832.5
    8921.9
    9002.9
    9033.5
    9829.5
    9923.3
   10848.0
   10876.9
   11302.3
   11630.0
   11819.8
   12577.4
   13130.2
   13374.4
   13377.9
   13482.8
   13508.9
   13575.2
   13723.3
   14659.2
   14785.6
   14854.0
   15212.8
   15292.3
   15484.3
   15946.2
   16251.6
   16482.2
   16532.6
   16844.3
   16935.9
   17427.6
   17472.9
   17810.5
   17862.8
   18034.4
   18038.6
   18351.3
   19066.2
   19186.4
   19256.9
   19334.3
   19411.8
   20546.1
   20990.7
   21204.4
   21247.7
   21315.6
   21427.5
   21721.9
   21890.4
   21936.0
   22267.4
   22314.7
   22368.3
   22610.4
   22847.0
