      28.0
     131.5
     754.8
     811.0
    1134.4
    1529.5
    1585.7
    1891.1
    1893.5
    1979.2
    2067.5
    2144.3
    2453.8
    2702.5
    3173.3
    3496.0
    3550.5
    3917.7
    3961.4
    4173.5
    4549.9
    4768.4
    4867.4
    5088.1
    5110.3
    6609.8
    6748.4
    6993.8
    7086.3
    7089.7
    7095.4
    7891.4
    8070.1
    8132.0
    8254.1
    9518.6
    9895.7
   10096.3
   10141.9
   10288.3
   10501.2
   10544.6
   10597.5
   10698.5
   10831.1
   10860.9
   10943.8
   11020.0
   11103.2
   11191.0
   11679.7
   11865.8
   12017.1
   12357.4
   12780.7
   13432.7
   13499.5
   14193.4
   14207.7
   14245.5
   14297.7
   14625.2
   14635.2
   14816.6
   14991.9
   15048.6
   15220.0
   15227.2
   15334.1
   15373.6
   15528.9
   15533.0
   15703.9
   16117.1
   16178.5
   16639.8
   16789.2
   16996.1
   17125.3
   17216.2
   17291.0
   17425.2
   17554.9
   17588.5
   17736.4
   17798.4
   17864.8
   17881.5
   17956.0
   18550.4
   18686.8
   18874.1
   18940.3
   19099.5
   19170.7
   19293.1
   20943.9
   21284.1
   21301.7
   21475.6
   21850.3
   21910.2
   22155.1
   22201.0
   22326.5
   22736.0
   22826.4
