       8.3
      53.9
     123.1
     232.7
     242.1
     264.4
     491.3
     507.4
     701.9
     846.6
    1025.3
    1191.5
    1445.8
    2130.0
    2166.9
    2173.0
    2178.1
    2413.2
    2769.7
    2789.6
    3048.6
    3052.0
    3348.3
    3653.3
    4304.8
    4488.9
    4859.7
    5261.2
    5280.7
    5910.9
    5987.1
    6065.7
    6083.5
    6294.3
    6472.4
    6689.8
    6774.2
    6885.9
    7282.0
    7570.1
    7778.8
    7899.6
    7969.1
    8000.1
    8208.6
    8265.5
    8273.0
    8320.3
    8513.9
    8650.5
    8839.4
    9072.5
    9131.3
    9158.5
    9168.8
   10017.9
   10220.4
   10224.4
   10472.1
   10479.3
   10580.5
   10580.6
   10883.8
   10959.0
   11093.4
   11228.7
   11586.5
   11604.4
   11917.9
   11956.4
   12143.8
   12378.3
   12589.6
   12900.7
   12971.2
   13057.1
   13126.9
   13372.4
   13746.3
   13826.0
   13948.9
   14014.6
   14121.7
   14272.3
   14386.0
   14441.5
   14686.9
   14738.6
   14804.0
   14936.6
   14945.1
   15100.0
   15295.1
   15711.7
   15808.7
   16355.4
   16377.7
   16439.1
   16544.5
   16665.7
   16685.6
   17142.7
   17156.4
   17193.7
   17233.3
   17237.3
   17253.5
   17341.0
   17384.7
   17492.9
   17698.5
   18155.8
   18571.1
   18737.5
   19405.1
   19573.8
   19737.3
   20044.9
   20156.8
   20355.1
   20829.3
   20908.1
   20935.9
   20940.6
   20984.8
   21638.7
   21642.3
   21643.1
   21919.1
   22071.4
   22535.2
   22636.0
   22756.4
   22805.4
   22905.7
   22981.0
