       7.1
     346.4
     383.1
     460.2
     480.8
     713.2
     782.0
     820.3
     861.5
    1156.2
    1161.5
    1238.2
    1260.0
    1313.9
    1640.8
    1888.9
    2032.2
    2093.1
    2157.7
    2358.4
    2588.7
    2827.0
    3306.2
    3360.0
    3369.5
    3549.0
    3732.2
    3775.8
    3839.4
    4001.8
    5054.5
    5274.1
    5527.6
    5622.8
    6378.8
    6438.4
    6589.5
    6671.2
    6701.7
    6848.3
    7156.4
    7406.0
    7542.9
    7861.4
    7930.6
    7953.6
    8064.6
    8193.0
    8655.7
    9138.7
    9264.2
    9350.7
    9650.9
    9986.6
   10203.8
   10306.9
   10330.6
   10568.0
   10881.7
   11410.3
   11540.1
   11680.2
   12472.3
   12600.1
   12935.1
   13000.3
   13015.6
   13494.3
   13504.5
   13598.4
   13942.4
   14459.3
   14742.4
   15333.9
   15428.0
   15588.6
   15600.9
   15603.3
   15797.2
   15827.6
   16195.9
   16349.5
   16511.7
   16529.6
   16768.4
   16839.8
   17003.2
   17193.9
   17242.1
   17441.3
   17618.6
   17667.6
   18086.5
   18910.9
   19253.9
   19593.9
   19678.4
   19817.5
   19879.0
   20066.4
   20073.1
   20449.6
   20544.2
   20577.0
   20628.4
   20642.4
   20699.8
   20944.7
   20962.6
   21857.2
