      29.7
     195.2
     396.2
     447.2
     466.1
     771.5
     946.6
     953.6
    1095.8
    1129.4
    1150.6
    1161.5
    1816.1
    1927.3
    2019.4
    2107.2
    2599.9
    3077.6
    3105.2
    3205.2
    3490.8
    3951.9
    4088.3
    4158.8
    4175.7
    4291.2
    4541.2
    5274.5
    5441.5
    5583.4
    5624.0
    5673.3
    5740.2
    6015.0
    6059.0
    6073.6
    6180.6
    6282.0
    6785.7
    7224.2
    7315.8
    7688.8
    7805.5
    7920.2
    8210.5
    8480.3
    8630.2
    8953.6
    9302.1
    9371.2
    9800.9
    9828.4
   10126.3
   10151.7
   10309.2
   10574.7
   10678.5
   10731.8
   10842.1
   11159.3
   11296.6
   11337.6
   11427.6
   11571.5
   11613.3
   11619.9
   12091.2
   12142.2
   12168.9
   12288.8
   12953.1
   12960.9
   13084.8
   13100.2
   13159.3
   13435.4
   13692.1
   13739.5
   13803.9
   13878.3
   14175.4
   14538.6
   14616.4
   14919.1
   14946.9
   15269.8
   15416.2
   15551.5
   16342.4
   16382.3
   16752.2
   16884.0
   17208.3
   17252.5
   17275.9
   17409.0
   17656.8
   17698.7
   18155.8
   18312.7
   18438.0
   18556.2
   18963.8
   19283.1
   19390.8
   19451.6
   19479.3
   19578.3
   19651.3
   20010.7
   20073.8
   20152.7
   20169.8
   20349.3
   20447.9
   20567.0
   20649.8
   21227.8
   21348.6
   21430.4
   21567.3
   21904.3
   22008.1
   22021.8
   22124.7
   22447.2
   22610.9
