     588.4
     639.4
     714.1
     887.8
    1056.3
    1315.3
    1365.8
    1528.6
    1626.1
    2234.9
    2395.9
    2503.7
    2703.8
    2711.9
    2761.5
    2827.3
    2921.7
    2976.7
    3268.4
    3692.5
    3967.3
    4376.8
    4498.6
    4545.9
    5039.5
    5075.7
    5161.6
    5399.2
    5496.7
    5511.8
    5894.5
    6041.5
    6437.5
    6622.0
    6870.4
    6943.8
    7126.0
    7264.1
    7449.5
    7557.8
    7954.1
    8060.4
    8074.0
    8175.7
    8468.5
    8645.9
    8681.8
    9034.8
    9217.3
    9276.6
    9484.5
    9996.3
   10147.3
   10701.8
   10736.8
   10890.6
   10896.5
   11090.7
   11281.8
   11283.7
   11306.6
   11632.6
   11704.2
   11705.8
   11830.4
   12144.0
   12830.2
   12872.0
   13158.1
   13179.3
   13244.5
   13282.6
   13383.5
   13659.6
   13820.5
   14211.2
   14676.6
   14696.8
   14908.9
   15064.2
   15106.9
   15345.9
   15508.0
   15598.0
   15600.2
   15607.9
   15790.4
   16016.4
   16049.3
   16086.1
   16341.4
   16459.9
   16638.2
   16731.9
   16926.2
   17421.7
   17733.1
   18072.0
   18168.8
   18193.9
   18589.6
   18590.4
   18942.0
   19122.3
   19225.5
   19291.1
   19668.6
   19802.5
   19926.8
   20052.5
   20376.8
   20910.5
   21067.1
   21221.6
   21397.9
   21626.0
   21691.5
   22033.7
   22407.5
   22422.3
   22600.7
   22953.2
   22993.8
