     331.2
     344.1
     528.9
     766.0
     886.5
     944.5
    1095.2
    1143.5
    1264.5
    2140.0
    2155.5
    2890.2
    2960.6
    3273.0
    3839.3
    4651.1
    5016.8
    5091.6
    5116.3
    5341.0
    5588.1
    5671.7
    6082.8
    6576.3
    6591.0
    6665.1
    6884.8
    6964.8
    7038.0
    7051.7
    7135.8
    7159.3
    7217.2
    7384.8
    7579.7
    8033.8
    8043.1
    8149.8
    8194.7
    8206.4
    8215.2
    8275.4
    8485.7
    8533.1
    9066.0
    9663.6
    9683.4
   10125.2
   10139.1
   10164.3
   10194.8
   10530.6
   10610.3
   10760.7
   11382.3
   11623.1
   12051.9
   12142.2
   12242.3
   12264.3
   12275.0
   12334.6
   12913.5
   12997.2
   13001.4
   13061.7
   13168.8
   13290.7
   13311.1
   13314.3
   13427.5
   13722.0
   14326.9
   14329.5
   14335.0
   14374.4
   15033.5
   15227.8
   15938.7
   16251.6
   16477.0
   16771.5
   16798.0
   16833.9
   16909.2
   16912.5
   17210.8
   17214.3
   17312.5
   17466.9
   17659.6
   17740.7
   18139.9
   18279.9
   18292.9
   18452.3
   18482.8
   18983.6
   19002.0
   19033.9
   19151.7
   19380.1
   19445.2
   19503.4
   19531.4
   19644.2
   19889.5
   20147.7
   20249.9
   20375.4
   21653.6
   21739.8
   22039.0
   22184.2
   22219.0
   22535.1
   22840.7
   22872.2
