     486.6
     746.6
     957.5
    1002.8
    1063.8
    1092.8
    1267.5
    1336.9
    1539.2
    1547.2
    1648.9
    1738.8
    1829.4
    1961.7
    2063.8
    2169.4
    2340.0
    2399.7
    2604.3
    2673.1
    2784.0
    3091.7
    3095.1
    3731.2
    4231.8
    4421.1
    4666.9
    4687.1
    4773.7
    5398.9
    5449.8
    5518.7
    6126.9
    6772.9
    6963.7
    7102.1
    7129.8
    7335.6
    7525.6
    7870.8
    7944.8
    7946.2
    8113.5
    8868.5
    8881.9
    9084.5
    9130.3
    9403.3
    9834.1
    9863.8
    9975.3
   10082.1
   10662.1
   10707.7
   10844.5
   10944.8
   11053.1
   11065.0
   11399.6
   11521.4
   11677.5
   12219.6
   12223.7
   12582.6
   12662.8
   12757.3
   13032.8
   13154.8
   13265.4
   13928.9
   13992.4
   14029.6
   14035.9
   14752.9
   15111.5
   15157.9
   15269.2
   15421.8
   15456.4
   15469.7
   15675.4
   15747.0
   15969.6
   16011.6
   16322.9
   16607.0
   16609.9
   16655.5
   16697.5
   16756.3
   17151.7
   17720.9
   17947.7
   17960.4
   18055.0
   18436.3
   18516.0
   18666.3
   19090.2
   19126.8
   19398.3
   19763.3
   19844.3
   19986.0
   20133.1
   20219.2
   20337.5
   20984.3
   21069.2
   21086.9
   21152.8
   21705.8
   21887.8
   22135.8
   22369.1
   22506.5
   22529.7
   22553.0
   22906.3
