     183.4
     222.8
     318.0
     326.7
     645.0
     710.0
    1250.9
    1296.5
    1340.1
    1649.5
    1982.6
    2553.4
    2588.7
    3132.4
    3240.4
    3297.9
    3300.2
    3642.7
    3664.6
    3819.4
    4007.3
    4009.3
    4120.1
    4292.5
    4556.1
    4906.6
    4937.5
    5430.7
    5481.0
    5563.9
    5605.2
    5851.8
    5936.0
    6238.2
    6244.5
    6454.5
    6561.3
    6617.4
    6646.4
    6756.5
    6922.0
    7274.9
    7621.1
    7729.7
    7917.9
    7966.4
    8062.5
    8249.7
    8484.3
    8498.6
    8504.2
    8509.6
    8514.5
    8797.0
    8855.5
    8888.6
    8952.7
    9146.0
    9287.3
    9851.6
   10101.1
   10351.9
   10509.5
   10990.8
   11507.1
   11665.6
   12028.0
   12281.2
   12424.4
   12521.2
   13036.3
   13055.3
   13144.2
   13160.6
   13195.0
   13423.1
   13487.1
   13510.8
   14010.1
   14338.0
   14490.7
   14507.5
   14613.3
   15032.1
   15341.0
   15425.7
   15590.8
   15660.8
   15820.2
   15847.9
   16493.1
   16596.5
   16929.7
   16972.4
   17342.7
   17511.4
   17532.4
   17930.0
   18038.9
   18117.7
   18315.8
   18522.0
   18543.1
   18571.7
   18618.8
   18738.0
   19009.8
   19560.6
   19643.1
   19887.1
   19953.6
   19955.2
   20189.3
   20256.3
   20730.1
   20808.9
   21522.6
   21605.2
   22081.8
   22156.0
   22248.9
   22349.5
   22385.5
   22466.7
   22544.2
   22875.2
   22950.4
