     310.2
     338.0
     392.0
     527.8
     547.6
     646.0
     651.8
     964.6
    1160.7
    1487.4
    1684.2
    1689.2
    2097.5
    2229.6
    3304.2
    3381.3
    3866.4
    3889.5
    4004.9
    4812.2
    4850.4
    5102.4
    6188.9
    6294.6
    6377.0
    6700.8
    6827.3
    7384.4
    7475.0
    7492.1
    7589.6
    7635.0
    7682.9
    7735.2
    8091.3
    8103.8
    8284.3
    9018.1
    9044.1
    9344.1
    9613.1
    9699.6
    9824.5
    9854.0
    9945.0
    9991.5
   10159.8
   10455.1
   10491.4
   10761.1
   10851.4
   11159.8
   11530.8
   11567.8
   12135.0
   12320.0
   12645.1
   12697.5
   13020.2
   13354.6
   13419.2
   13512.8
   13551.7
   13573.9
   13647.4
   14546.5
   14575.9
   14707.1
   14886.4
   14892.5
   14963.1
   14995.1
   15059.6
   15158.5
   15169.7
   15316.2
   15475.2
   15889.6
   17043.9
   17325.9
   17492.8
   17502.2
   17554.1
   17630.3
   17730.9
   17851.2
   18121.3
   18230.9
   18848.8
   19011.9
   19174.8
   19347.1
   19400.4
   19664.5
   19688.9
   19739.6
   19977.5
   20331.5
   20333.9
   20391.4
   20481.6
   20773.6
   20823.6
   20835.6
   21138.5
   21164.0
   21680.2
   21723.0
   21747.9
   21773.6
   22067.2
   22073.1
   22109.1
   22197.2
   22849.1
   22918.8
