      49.4
     460.5
     763.8
    1117.3
    1253.5
    1518.7
    1569.8
    1735.1
    1801.5
    1943.9
    1996.3
    2120.6
    2422.0
    2533.3
    2538.1
    2608.7
    2997.1
    3944.9
    4006.5
    4144.2
    4351.9
    4488.5
    4871.0
    4943.8
    5073.6
    5086.4
    5411.8
    5448.3
    5486.7
    5593.9
    6264.6
    6267.2
    6303.2
    6559.5
    6773.2
    6834.9
    6891.9
    6986.3
    7169.3
    7239.2
    7379.7
    7469.6
    7548.8
    7553.4
    7577.4
    7687.4
    7710.8
    8186.5
    8833.9
    8935.9
    9527.8
    9686.1
    9880.7
   10104.7
   10188.9
   10293.7
   10407.0
   10576.7
   10679.3
   10845.6
   10877.7
   10900.9
   11066.2
   11432.0
   11451.9
   11509.5
   11594.3
   12395.4
   12452.4
   12837.1
   12861.3
   12879.3
   13062.8
   13364.1
   13421.0
   13571.9
   13608.6
   13687.6
   13828.0
   14108.9
   14195.3
   14513.1
   14871.2
   15094.8
   15118.4
   15221.9
   15442.8
   15477.6
   15753.7
   15911.8
   17093.1
   17159.4
   18019.7
   18190.3
   18245.8
   18448.3
   18707.4
   19094.2
   19539.0
   19812.1
   19825.0
   19921.3
   19963.7
   20363.4
   20419.3
   20466.5
   20512.6
   20661.6
   21003.4
   21049.3
   21309.7
   22364.9
   22516.9
   22760.7
