      32.6
     682.3
     713.7
    1198.2
    1316.2
    1674.6
    1745.8
    1869.4
    1930.5
    2071.5
    2106.6
    2133.8
    2180.3
    2817.7
    2916.0
    3136.4
    3555.3
    3574.2
    3963.9
    3981.3
    4068.5
    4111.1
    4368.8
    5006.2
    5145.8
    5231.8
    5840.4
    5914.1
    6402.8
    6438.1
    6730.6
    6770.6
    6821.5
    7263.6
    7318.8
    7443.8
    7643.2
    7975.4
    7989.7
    8135.1
    8145.1
    8322.2
    8546.6
    8744.1
    8900.8
    8908.4
    8979.6
    9050.1
    9365.0
    9431.6
    9944.9
   10760.0
   11158.3
   11338.9
   11347.4
   11428.8
   11432.2
   11457.2
   11529.2
   11681.6
   11707.8
   12234.1
   12347.9
   12412.6
   12638.6
   12727.9
   12825.9
   12922.2
   13054.2
   13139.3
   13468.6
   13650.4
   13660.8
   13665.7
   13678.2
   14082.2
   14218.1
   14338.2
   14535.9
   14545.9
   14567.4
   14862.6
   15097.6
   15320.5
   15369.3
   15550.6
   15713.3
   15747.8
   16301.9
   16375.5
   16636.0
   16887.4
   16973.5
   17298.8
   17477.0
   17715.8
   18098.5
   18390.4
   18433.4
   18898.9
   19085.3
   19179.0
   19496.9
   19798.5
   19805.2
   20015.9
   20395.3
   20464.3
   20528.7
   20724.8
   20885.8
   21387.8
   21539.3
   21858.5
   21960.9
   22224.9
   22528.7
   22948.9
