    1251.4
    1424.0
    1457.9
    1504.1
    1594.2
    2054.4
    2327.4
    2371.1
    2780.8
    3032.2
    3045.6
    3061.5
    3153.5
    3252.3
    3505.5
    3828.4
    4538.2
    4658.8
    5166.5
    5702.9
    5738.4
    5815.7
    6781.9
    6859.3
    7130.5
    7209.3
    7250.9
    7381.7
    7409.4
    7587.9
    7685.1
    7972.2
    8331.6
    8490.3
    8556.7
    8598.6
    8615.6
    9296.6
    9349.0
    9566.6
    9624.5
    9927.5
    9941.1
   10003.0
   10335.0
   10474.3
   10588.3
   10939.3
   11172.7
   11270.8
   11338.8
   11591.4
   12031.4
   12212.3
   12436.5
   12519.5
   12537.5
   12705.5
   12973.9
   13076.9
   13152.9
   13392.2
   13465.1
   13760.0
   13793.0
   13893.6
   13912.7
   14258.6
   14393.8
   14943.6
   15751.5
   15974.5
   16013.9
   16037.7
   16095.7
   16255.3
   16301.0
   16545.1
   16651.6
   17320.7
   17392.9
   17467.8
   17580.9
   17727.4
   17764.7
   17808.9
   18180.9
   18272.8
   18314.2
   18499.4
   18634.6
   19401.3
   19650.8
   19661.9
   19704.6
   20226.0
   20368.1
   20836.2
   21944.3
   22003.5
   22090.4
   22227.6
   22228.7
   22250.5
   22361.1
   22397.9
   22924.9
