      70.8
     143.5
     249.9
     302.2
     587.4
     777.2
     940.0
     976.3
    1203.8
    1258.4
    1314.0
    1697.1
    1828.8
    2100.3
    2138.9
    2268.6
    2278.1
    2682.1
    3165.9
    3489.3
    3567.3
    3726.8
    4016.6
    4133.1
    4353.4
    4446.4
    4923.5
    5198.2
    5255.0
    5437.4
    5450.5
    5525.6
    5527.8
    5907.3
    6164.2
    6300.6
    6347.2
    6433.3
    6745.9
    7065.7
    7083.3
    7282.1
    7889.7
    7902.3
    8135.9
    8139.7
    8202.7
    8320.4
    8439.5
    8500.1
    8565.1
    8583.7
    8932.8
    9360.4
    9559.0
    9674.0
    9779.9
    9830.1
    9887.9
   10680.8
   10877.5
   10934.1
   11252.2
   11357.7
   11438.1
   11460.4
   11544.2
   11609.4
   11777.9
   11881.0
   11888.2
   12009.9
   12168.7
   12187.5
   12236.1
   12272.5
   12358.8
   12452.5
   12558.1
   12641.7
   12717.1
   12881.1
   13197.5
   13301.2
   13308.6
   13418.6
   13467.1
   13475.3
   13666.5
   13998.8
   14053.3
   14130.5
   14715.3
   14781.3
   15166.9
   15859.6
   16275.0
   16585.0
   17188.2
   17453.2
   17520.9
   17660.9
   17816.2
   18069.6
   18116.1
   18341.2
   18344.5
   18449.3
   18648.9
   18849.1
   18959.9
   19288.3
   19358.9
   19530.7
   20050.5
   20358.9
   20484.4
   20719.8
   20728.8
   21064.5
   21088.0
   21093.6
   21347.8
   21499.0
   21641.9
   22155.0
   22526.0
   22632.7
   22790.8
   22875.9
