     405.5
     670.6
     717.0
     947.0
     958.2
    1035.7
    1181.0
    1756.3
    1852.2
    1867.8
    2077.5
    2317.8
    2402.9
    2503.9
    2527.8
    2547.2
    2882.3
    2914.2
    3315.1
    3358.4
    3824.3
    3829.4
    3943.0
    4076.0
    4214.2
    4479.5
    4554.8
    4736.6
    4873.6
    4910.3
    5176.5
    5184.7
    5583.5
    5757.9
    5758.4
    5901.1
    5919.4
    5941.8
    6071.1
    6099.4
    6506.6
    6508.4
    6514.8
    6756.5
    6822.0
    7190.2
    7346.4
    7448.5
    8115.4
    8314.9
    8496.3
    8642.9
    8766.6
    8874.0
    9069.9
    9142.7
    9168.1
    9357.6
    9393.3
    9576.9
   10075.8
   10378.8
   10438.4
   10536.8
   10599.8
   11275.9
   11441.6
   11622.3
   11672.8
   12033.0
   12443.0
   12465.6
   12526.6
   12871.3
   13450.2
   13763.1
   13789.1
   13981.9
   14024.6
   14065.9
   14182.6
   14203.0
   14529.5
   14556.5
   14662.7
   14933.1
   14953.6
   15053.0
   15160.4
   15371.1
   15442.8
   15553.8
   16154.6
   16179.4
   16331.0
   16483.6
   16762.6
   16799.5
   16928.3
   16975.9
   17109.4
   17669.6
   17804.9
   18351.2
   18360.5
   18535.9
   18545.5
   18926.3
   19027.0
   19283.2
   19344.4
   19491.0
   19562.1
   19704.0
   19804.9
   19878.0
   19951.9
   20348.3
   20355.1
   21048.1
   21134.6
   21313.1
   21425.0
   21644.2
   21886.8
   22201.0
   22642.9
   22895.0
