     422.8
     426.2
     620.9
     740.0
     917.5
     991.9
    1276.3
    1359.2
    1643.4
    2019.0
    2051.2
    2125.2
    2174.4
    2242.9
    2273.5
    2411.5
    2678.9
    2797.6
    2997.2
    3364.6
    3425.4
    3460.1
    3505.2
    3604.4
    3958.3
    4099.6
    4337.9
    4420.4
    4575.5
    5386.7
    5534.8
    5615.9
    6003.0
    6404.2
    6743.3
    6791.5
    7101.1
    7119.4
    7385.4
    7443.0
    7511.3
    7911.6
    8075.6
    8239.0
    8527.4
    8613.7
    9314.3
    9805.8
   10019.9
   10095.4
   10177.5
   10300.0
   10372.0
   10494.9
   10561.9
   10672.5
   10927.1
   11071.6
   11413.3
   12254.9
   12377.2
   12426.8
   12460.4
   12595.5
   12698.1
   12878.6
   12920.5
   13026.0
   13232.5
   13462.5
   13743.0
   13950.9
   15109.3
   15120.1
   15259.3
   15512.4
   15685.7
   15739.9
   17590.8
   17704.3
   17822.7
   17876.0
   17996.4
   18006.1
   18078.9
   18325.3
   18390.9
   18420.4
   18469.9
   18786.0
   18835.9
   19578.8
   19601.0
   19689.9
   19991.5
   20010.2
   20040.0
   20216.5
   20297.9
   20785.7
   20794.2
   20892.7
   21104.1
   21383.2
   21737.3
   21756.2
   22242.5
   22352.4
   22687.8
   22773.6
   22924.6
