     809.8
    1119.6
    1470.3
    1585.5
    1682.9
    1723.5
    1859.9
    1876.9
    1945.2
    2395.9
    2552.5
    2655.6
    2684.9
    3002.5
    3096.2
    3257.0
    3455.9
    3569.1
    3965.0
    4131.5
    4252.9
    4256.4
    4285.9
    4321.4
    4416.3
    4456.9
    4807.7
    4852.0
    4945.5
    5038.2
    5140.6
    5292.9
    5368.8
    5513.1
    5772.4
    6623.4
    6690.5
    6789.9
    6983.4
    7336.2
    8353.1
    8469.6
    8843.9
    8963.4
    9563.1
    9575.7
    9682.6
    9815.4
   10170.0
   10391.9
   10617.0
   11200.0
   11538.5
   11589.8
   12250.2
   12327.8
   13029.7
   13258.2
   13667.1
   13760.4
   14197.3
   14942.6
   14985.3
   15131.8
   15433.7
   15604.5
   16209.7
   16262.4
   16376.6
   16401.2
   16443.3
   16672.9
   16701.5
   16903.7
   17102.3
   17234.1
   17246.0
   17342.8
   17884.7
   17918.3
   17941.6
   18067.1
   18163.7
   18258.8
   18289.9
   18398.8
   18496.8
   18738.1
   19054.9
   19381.4
   19550.6
   19612.2
   21166.2
   21210.1
   21363.6
   21373.0
   21437.1
   21701.1
   21974.3
   22778.5
   22783.2
   22792.0
