       4.7
      23.4
     611.5
     773.6
    1098.2
    1171.7
    1388.2
    1615.8
    2013.4
    2203.6
    2244.7
    2342.1
    2467.0
    2469.1
    2527.7
    2941.3
    3128.9
    3182.3
    3282.0
    3299.1
    4444.2
    4513.9
    4763.9
    4823.3
    4948.5
    5172.4
    5228.5
    5759.7
    6229.8
    7048.1
    7070.4
    7188.4
    7386.8
    7774.5
    7990.0
    8054.1
    8144.8
    8501.4
    8644.8
    8735.1
    9479.4
    9666.0
    9863.7
    9899.1
   10094.5
   10356.9
   10792.7
   10934.8
   10995.2
   11051.3
   11062.5
   11114.1
   11181.3
   11312.2
   11597.7
   11712.3
   11969.4
   12349.1
   12790.9
   12971.4
   13076.6
   13126.4
   13247.7
   15309.9
   15572.5
   15774.2
   16035.0
   16522.2
   16860.9
   16986.8
   17057.0
   17355.4
   17503.2
   17508.0
   17509.6
   17719.0
   17868.9
   18195.0
   18296.7
   18543.4
   18547.3
   18904.9
   19131.6
   19525.6
   19829.4
   19831.0
   19924.1
   20055.1
   20206.2
   20373.7
   20547.2
   20909.1
   21154.8
   21271.3
   21683.0
   21866.7
   21950.6
   22256.0
   22261.5
   22501.1
   22593.6
   22656.3
   22685.9
