      22.3
     184.8
     316.5
     749.2
     905.0
    1198.0
    1342.1
    1600.4
    1636.0
    1967.4
    2011.4
    2338.3
    2655.4
    2708.3
    3102.0
    3181.5
    3441.3
    3557.2
    3808.9
    3902.6
    4158.5
    4425.0
    4509.4
    4553.2
    4899.5
    5220.7
    5372.0
    5668.2
    5916.4
    6353.6
    6658.3
    6705.7
    6715.9
    6723.0
    6975.6
    7024.3
    7028.0
    7186.1
    7533.4
    8136.0
    8205.9
    8471.9
    8617.9
    8697.1
    8812.7
    8856.1
    8856.4
    9126.9
    9735.1
   10063.8
   10351.4
   10525.2
   11006.7
   11147.8
   11488.0
   11648.4
   11804.0
   11829.9
   11927.8
   11937.8
   11992.6
   12017.4
   12127.5
   12318.3
   12513.4
   12529.0
   13166.5
   13420.8
   13571.4
   13578.8
   13589.6
   13635.9
   13911.7
   13997.5
   14498.5
   14986.6
   15001.1
   15180.9
   15623.7
   16157.5
   16654.7
   16729.5
   16795.0
   16867.3
   17067.8
   17208.7
   17327.9
   17394.7
   17597.8
   17600.7
   17638.1
   17659.6
   17672.8
   18299.6
   18371.8
   18458.6
   19029.9
   19165.7
   19187.3
   19359.4
   19393.5
   19961.2
   19965.1
   20357.1
   20372.9
   20373.1
   20557.8
   21004.3
   21362.9
   22178.2
   22379.7
