     315.2
     437.4
     506.1
     792.4
     823.6
     996.7
    1135.3
    1222.4
    1242.9
    1446.2
    1810.8
    1850.0
    2218.5
    2264.1
    2596.8
    2726.3
    2737.3
    2965.4
    3044.3
    3592.3
    3920.0
    4006.2
    4218.7
    4238.0
    4293.4
    4485.5
    5019.1
    5408.6
    5489.1
    5803.0
    5949.8
    6129.9
    6145.6
    6257.3
    6263.6
    6605.8
    6679.3
    7050.6
    7170.1
    7221.8
    7464.1
    7669.7
    7728.7
    7772.8
    7931.8
    8010.5
    8117.2
    8245.7
    8556.1
    8950.0
    9062.7
    9252.4
    9267.9
    9534.8
    9580.7
    9762.4
    9862.5
    9874.8
   10340.7
   10377.9
   10479.8
   10488.5
   10578.3
   10885.1
   10890.9
   11092.8
   11123.9
   11151.9
   11408.6
   12094.2
   12304.5
   13192.8
   13347.0
   13914.8
   14084.6
   14475.2
   14571.1
   14903.2
   15076.5
   15187.8
   15198.6
   15217.9
   15295.0
   15519.6
   15757.9
   15817.7
   15994.9
   16008.8
   16370.1
   16560.6
   16821.1
   16935.5
   16963.1
   17100.5
   17368.9
   17716.9
   18106.7
   18234.5
   18537.7
   18576.2
   18616.4
   18902.9
   19056.9
   19063.0
   19068.0
   19168.7
   19390.5
   19391.4
   19428.7
   19495.3
   19537.2
   19538.1
   19826.3
   20105.8
   20203.2
   20914.9
   21145.3
   21416.9
   21453.3
   21646.8
   21798.8
   22129.5
   22510.3
   22780.5
   22871.8
