      62.5
     325.6
     549.3
     570.2
     925.4
    1282.5
    1298.6
    1355.5
    1371.0
    1530.0
    1733.8
    1816.5
    2221.1
    2467.9
    2507.1
    2567.4
    2848.7
    3372.3
    3440.4
    3553.7
    3620.5
    3637.5
    3898.1
    3931.6
    4074.4
    4195.4
    4571.0
    4680.6
    4815.4
    4883.0
    4889.8
    5064.9
    5174.9
    5205.8
    5335.2
    5595.4
    6108.0
    6400.7
    6983.9
    7046.4
    7399.7
    7912.4
    8009.1
    8041.8
    8257.5
    8283.2
    8294.7
    8518.4
    8889.7
    9022.4
    9113.6
    9173.3
    9246.3
    9411.5
    9643.4
    9751.4
   10050.1
   10371.3
   10554.2
   10714.4
   10719.4
   10805.1
   10903.6
   11040.9
   11041.7
   11298.5
   11302.6
   11371.9
   11778.9
   11803.7
   11858.9
   11893.5
   11944.3
   11949.2
   12384.6
   12996.4
   13011.3
   13721.0
   13830.7
   13856.7
   14099.6
   14460.3
   14991.9
   15073.1
   15459.4
   15803.3
   15836.8
   15949.8
   16013.4
   16826.4
   17209.5
   18057.7
   18083.4
   18110.5
   18206.1
   18688.2
   18689.0
   18804.0
   18914.3
   19029.6
   19048.7
   19982.0
   20170.8
   20192.6
   20209.8
   20210.7
   21106.4
   21268.3
   21432.7
   21495.2
   21657.4
   21869.9
   22127.5
   22250.8
   22289.2
   22306.6
   22452.6
   22977.1
