     126.9
     797.0
    1020.8
    1211.1
    1340.8
    1412.0
    1606.6
    1639.3
    1703.7
    1741.5
    2117.4
    2381.6
    2396.4
    2640.1
    2800.3
    2860.2
    2892.6
    2929.6
    3092.1
    3260.8
    3499.2
    3512.6
    3532.7
    3816.5
    3840.9
    3992.1
    4017.0
    4321.1
    4616.2
    5654.0
    5814.4
    5855.7
    6176.6
    6185.4
    6186.7
    6194.3
    6288.1
    6637.7
    6867.9
    6891.7
    7063.8
    7305.3
    7616.3
    7730.2
    8314.7
    8355.0
    8618.4
    8909.3
    8975.5
    9063.4
    9122.6
    9284.4
    9673.3
    9737.1
   10118.6
   10337.7
   10376.2
   10484.1
   10848.7
   11293.0
   11963.9
   12086.5
   12574.7
   12755.5
   13241.4
   13383.2
   13403.5
   13599.0
   13634.9
   13952.3
   14113.4
   14174.2
   14486.8
   14581.1
   14642.6
   14925.0
   15706.4
   15872.5
   16041.7
   16688.4
   16707.2
   16715.6
   16806.3
   16823.7
   16911.6
   16948.4
   17163.4
   17488.5
   17518.6
   17730.8
   18046.1
   18541.9
   18606.8
   18663.6
   19053.1
   19102.4
   19117.1
   19952.6
   20418.4
   20905.6
   21248.1
   21315.4
   21530.2
   22030.8
   22323.3
   22718.4
