      17.7
     197.1
     573.8
     664.1
     723.1
     868.2
    1750.9
    1781.0
    1922.9
    1974.1
    2524.2
    2632.3
    2650.6
    2735.2
    2799.0
    3185.9
    3508.0
    3571.3
    3739.7
    3845.5
    3947.1
    3962.0
    4183.0
    4387.4
    4509.1
    4830.3
    5115.1
    5122.4
    5127.8
    5232.0
    5483.3
    5550.0
    5554.1
    5636.2
    5861.6
    5890.8
    5966.6
    6049.1
    6091.7
    6426.4
    6468.0
    7089.1
    7224.7
    7549.9
    7730.3
    7761.1
    8163.7
    8688.7
    8870.9
    8987.2
    8994.5
    9202.8
    9971.3
   10208.4
   10491.0
   10875.3
   11004.4
   11900.0
   12235.1
   13207.2
   13295.2
   13347.5
   13487.1
   13697.4
   13886.7
   14093.2
   14398.7
   14448.0
   14455.5
   15008.6
   15026.8
   15073.1
   15297.6
   15348.0
   15418.5
   15641.2
   15695.2
   15723.2
   15949.5
   16006.3
   16062.1
   16295.1
   16780.2
   16864.3
   16894.5
   16945.0
   17077.1
   17358.7
   18107.7
   18354.6
   18460.5
   18575.3
   18642.5
   18807.5
   18998.6
   19499.4
   19768.8
   19838.4
   20112.9
   20366.5
   20725.3
   20860.8
   21004.0
   21230.1
   21297.9
   21462.1
   22064.1
   22271.4
   22309.5
   22463.9
   22720.8
   22824.3
