     408.0
     497.4
     655.4
     768.6
     776.9
    1020.8
    1356.2
    1595.3
    1900.8
    2239.8
    2860.2
    3016.8
    3017.5
    3138.2
    3159.9
    3206.2
    3212.5
    3295.6
    3607.2
    3738.1
    3843.5
    4045.1
    4114.3
    4165.6
    4463.4
    4676.3
    4737.1
    4884.6
    5186.1
    5192.9
    5650.0
    5706.3
    6429.8
    6809.1
    6852.5
    6881.1
    6898.3
    7126.1
    7161.1
    7270.7
    7464.2
    7486.3
    7509.9
    7608.3
    7773.8
    7791.6
    8151.1
    8403.9
    8467.8
    8497.6
    8801.6
    9486.5
    9905.8
    9906.4
   10002.6
   10021.2
   10080.8
   10106.7
   10141.4
   10354.8
   10627.7
   10888.3
   11031.1
   11073.1
   11337.0
   11357.7
   11410.0
   11493.4
   11810.5
   11979.3
   12010.4
   12728.7
   12729.0
   12734.1
   12904.2
   13068.8
   13133.4
   13174.9
   13192.4
   13464.6
   13479.7
   13511.0
   13999.8
   14109.9
   14112.3
   14171.6
   14203.9
   14531.3
   14691.4
   14724.6
   14728.1
   14783.4
   15234.9
   15347.3
   15836.5
   15881.3
   15914.1
   15915.4
   16103.5
   16293.3
   16379.7
   16427.8
   16504.0
   16902.7
   17226.7
   17397.1
   17437.2
   17798.4
   18054.2
   18144.6
   18167.6
   18221.2
   18331.9
   18514.0
   18628.4
   19479.4
   19633.7
   19714.7
   19723.0
   19961.7
   20038.7
   20055.2
   20434.3
   20455.4
   20634.2
   21393.4
   21398.9
   21422.4
   21450.4
   21895.1
   22062.6
   22296.2
   22403.5
   22488.2
   22533.6
   22581.6
