      18.0
     375.2
     796.5
     890.8
     922.3
    1301.4
    1467.7
    1558.5
    1629.9
    1637.4
    1693.7
    1854.4
    2028.9
    2087.4
    2340.2
    2385.8
    2419.3
    2445.9
    2493.9
    2652.4
    2786.8
    3015.6
    3078.5
    4006.8
    4483.6
    4563.1
    4654.0
    4948.1
    4997.2
    5411.8
    5448.6
    5593.3
    5780.6
    5855.4
    5944.5
    5976.6
    5981.3
    6024.9
    6085.4
    6229.8
    6613.8
    7022.7
    7131.5
    7279.7
    7294.9
    7597.6
    7614.7
    7658.4
    7907.3
    7927.9
    8052.6
    8512.0
    8552.4
    8769.1
    8819.1
    9018.3
    9110.5
    9239.9
    9641.7
    9811.3
   10014.3
   10099.0
   10423.7
   10822.7
   10884.2
   10923.7
   11279.1
   11656.2
   11682.4
   11705.6
   11759.7
   12002.2
   12474.9
   12709.9
   13097.4
   13527.5
   13711.5
   14105.7
   14203.4
   14279.3
   14447.4
   14473.6
   14971.1
   15039.3
   15195.2
   15197.6
   15979.7
   16019.0
   16542.5
   16833.9
   16945.0
   17023.5
   17111.8
   17298.9
   17402.5
   17460.0
   17884.5
   17911.0
   17951.6
   18082.0
   18137.7
   18284.0
   18411.9
   18544.1
   18560.8
   18686.9
   18803.8
   18868.8
   18958.7
   19085.3
   19535.0
   19866.6
   20531.8
   20696.9
   20738.1
   21087.9
   21171.1
   21296.5
   21509.7
   21557.2
   21695.9
   21891.2
   22140.6
   22449.5
   22850.9
