       5.4
      68.8
     234.8
     653.9
    1354.3
    1594.0
    1934.0
    2183.4
    2269.8
    2458.4
    2601.4
    2791.8
    2878.2
    3127.0
    3152.3
    3358.1
    3630.4
    3774.2
    3963.3
    4482.2
    4560.8
    4603.4
    4613.3
    4691.4
    5163.7
    5190.0
    5408.4
    5459.5
    5548.8
    5634.9
    6076.4
    6357.9
    6383.8
    6728.3
    6835.0
    6997.8
    7017.9
    7237.3
    7252.8
    7258.1
    7336.8
    7340.2
    7370.6
    7378.4
    7612.7
    7785.8
    7864.4
    8443.6
    8474.2
    8966.3
    9506.9
    9690.7
    9863.4
    9996.8
   10082.8
   10422.1
   10486.0
   11031.9
   11317.9
   11355.0
   11824.0
   11976.6
   11995.0
   12006.1
   12295.7
   12403.5
   12745.4
   12837.4
   13043.5
   13691.3
   13721.7
   13830.0
   14195.6
   14369.1
   14863.4
   14947.2
   15085.3
   15310.5
   15461.2
   15844.3
   15980.8
   16184.0
   16223.3
   16579.6
   16648.4
   16706.0
   16741.9
   17145.7
   17147.2
   17308.8
   17623.3
   17972.3
   17982.2
   18005.9
   18078.9
   18118.9
   18143.9
   18173.6
   18229.0
   18317.7
   18340.5
   18707.7
   18858.4
   19005.8
   19064.5
   19089.9
   19136.5
   19376.4
   19427.9
   19465.0
   19603.2
   20322.5
   20437.1
   20677.6
   20678.5
   20748.6
   21233.4
   21386.7
   21470.5
   21784.8
   22384.4
   22536.6
   22556.5
   22589.9
   22820.8
   22939.1
