     146.3
     191.4
     359.6
     548.1
     617.0
     903.6
    1082.5
    1421.7
    1781.4
    1789.8
    2149.0
    2159.8
    2214.9
    2380.0
    2434.4
    2768.2
    2777.0
    3366.2
    3448.1
    3705.7
    3870.6
    3995.1
    4095.3
    4190.6
    4434.9
    4865.4
    5122.3
    5514.2
    5614.4
    5909.0
    6149.1
    6709.0
    6765.0
    6933.7
    7339.3
    7415.5
    7688.8
    7998.8
    8124.1
    8347.1
    8460.3
    8516.7
    8830.2
    8976.1
    9391.7
    9433.2
   10023.5
   10514.8
   11037.0
   11951.0
   12067.3
   12146.5
   12652.9
   12667.6
   12786.1
   12808.6
   12961.3
   13048.1
   13120.5
   13288.8
   13333.1
   13426.4
   13466.8
   13579.2
   13691.7
   13917.2
   13928.5
   13942.2
   14276.9
   14290.9
   14451.7
   14818.0
   14888.2
   14963.3
   15124.9
   15487.6
   16018.0
   16259.1
   16432.6
   16471.4
   16644.4
   16745.1
   16774.4
   16795.9
   17084.8
   17290.9
   17458.2
   17585.9
   17605.1
   17976.3
   18382.6
   18711.4
   18815.9
   19017.1
   19265.5
   19323.8
   19436.4
   19557.5
   19593.5
   19926.8
   20024.2
   20147.4
   20256.1
   20388.9
   20398.1
   20475.2
   20853.2
   21048.8
   21297.3
   21360.6
   21527.0
   21742.2
   21903.7
   22164.8
   22714.6
   22873.9
