     290.3
     554.0
     588.6
     763.8
     775.6
     828.4
     842.6
     860.7
    1003.1
    1623.5
    1658.1
    1827.6
    2001.2
    2442.3
    2714.6
    2974.3
    2984.8
    3038.0
    3732.0
    3850.9
    3922.1
    4003.1
    4066.9
    4081.4
    4157.8
    4224.2
    4350.4
    4656.1
    5146.7
    5230.6
    5304.2
    5323.8
    5365.0
    5514.3
    5668.5
    5929.4
    5964.3
    5983.5
    6645.8
    6693.0
    6776.5
    6813.7
    6815.4
    6893.2
    7185.7
    7343.4
    7450.6
    7875.5
    7951.4
    8300.2
    8735.0
    9280.8
    9422.2
   10147.5
   10157.3
   10455.6
   10617.3
   10774.2
   11076.5
   11233.7
   11435.6
   11564.8
   11694.9
   11912.4
   12055.3
   12161.4
   12375.5
   12440.6
   12822.0
   12856.5
   12950.2
   13303.6
   13334.7
   13510.3
   13747.1
   14095.0
   14772.3
   14883.4
   14952.0
   15309.3
   16498.5
   16511.7
   16518.8
   16728.0
   16750.5
   16780.2
   16817.0
   16907.1
   16910.0
   16918.6
   17077.4
   17477.1
   17577.9
   17614.4
   17907.2
   18335.8
   18648.0
   18826.3
   18997.3
   19230.3
   19357.5
   19376.6
   19642.6
   19887.4
   19937.3
   19946.0
   20099.7
   20496.5
   21002.7
   21022.3
   21078.5
   21190.8
   21290.6
   21429.3
   21470.4
   21583.9
   21749.8
   21753.5
   22237.1
   22681.3
