     461.4
     480.7
     509.5
     733.9
    1110.1
    1118.1
    1167.2
    1319.2
    1430.5
    1587.6
    1786.1
    1854.4
    2112.2
    2460.0
    3130.2
    3139.8
    3204.4
    3229.5
    3306.6
    3311.2
    3427.8
    3608.0
    3801.1
    4217.7
    4238.7
    4354.8
    4782.2
    4821.2
    4920.4
    5198.6
    5300.7
    5693.0
    6252.0
    6257.9
    6301.5
    6672.2
    6744.3
    7127.4
    7697.6
    7841.1
    8244.9
    8254.4
    8898.9
    9025.8
    9275.3
    9327.6
    9441.2
    9951.5
   10385.1
   10796.5
   11146.1
   11331.8
   11645.1
   11722.2
   11758.9
   12011.8
   12216.9
   12391.1
   12453.4
   12488.6
   12647.0
   12699.8
   13218.5
   14197.6
   14364.2
   14427.8
   14674.3
   14790.0
   14814.8
   15038.9
   16184.9
   16349.8
   16488.5
   16535.3
   16747.3
   16932.9
   17212.1
   17541.8
   17581.1
   17689.4
   18212.3
   18236.0
   18650.5
   18986.5
   19216.7
   19659.4
   19686.4
   19720.0
   19736.3
   20499.8
   20570.8
   20643.6
   21003.8
   21016.8
   21178.1
   21211.9
   22153.9
   22203.8
