     323.1
     658.7
     830.3
     920.3
    1237.5
    1468.0
    1825.2
    1885.8
    2006.2
    2020.7
    2194.5
    2232.6
    2258.1
    2459.9
    2772.2
    3185.2
    3354.4
    3451.8
    3482.8
    3497.4
    3577.6
    3655.7
    3799.0
    4078.0
    4106.2
    4174.7
    4433.1
    4985.0
    5399.9
    5403.4
    5431.3
    5483.0
    5566.1
    5848.8
    6051.2
    6092.4
    6477.7
    6561.6
    6757.8
    7270.7
    7309.9
    7425.6
    7481.2
    7536.5
    7792.8
    7855.1
    7882.6
    8167.7
    8356.9
    8452.8
    8503.8
    8612.0
    8618.7
    8621.0
    8644.9
    9017.3
    9151.7
    9163.5
    9189.7
    9599.0
    9775.2
    9805.6
   10007.6
   10022.7
   10160.1
   10281.7
   10432.4
   10477.9
   10479.6
   10545.6
   10698.0
   10951.9
   10965.2
   11100.0
   11138.6
   11193.4
   11642.6
   11681.3
   12039.9
   12108.3
   12496.3
   12617.2
   12857.0
   12893.0
   13277.7
   13513.4
   13631.5
   13667.9
   13921.4
   14019.4
   14278.4
   14865.6
   14947.8
   15107.8
   15625.3
   15638.6
   15769.3
   15770.4
   15863.5
   16051.5
   16400.7
   16664.0
   16892.9
   16990.1
   17202.7
   17450.0
   17623.4
   17755.7
   18005.2
   18059.1
   18082.1
   18093.1
   18095.0
   18702.1
   18839.1
   18849.4
   18855.9
   18882.6
   19039.9
   19110.2
   19311.1
   19397.0
   19530.8
   19685.7
   19944.4
   20030.1
   20745.3
   21135.1
   21314.7
   21342.9
   21500.0
   21683.6
   21703.4
   21956.7
   22156.2
   22353.9
   22436.4
   22582.7
   22830.4
   22832.7
