     545.8
     809.3
     824.0
     941.0
    1279.2
    1522.7
    1678.5
    1787.8
    2378.7
    3246.4
    3635.0
    3681.5
    4180.2
    4283.5
    4447.3
    4464.4
    4813.0
    4924.6
    4939.7
    4989.3
    5263.0
    5356.2
    5569.0
    5715.4
    6213.9
    6320.3
    6467.8
    6725.3
    6903.6
    7012.7
    7194.7
    7197.9
    7657.0
    7799.5
    7984.3
    8070.0
    8089.6
    8219.4
    8503.8
    8952.4
    9864.5
    9881.2
    9910.2
    9930.5
    9964.2
    9995.6
   10527.7
   10545.0
   10572.9
   10622.5
   10845.1
   10878.3
   10936.1
   11148.9
   11173.5
   11528.4
   12113.2
   12259.4
   12514.8
   12874.0
   13008.8
   13019.8
   13235.8
   13558.8
   13702.0
   13883.6
   13971.9
   14155.5
   14190.2
   14241.8
   14546.8
   14664.9
   14822.2
   15190.4
   15698.5
   15763.8
   16099.8
   16807.1
   16816.1
   16857.0
   16982.7
   17473.5
   17947.4
   18438.3
   18698.7
   18768.7
   19029.3
   19039.4
   19053.1
   19091.6
   19332.6
   19936.9
   20035.6
   20200.8
   20379.0
   20621.1
   20733.8
   20924.8
   20970.1
   21067.0
   21073.7
   21213.6
   21242.1
   21764.6
   21779.1
   21802.4
   21960.0
   22355.6
   22841.2
