     169.6
     212.8
     596.8
     678.4
     699.2
     737.6
     926.3
    1012.9
    1119.1
    1819.1
    1885.7
    1934.8
    2174.8
    2299.3
    2362.1
    2580.1
    3403.0
    3426.6
    3441.8
    3520.0
    3639.6
    3657.0
    3809.4
    3834.8
    3903.1
    4078.6
    4086.0
    4264.6
    4447.9
    4510.2
    4569.1
    5135.4
    5276.1
    5686.9
    5896.3
    6021.7
    6187.7
    6437.8
    6559.1
    6577.7
    6998.1
    7042.1
    7131.0
    7308.3
    7322.7
    7407.0
    7426.4
    7434.6
    7707.9
    7862.4
    8182.7
    8748.8
    8897.9
    8981.3
    9045.1
    9075.6
    9107.1
    9404.1
    9886.2
    9928.6
   10034.2
   10044.6
   10379.1
   10531.7
   10640.3
   10720.2
   10747.3
   10882.9
   11226.4
   11445.7
   11674.5
   11688.6
   12079.3
   12219.0
   12332.9
   12424.6
   13362.8
   13388.5
   13496.4
   13577.6
   14125.4
   14306.9
   14338.6
   14910.5
   14963.5
   15421.1
   15539.6
   15865.4
   16800.5
   16884.8
   17006.9
   17242.3
   17498.6
   17509.0
   17575.1
   17605.3
   17750.0
   17825.2
   17837.2
   18025.6
   18090.1
   18363.4
   18814.7
   18819.3
   19132.5
   19508.6
   19714.2
   19716.7
   19748.6
   20273.6
   20428.7
   20482.3
   20610.3
   20696.3
   20814.1
   20923.5
   21527.9
   21740.8
   21869.4
   22164.9
   22261.4
   22439.1
   22518.3
   22732.5
   22957.4
