      56.3
    1061.1
    1379.3
    1538.6
    1661.8
    1721.5
    1742.8
    1880.2
    1962.3
    2341.7
    2704.2
    2741.8
    2793.4
    2886.9
    2923.2
    3134.1
    3168.8
    3177.6
    3316.4
    3374.4
    3526.6
    3563.4
    3641.5
    3667.8
    4178.3
    4189.9
    4372.6
    4484.1
    4712.6
    4906.8
    5122.4
    5411.8
    5437.5
    5575.4
    5646.4
    5726.0
    6695.8
    7053.7
    7087.7
    7189.1
    7231.8
    7379.9
    7574.2
    7629.5
    7632.7
    7673.3
    7901.4
    7956.2
    8334.7
    8468.3
    8750.6
    8952.1
    9167.2
   10283.3
   10445.4
   10487.3
   11009.7
   11016.3
   11240.2
   11385.9
   11512.0
   11772.2
   11972.6
   12203.5
   13933.3
   14297.2
   14355.7
   14643.4
   14749.9
   15212.2
   15235.9
   15301.3
   15871.7
   16089.5
   16121.7
   16191.6
   16495.3
   16718.7
   16873.4
   17074.6
   17153.4
   17186.5
   17635.2
   17794.9
   17956.7
   18777.7
   18861.0
   19302.0
   19384.0
   19582.1
   19663.2
   19962.4
   20422.1
   20478.2
   20738.4
   20945.3
   21431.1
   21474.6
   21523.4
   22224.3
   22332.9
   22413.8
   22510.9
   22811.6
   22870.5
