     861.6
     961.8
    1329.6
    1398.3
    1466.3
    1500.4
    1602.9
    1801.1
    2079.4
    2530.2
    2817.8
    3124.2
    3374.5
    3494.8
    3963.7
    4698.0
    4894.6
    5375.4
    5416.2
    5601.5
    5921.9
    6378.3
    6390.7
    6538.1
    6635.1
    6760.6
    7228.4
    7307.2
    7398.3
    7429.0
    7499.6
    7888.9
    8082.0
    8217.4
    8462.7
    8840.8
    9208.2
    9238.8
    9409.1
    9434.3
    9953.1
   10112.7
   10504.5
   10507.8
   10591.0
   10701.8
   10803.3
   10886.8
   11022.8
   11389.5
   11950.7
   12352.5
   12607.3
   12630.8
   12668.0
   12930.7
   12980.9
   13046.0
   13283.1
   13284.2
   13591.9
   13882.2
   14214.0
   14226.4
   14325.3
   14651.2
   14847.9
   15053.7
   15070.4
   15074.5
   15673.9
   16202.2
   16289.9
   16295.9
   16317.2
   16762.1
   17127.2
   17254.3
   17292.3
   17486.3
   17723.6
   17938.0
   18336.3
   18630.3
   18757.6
   19746.2
   19746.5
   19994.5
   20163.9
   20407.7
   20631.3
   20683.7
   21441.4
   21585.4
   21704.3
   22329.0
   22431.6
   22505.3
   22811.7
   22853.4
