     431.5
     742.1
     790.8
    1092.5
    1135.5
    1222.6
    1234.1
    1586.0
    1647.7
    2705.0
    3202.1
    3877.7
    4354.4
    4364.4
    4439.4
    4464.4
    4539.4
    4685.6
    5174.5
    5359.1
    5363.3
    5611.7
    5957.1
    6184.6
    6269.0
    6531.6
    6664.2
    7046.1
    7289.7
    7339.0
    7502.1
    8783.5
    9136.8
    9944.1
   10056.7
   10299.6
   10318.8
   10384.8
   10458.7
   10528.0
   10622.2
   10706.7
   10755.3
   11428.9
   11753.8
   11925.8
   12310.6
   12370.5
   12582.7
   12950.1
   13269.7
   13421.6
   13559.3
   13849.0
   14064.4
   14153.1
   14355.5
   14602.5
   14674.4
   14740.6
   14961.8
   15170.0
   15437.8
   15557.4
   15633.4
   16017.4
   16246.1
   16271.3
   16722.6
   16734.9
   16778.3
   16856.0
   17612.7
   17772.3
   17858.7
   17965.8
   18024.8
   18136.4
   18219.3
   18267.9
   18449.1
   18759.3
   19051.9
   19091.2
   19498.1
   19665.5
   19725.3
   19756.5
   20008.3
   20092.3
   20186.3
   20200.4
   20786.2
   20830.1
   20877.2
   20889.5
   20944.4
   21351.7
   21368.4
   21557.8
   21678.6
   22045.5
   22899.0
   22944.3
   22969.2
