      26.5
     288.9
     526.0
     552.8
     583.2
     667.7
    1045.5
    1088.4
    1209.6
    1350.6
    1353.7
    1386.1
    2135.2
    2187.7
    3109.9
    3912.3
    4416.4
    4598.1
    5038.5
    5172.7
    5392.2
    5436.4
    5524.3
    5563.2
    5884.4
    5939.0
    6006.7
    6092.1
    6308.4
    6479.7
    6954.2
    6969.9
    7285.1
    7468.2
    7668.7
    7711.4
    8040.9
    8252.5
    8261.8
    8530.1
    8575.4
    8843.7
    8964.5
    9109.5
    9597.9
    9619.1
   10017.7
   10093.8
   10186.6
   10214.6
   10437.6
   10791.0
   11169.5
   11913.6
   12523.7
   12605.5
   13076.0
   13104.9
   13216.1
   13250.5
   13571.7
   13660.4
   13917.9
   13978.8
   14012.9
   14173.7
   14233.4
   14303.6
   14338.8
   14514.0
   14559.8
   14591.6
   14984.3
   15008.5
   15253.7
   15282.5
   15413.6
   15421.0
   15902.6
   16727.3
   17065.8
   17103.2
   17295.7
   17785.2
   18469.3
   18691.8
   18916.1
   18976.3
   19191.3
   19337.3
   19382.5
   19416.0
   19479.2
   19600.5
   19708.0
   19857.2
   19906.1
   20579.4
   20582.7
   20623.8
   20773.0
   20829.3
   20963.3
   21271.7
   21306.9
   21420.1
   21530.2
   22123.1
   22172.7
