      74.1
      93.3
     139.9
     230.0
     569.8
     967.1
     973.1
    1512.8
    1586.6
    1588.8
    1593.7
    2078.7
    2116.7
    2221.0
    2306.1
    2442.9
    3072.1
    3177.5
    3550.8
    3551.9
    3655.6
    3667.8
    3670.3
    3909.2
    4272.8
    4321.5
    4798.3
    4979.5
    5124.8
    5464.5
    5577.2
    5862.5
    6937.6
    6959.1
    6977.7
    7519.2
    8087.4
    8128.1
    8216.8
    8489.6
    8689.4
    8740.9
    9077.7
    9207.3
    9514.8
    9871.9
    9902.4
    9935.1
   10092.0
   10346.7
   10435.0
   10542.4
   10727.1
   11021.8
   11138.8
   11244.4
   11447.5
   11510.8
   11522.2
   11796.4
   11963.5
   12109.9
   12642.2
   12682.2
   12772.9
   12922.6
   12972.0
   13149.1
   13219.5
   13261.6
   13693.5
   14245.2
   14326.4
   14355.1
   14422.6
   14644.0
   14648.7
   14703.1
   14930.4
   15047.4
   15124.8
   15317.7
   15621.9
   15691.3
   16427.2
   16530.8
   16818.8
   16942.9
   16971.0
   17627.8
   17816.2
   17981.7
   18264.4
   18447.6
   18476.6
   19014.8
   19391.8
   19407.4
   19493.9
   19529.1
   19539.6
   20191.9
   20805.6
   20920.2
   21020.0
   21333.5
   21376.1
   21684.5
   21860.6
   21916.3
   22229.8
   22287.5
   22535.2
   22563.3
   22853.0
   22869.9
   22872.2
