     184.6
     242.4
    1282.2
    1362.0
    1546.9
    1862.4
    1871.0
    2650.9
    2900.6
    2968.9
    3336.7
    3368.6
    3546.4
    3908.1
    3938.2
    3998.9
    4181.6
    4269.6
    4466.8
    4514.6
    4941.3
    4955.8
    5533.0
    6678.4
    6974.8
    7034.2
    7153.6
    7198.9
    7396.1
    7483.8
    7577.9
    7617.6
    7656.5
    8980.7
    9538.2
    9593.4
    9738.7
    9762.7
   10106.0
   10744.7
   10804.6
   10877.4
   10941.6
   11341.2
   11562.3
   11786.0
   12073.7
   12103.4
   12114.6
   12621.0
   12702.0
   13047.5
   13237.4
   13247.0
   13355.9
   13565.5
   13706.7
   14172.3
   14437.5
   14681.9
   14805.6
   14886.4
   14933.6
   15316.5
   15442.5
   15640.5
   15765.7
   15805.8
   16171.9
   16623.6
   16662.5
   16687.4
   16809.7
   16906.1
   17038.7
   17201.2
   17333.3
   17419.3
   17545.2
   17818.8
   17888.6
   18405.4
   18728.0
   18860.1
   18893.1
   19483.6
   19932.8
   20408.5
   20474.4
   20985.4
   21003.9
   21021.5
   21248.6
   21528.9
   22530.7
   22811.9
