     305.0
     428.4
     965.6
     981.1
     991.4
    1015.4
    1455.2
    1470.7
    1513.8
    1855.1
    1968.1
    2711.3
    3329.0
    3373.9
    3745.6
    4065.2
    4340.7
    4525.3
    4774.7
    4989.3
    5047.6
    5243.1
    5246.4
    6082.6
    6114.4
    6415.2
    7026.2
    7262.8
    7742.7
    8386.4
    8462.1
    8544.9
    8872.7
    9323.1
    9376.8
    9547.8
    9710.3
    9877.5
    9897.4
   10266.1
   10288.0
   10381.3
   10576.3
   10634.6
   11061.1
   11202.7
   11455.2
   11763.8
   11776.0
   12217.2
   12300.9
   12465.3
   12670.5
   12777.9
   12862.7
   12945.5
   13344.3
   13439.7
   13695.4
   13715.5
   14047.8
   14319.9
   14428.1
   14527.2
   14532.5
   14663.5
   15092.4
   15605.9
   15687.0
   15824.6
   15861.4
   16358.9
   16418.7
   16504.9
   16654.1
   16684.8
   16818.6
   17044.4
   17085.0
   17617.4
   18020.2
   18114.0
   18336.6
   18517.1
   18606.6
   18678.7
   18757.7
   18781.5
   19327.9
   19615.2
   19656.0
   19842.3
   20035.7
   20112.4
   20398.4
   21400.6
   21472.6
   21481.7
   21871.7
   21937.7
   22206.5
   22616.8
   22721.6
   22787.7
   22858.0
   22943.1
