     360.3
     436.9
     810.9
     989.0
    1060.0
    1109.7
    1228.6
    1413.9
    1789.5
    2530.9
    2653.4
    2661.6
    2897.4
    2930.6
    2951.8
    3171.5
    3672.2
    3693.5
    3743.9
    3766.1
    3812.4
    4290.6
    4295.6
    4520.1
    4624.5
    4787.0
    4851.0
    4917.0
    4992.0
    5071.1
    5115.0
    5337.9
    5338.6
    5573.9
    5749.1
    5946.7
    6005.1
    6698.9
    6918.3
    7287.3
    7331.6
    7421.0
    8078.0
    8397.1
    8536.8
    8699.0
    8747.2
    8783.1
    8931.2
    8948.8
    9073.5
    9078.6
    9258.9
    9310.5
    9389.2
    9403.6
    9428.4
    9497.5
   10432.9
   10853.8
   10990.7
   11395.2
   11610.3
   11898.5
   12167.1
   12222.9
   12272.2
   12892.2
   13084.0
   13528.9
   13680.1
   13982.9
   14027.8
   14130.3
   14131.5
   14206.6
   14517.0
   14760.8
   15297.0
   15425.2
   15559.3
   15896.5
   16002.0
   16013.3
   16015.5
   16227.2
   16437.8
   16681.2
   17061.8
   17177.1
   17825.1
   17893.7
   17922.4
   18008.8
   18070.6
   18546.1
   18671.2
   18701.1
   18729.0
   18740.6
   18839.7
   19032.7
   19070.2
   19492.5
   20053.7
   20066.4
   20208.6
   21193.4
   21229.1
   21311.7
   21524.1
   21722.3
   21740.4
   21927.7
   21967.1
   22144.1
   22293.8
   22392.0
   22699.4
   22923.7
