     224.9
     548.3
     852.7
     872.3
    1627.9
    1778.9
    1880.6
    2384.6
    2573.1
    2607.9
    2663.7
    2914.2
    3118.8
    3224.2
    3963.1
    4125.7
    4389.2
    4910.1
    5732.0
    6146.6
    6179.6
    6495.5
    6539.3
    6803.4
    6839.3
    6917.9
    7100.8
    7142.8
    7227.8
    7364.2
    7476.0
    7785.6
    8635.0
    9063.9
    9306.2
    9364.8
    9751.1
    9818.9
    9995.8
   10170.6
   10256.3
   10387.8
   10870.2
   10951.5
   11312.6
   11691.6
   11785.3
   11808.8
   12399.1
   13687.5
   13709.4
   13890.7
   13904.0
   14021.5
   14589.0
   14595.3
   14898.8
   14987.4
   15177.2
   15245.0
   16145.4
   16170.8
   16799.1
   17072.2
   17825.7
   17897.6
   18287.4
   18469.9
   18790.9
   18954.8
   19142.6
   19190.5
   19364.6
   19522.8
   19798.7
   20488.6
   20571.8
   20655.5
   21158.3
   21356.0
   21406.3
   21519.4
   21537.8
   21665.3
   21693.9
   22050.0
   22132.8
   22143.6
   22520.7
   22529.0
   22624.6
   22783.9
   22920.5
