     661.1
    1519.8
    1584.2
    1824.4
    2421.2
    2767.5
    2822.2
    2918.3
    3191.2
    3673.7
    4226.5
    4234.7
    4341.6
    4533.9
    5355.5
    5373.7
    5403.3
    5649.7
    5650.6
    5687.4
    5702.9
    6042.0
    6378.3
    6403.2
    6421.3
    6686.0
    6869.9
    6996.4
    7029.5
    7937.1
    8237.6
    8476.2
    8676.5
    8705.4
    8718.2
    8847.4
    8992.6
    9015.1
    9106.2
    9596.0
    9604.8
    9788.6
    9926.5
   10057.1
   10143.2
   10557.1
   10558.2
   10789.5
   10863.7
   10864.7
   11104.5
   11120.3
   11193.9
   11247.4
   11296.0
   11301.4
   11343.3
   11709.7
   12005.1
   12626.1
   12640.3
   12643.3
   12902.8
   13153.1
   13642.5
   13912.1
   14058.9
   14072.6
   14582.5
   14646.7
   14719.1
   15063.7
   15116.2
   15192.3
   15431.2
   15917.5
   16723.8
   16975.9
   17019.7
   17033.3
   17069.9
   17288.5
   17349.8
   17372.4
   17456.4
   17460.9
   17864.0
   17902.9
   18045.1
   18357.3
   18382.7
   18494.2
   18793.1
   19578.6
   19656.2
   19818.2
   19915.4
   20035.2
   20222.4
   20582.9
   20722.8
   20750.3
   21283.6
   21567.1
   21642.4
   21847.9
   21918.7
   21941.1
   22072.3
   22760.6
   22812.4
