      84.7
      99.1
     188.0
     196.9
     275.5
     338.5
     717.0
     822.5
    1327.4
    1459.2
    1732.3
    1811.7
    1862.3
    1941.2
    2009.9
    2050.4
    2321.8
    2501.4
    2984.8
    3102.2
    3285.0
    3915.2
    4506.1
    4900.0
    5191.5
    5408.4
    5792.4
    6102.9
    6790.7
    6947.7
    6978.1
    7456.8
    7460.5
    7481.1
    7545.4
    7839.4
    7906.0
    7919.1
    7934.7
    8050.4
    8101.4
    8197.3
    8645.5
    8680.5
    8696.7
    8911.2
    8920.1
    9112.5
    9610.4
    9798.6
    9971.6
   10144.5
   10194.3
   10358.2
   10445.1
   10451.0
   10893.4
   11233.7
   11882.5
   11921.6
   12140.3
   12456.5
   12643.9
   13058.5
   13113.5
   13152.6
   13482.2
   13949.0
   13989.0
   14133.2
   14433.0
   14561.5
   14745.3
   14764.3
   14832.0
   14989.3
   15108.8
   15236.7
   15358.8
   15455.4
   15570.8
   15657.4
   15816.5
   15897.6
   16169.8
   16430.2
   16510.2
   16542.2
   17222.8
   17453.9
   17676.3
   18184.1
   18533.8
   18544.6
   18871.8
   19057.7
   19092.2
   19441.1
   19645.9
   19672.7
   19719.7
   20169.3
   20182.7
   20609.9
   20953.4
   20983.7
   21010.9
   21244.7
   21337.7
   21756.4
   21862.5
   21921.0
   22144.4
   22287.4
   22431.5
   22719.8
   22720.4
   22797.7
   22828.9
   22901.7
