      98.2
     351.3
     580.4
     625.1
     760.2
     775.7
    1065.7
    1126.1
    1299.9
    1350.4
    1424.2
    1925.6
    1993.4
    2078.1
    2162.8
    2190.1
    2269.0
    2346.7
    2410.8
    2558.6
    3326.8
    3589.9
    4018.9
    4412.8
    4416.4
    4436.7
    4650.1
    5048.8
    5126.3
    5313.8
    5396.5
    5405.5
    5444.5
    5518.1
    5889.3
    5892.4
    6494.5
    6551.6
    6578.2
    6889.4
    7066.3
    7214.6
    7275.6
    7594.2
    7686.5
    7815.0
    7853.5
    7911.9
    8213.9
    8322.8
    8727.7
    8781.0
    8848.7
    9122.6
    9128.7
    9211.9
    9643.8
    9706.9
    9751.3
    9761.4
   10539.0
   10547.3
   10585.4
   10950.8
   10984.6
   11052.5
   11307.1
   11321.5
   11578.0
   12012.8
   12044.6
   12285.5
   12468.7
   12778.9
   13128.7
   13577.5
   13786.5
   14029.9
   14125.6
   14183.8
   14362.1
   14749.2
   15185.3
   15277.2
   15288.3
   15451.1
   15527.9
   15802.0
   15914.4
   16292.4
   16420.2
   16620.3
   16878.5
   17214.1
   17329.1
   17410.3
   17462.7
   17695.9
   17790.5
   18727.0
   18782.8
   18790.6
   18941.8
   19134.5
   19549.7
   20128.8
   20193.1
   20218.2
   20238.0
   20264.5
   20329.4
   20338.4
   20490.0
   20508.3
   20543.8
   20569.3
   21274.2
   21562.7
   21576.8
   21868.8
   22282.0
   22312.2
   22326.7
   22453.6
   22849.6
