     149.0
     272.9
     487.3
     585.5
     722.8
     789.4
     870.4
    1128.3
    1140.7
    1282.9
    1630.4
    1702.5
    2268.0
    2871.1
    2949.4
    3343.9
    3362.3
    3420.1
    3479.5
    3829.8
    3862.7
    3954.5
    4282.3
    4387.8
    4649.4
    4822.3
    4838.5
    4987.5
    5064.5
    6007.5
    6173.2
    7022.4
    7105.0
    7322.8
    7576.0
    7762.7
    7783.1
    7941.9
    7976.2
    8540.2
    8594.4
    8645.2
    8645.9
    8706.8
    8717.2
    9058.9
    9357.0
    9556.0
    9980.2
   10016.7
   10101.1
   10741.3
   10824.2
   11697.3
   12149.8
   12275.3
   12816.0
   13234.4
   13503.4
   13562.9
   13571.1
   13799.5
   13902.3
   14019.9
   14187.9
   14194.8
   14468.5
   14733.7
   14761.0
   14770.7
   14842.8
   14968.5
   15047.2
   15167.8
   15269.2
   15494.0
   15599.5
   15658.2
   15692.0
   15756.7
   15923.6
   16056.3
   16229.9
   16262.8
   16284.8
   16466.7
   16735.1
   16808.9
   16986.2
   17296.7
   17316.7
   17317.6
   17470.0
   17538.5
   17540.7
   18001.4
   18247.8
   18326.9
   18714.8
   18841.0
   19482.6
   19598.9
   19992.9
   20005.8
   20102.9
   20379.5
   20419.9
   20787.1
   21035.7
   21087.1
   21146.2
   21938.7
   22101.6
   22137.3
   22228.3
   22295.5
   22430.6
   22449.2
   22517.3
   22710.6
