     145.1
     298.7
     429.6
     461.4
     615.6
     704.9
     713.7
     783.0
     857.2
    1402.7
    1716.9
    1770.4
    2021.4
    2576.9
    2644.3
    2806.3
    2908.9
    3081.3
    3229.2
    3394.0
    3454.3
    3521.0
    3621.0
    3770.1
    4278.8
    4322.0
    4360.8
    4460.8
    4738.0
    5381.7
    5619.1
    5821.9
    6021.3
    6433.6
    6639.5
    7382.4
    7402.8
    7514.4
    7685.2
    7709.9
    7974.5
    8279.7
    8557.4
    8792.6
    9250.7
    9512.8
    9640.8
    9842.4
    9865.5
    9934.0
   10283.1
   10505.8
   10632.5
   10814.1
   10839.6
   11294.3
   11335.3
   11363.1
   11583.1
   11902.8
   12754.9
   13222.5
   13661.0
   13690.3
   14038.4
   15042.3
   15127.9
   15299.9
   15922.7
   16033.9
   16074.4
   16237.4
   16413.5
   16497.1
   16614.2
   16723.3
   16807.0
   16930.5
   17275.7
   17302.2
   17411.4
   17828.7
   18020.9
   18093.2
   18543.8
   18561.0
   19176.5
   19394.0
   19574.5
   19864.8
   20489.4
   20581.9
   20663.9
   20771.4
   20904.4
   20995.7
   21571.1
   21783.7
   22091.2
   22283.5
   22603.3
   22750.9
   22781.2
   22794.0
