      33.9
     236.4
     524.8
     832.3
     846.1
     870.3
    1082.8
    1112.3
    1352.9
    1366.6
    1404.9
    1509.5
    1644.3
    1670.1
    1681.6
    1793.9
    1840.7
    1860.0
    2352.8
    2624.5
    2973.9
    3055.9
    3268.5
    3706.3
    3869.3
    4118.5
    4348.4
    4477.9
    4559.5
    4932.2
    5368.4
    5507.3
    5634.2
    5792.6
    6214.2
    6375.0
    6816.7
    7125.9
    7355.8
    8059.9
    8147.7
    8406.3
    8674.8
    9096.7
    9373.6
    9751.4
   10401.6
   10498.0
   10646.8
   11180.2
   11309.5
   11658.2
   12329.4
   12363.9
   12395.2
   12899.4
   13337.5
   13541.4
   13702.9
   14249.8
   14556.7
   14568.8
   14638.8
   14720.7
   14809.2
   14809.9
   14814.8
   14827.1
   14867.2
   14931.5
   15028.9
   15126.4
   15254.6
   15276.6
   15292.7
   15556.4
   15599.3
   15847.6
   16087.9
   16448.2
   16541.4
   16582.3
   16592.8
   16783.7
   16872.5
   16878.0
   17169.7
   17323.5
   17800.7
   18021.2
   18335.0
   18631.3
   19115.6
   19289.1
   19513.1
   19559.1
   19571.7
   19757.9
   20300.1
   20753.4
   20984.4
   21043.4
   21055.5
   21216.8
   21312.7
   21401.2
   21560.6
   21596.0
   21972.7
   22131.2
   22151.1
   22242.7
   22279.9
   22575.2
   22648.3
   22708.1
