      53.4
     217.1
     282.8
     616.6
     673.3
    1117.8
    1199.8
    1403.2
    1459.9
    2020.6
    2077.4
    2154.1
    2167.3
    2665.5
    2734.3
    2877.9
    3040.2
    3260.9
    3897.5
    4018.3
    4049.3
    4809.8
    4846.5
    5231.0
    5235.7
    5577.5
    5674.9
    6460.6
    6868.9
    7187.4
    7300.1
    7397.5
    7400.2
    7424.5
    7582.8
    8363.9
    8619.8
    8716.5
    8734.5
    8755.5
    8909.5
    9084.2
    9149.4
    9340.3
    9600.2
    9654.2
    9891.6
   10024.8
   10097.2
   10342.6
   10728.4
   10902.1
   11413.8
   11415.4
   11656.3
   11706.0
   11729.1
   12335.6
   12339.3
   12436.1
   12503.5
   12817.6
   13162.1
   13179.7
   13197.2
   13432.7
   13454.0
   13459.9
   13759.6
   13864.9
   13975.6
   14029.7
   14479.3
   14771.4
   14945.4
   15290.2
   15680.0
   15965.8
   15969.2
   16126.3
   16338.2
   16450.0
   17274.2
   17414.5
   17710.1
   17731.8
   17832.7
   17954.0
   17987.7
   18015.0
   18305.9
   18668.4
   18689.4
   18693.3
   18848.7
   18879.5
   18929.7
   18988.1
   19797.7
   20407.5
   20534.3
   20979.7
   21112.9
   21196.6
   21467.1
   21620.9
   21865.7
   21942.6
   22555.5
   22806.3
   22835.9
   22855.3
