       7.0
     105.5
     160.5
     405.8
     748.1
     785.5
    1255.0
    1397.5
    1421.3
    1823.6
    1891.3
    2232.5
    2275.3
    2289.5
    2371.7
    3028.0
    3032.6
    3444.8
    3472.4
    3487.9
    3978.7
    4093.3
    4115.1
    4610.0
    4659.8
    4671.7
    5430.8
    5606.8
    5811.2
    6355.8
    6788.0
    6812.5
    6974.7
    7156.5
    7196.0
    7281.4
    7469.7
    7494.9
    7506.9
    7624.8
    7860.4
    7927.7
    8047.4
    8834.2
    8998.3
    9447.6
    9993.5
   10078.9
   10082.1
   10165.7
   10254.4
   10323.2
   10414.3
   10520.6
   10787.6
   11103.0
   11235.8
   11387.3
   11790.8
   11883.1
   11900.6
   11987.6
   12184.5
   12453.0
   12485.8
   12716.5
   12837.2
   12924.4
   12956.2
   13176.0
   13354.8
   13466.0
   13483.5
   13582.7
   13756.6
   13792.3
   14420.3
   14961.3
   14975.1
   15063.0
   15083.1
   15271.4
   15622.3
   15683.4
   15749.8
   16075.4
   16441.0
   16679.4
   17220.2
   17441.7
   17487.7
   17961.7
   18173.5
   18292.4
   18716.7
   19071.4
   19215.2
   19276.0
   19733.4
   20011.4
   20032.2
   20522.7
   20565.3
   20880.7
   21181.6
   21188.5
   22151.1
   22706.6
   22709.7
   22852.4
   22921.7
   22963.3
   22978.9
