       1.8
     343.5
     761.8
    1082.7
    1463.1
    1634.7
    1659.1
    2082.1
    2171.9
    2414.8
    2465.7
    2633.8
    2996.6
    3219.4
    3224.5
    3802.7
    4321.3
    4604.0
    5223.3
    5550.2
    5613.6
    5658.0
    5715.0
    5861.0
    5884.7
    5906.7
    5990.5
    6358.1
    6384.8
    6950.4
    7458.4
    7708.1
    8708.3
    8717.0
    8738.4
    9104.5
    9611.7
    9864.1
    9891.7
   10289.4
   10534.0
   11077.4
   11127.7
   11243.0
   11266.0
   11602.9
   11650.0
   11918.2
   12070.6
   12184.3
   12512.9
   12777.7
   13174.3
   13193.6
   13412.4
   13451.8
   13576.5
   13665.7
   13815.6
   13833.1
   14196.9
   14215.7
   14636.0
   14834.3
   15019.0
   15331.7
   15629.3
   16572.6
   16750.1
   17892.9
   18018.2
   18181.3
   19823.3
   19870.5
   19933.7
   20113.9
   20538.7
   20922.2
   21081.5
   21226.4
   21241.3
   21700.2
   21779.0
   22128.9
   22242.5
   22264.7
   22450.0
   22593.2
   22825.0
   22837.3
