      76.0
     930.5
    1045.6
    1280.2
    1325.2
    2027.1
    2168.2
    2183.4
    2335.2
    3087.5
    3514.7
    3640.6
    3661.7
    3810.8
    3988.3
    4926.0
    5032.3
    5140.6
    5245.2
    5559.5
    5645.8
    5820.2
    6063.8
    6071.0
    6415.2
    6475.3
    6764.9
    6877.2
    7009.0
    7123.3
    7601.4
    7687.8
    7719.3
    7811.9
    7835.5
    7925.8
    8108.1
    8214.4
    8272.4
    8334.9
    8427.2
    8780.9
    8868.0
    9052.1
    9253.2
    9834.4
    9919.9
   10037.4
   10163.6
   10324.8
   10753.1
   11147.5
   11160.0
   11526.8
   11566.7
   11602.3
   11691.6
   11704.8
   11728.5
   12531.2
   12586.9
   12712.3
   12755.4
   12839.8
   12862.7
   13063.6
   13511.7
   13642.8
   14020.1
   14168.7
   14236.0
   14255.5
   14271.1
   14582.7
   14636.2
   14868.1
   14957.7
   15151.5
   15252.0
   15653.1
   15692.4
   15741.2
   15917.6
   15946.0
   16818.8
   16938.4
   17031.4
   17157.9
   17967.2
   18057.6
   18150.1
   18205.2
   18286.7
   18347.5
   18819.2
   19093.1
   19658.4
   20183.6
   20229.1
   20265.1
   20413.0
   20439.9
   20615.1
   21231.7
   21301.2
   21425.0
   21707.5
   21744.1
   21863.1
   22154.5
   22252.9
   22452.6
   22851.6
