      56.8
      73.4
     163.5
     417.4
     465.6
     564.7
     595.8
    1054.9
    1228.9
    2130.7
    2192.0
    2326.0
    2354.5
    2439.3
    2460.9
    2595.3
    2657.6
    3173.5
    3194.8
    3372.3
    3460.2
    3598.4
    3888.4
    4051.6
    4144.1
    4338.8
    4344.9
    4425.1
    4653.1
    4708.1
    4812.6
    5069.3
    5251.8
    5495.2
    5807.7
    6187.7
    6408.0
    6714.1
    6754.7
    7031.9
    7126.3
    7554.8
    7813.3
    7817.5
    7893.2
    7980.7
    8210.8
    8308.3
    8590.3
    8660.8
    9064.7
    9485.6
    9548.8
    9669.2
    9939.5
   10138.4
   10148.0
   10434.7
   10467.4
   10821.6
   11033.1
   11073.1
   11258.0
   11434.1
   12122.8
   12367.7
   12428.0
   13017.9
   13516.4
   13596.5
   13699.2
   13735.9
   14258.1
   14339.7
   14483.7
   14501.4
   14636.6
   14655.9
   14712.3
   15101.4
   15265.4
   15350.4
   15733.7
   15777.5
   15791.8
   16498.1
   16684.6
   16825.6
   16989.9
   17168.1
   17290.3
   17301.4
   17409.7
   17530.6
   17571.6
   17876.4
   18618.5
   19178.4
   19295.0
   19591.8
   19775.3
   20211.2
   20535.6
   21048.9
   21605.8
   21611.7
   21668.4
   21675.5
   21847.9
   22312.9
   22413.6
   22912.2
   22955.1
