      95.7
     135.5
     917.5
    1272.9
    1744.8
    1755.6
    1817.1
    1878.5
    2310.1
    2405.1
    2491.0
    2545.6
    2580.3
    2833.4
    2884.2
    2992.9
    3008.7
    3162.2
    3223.5
    3400.8
    3578.7
    3648.6
    4148.5
    4178.9
    4282.4
    4732.0
    4876.4
    5039.9
    5127.5
    5140.4
    5150.2
    5300.5
    5389.0
    5399.4
    5400.5
    5593.1
    5604.6
    5619.9
    5762.6
    5904.3
    5916.4
    5928.7
    6319.8
    6331.6
    6387.0
    6505.2
    7409.7
    7504.3
    7748.5
    7758.5
    7931.6
    7969.9
    8223.2
    8234.9
    8311.3
    8648.9
    8739.4
    9112.0
    9161.2
    9267.4
    9481.6
   10053.7
   10077.9
   10692.1
   10729.6
   10877.4
   11222.8
   11251.6
   11551.1
   11609.3
   11865.7
   11876.5
   12061.6
   12472.1
   12563.1
   12802.5
   12849.9
   12994.2
   13100.3
   13105.2
   13303.5
   13329.1
   13766.5
   13771.4
   13849.7
   14049.0
   14128.8
   14188.5
   14340.5
   14455.2
   14477.6
   14697.1
   14976.5
   15284.1
   15318.6
   15503.0
   15682.4
   15934.0
   16064.5
   16076.5
   16186.1
   16294.0
   16474.1
   16739.7
   17326.8
   17714.5
   17787.8
   18085.5
   18248.2
   18883.0
   19016.0
   19222.3
   19565.7
   19983.3
   21191.5
   21284.7
   21642.6
   21915.8
   21999.7
   22141.5
   22217.7
   22355.4
   22536.3
   22584.7
   22625.4
   22631.6
   22767.9
