     242.3
     530.5
     577.0
     636.0
     680.3
     978.2
    1377.9
    1459.8
    1478.6
    2182.6
    2531.5
    2678.0
    2846.6
    2981.9
    3526.8
    3680.5
    4167.7
    4246.9
    4755.2
    4811.0
    5244.7
    5298.2
    5437.3
    6323.8
    6439.9
    7049.0
    7656.8
    7853.9
    7933.5
    8122.4
    8155.6
    8178.4
    8562.1
    8631.3
    9178.3
    9268.9
    9534.9
    9820.8
    9834.3
    9934.6
   10173.7
   10718.5
   10725.0
   11011.5
   11059.2
   11189.8
   11631.4
   11650.0
   12248.8
   12289.8
   12606.4
   12867.7
   12926.9
   12981.1
   13310.1
   13376.1
   14092.0
   14132.6
   14178.5
   14514.7
   14565.5
   15175.7
   15299.5
   15311.9
   15553.9
   15738.9
   16104.6
   16326.4
   16343.1
   16401.5
   16792.6
   16802.8
   16976.8
   17073.2
   17353.0
   17433.0
   17597.6
   17702.6
   17749.0
   18317.4
   18470.3
   18580.6
   19203.7
   19242.7
   19292.5
   19363.1
   19504.5
   19534.2
   19762.1
   20096.1
   20195.1
   20608.6
   20731.3
   20857.0
   21072.2
   21172.1
   21191.8
   21353.2
   21483.6
   21536.5
   21639.7
   21666.9
   21687.9
   21748.0
   21768.2
   21807.4
   22345.5
   22569.9
   22616.3
