     134.1
     257.0
     446.1
     447.5
     607.2
     637.0
    1013.4
    1285.4
    1457.0
    1706.9
    1995.7
    2230.2
    2791.6
    3009.2
    3635.1
    3834.5
    3987.7
    4513.2
    4515.3
    4525.5
    4691.3
    5057.9
    5129.4
    5166.4
    5573.4
    5815.9
    5909.0
    6077.6
    6379.9
    6487.0
    6710.9
    7517.7
    7640.4
    7934.0
    8123.8
    8424.5
    8500.2
    9358.3
    9366.8
   10046.1
   10165.0
   10428.2
   10606.7
   10914.3
   11322.2
   11427.8
   11541.2
   11628.2
   11769.4
   11804.6
   12142.1
   12344.1
   12407.3
   12662.1
   12676.1
   12696.1
   12719.7
   12801.5
   12921.2
   13151.7
   13243.8
   13767.4
   13877.7
   13910.0
   14252.6
   14266.8
   14562.8
   14738.9
   14878.9
   14883.6
   14967.8
   15103.1
   15228.7
   15368.7
   15434.2
   15453.4
   15732.9
   15972.2
   16018.9
   16343.1
   16363.4
   16452.7
   16485.1
   17027.1
   17282.6
   17351.7
   17650.7
   17667.5
   17818.2
   17838.8
   17911.9
   17933.1
   18214.2
   18277.2
   18303.9
   18417.2
   18452.4
   18621.5
   18709.5
   19203.4
   19520.9
   19879.3
   20119.1
   20471.2
   20904.3
   20994.9
   21140.3
   21194.2
   21346.0
   21434.2
   21452.5
   21541.0
   21703.7
   21918.2
   22030.7
   22428.9
   22624.3
   22651.7
   22688.9
