     128.4
     483.5
     943.0
    1228.6
    1520.0
    1668.9
    1684.2
    1999.3
    2077.4
    2080.9
    2238.5
    2417.9
    2496.8
    2530.4
    2551.6
    2703.2
    2939.0
    2985.3
    3131.2
    3193.7
    3240.1
    3454.6
    3901.1
    4389.6
    4474.5
    4486.3
    4578.9
    4656.0
    4659.3
    5086.3
    5409.2
    5506.3
    5655.6
    5719.8
    5733.7
    5860.7
    5957.2
    6477.5
    6659.7
    6736.5
    6761.4
    7025.3
    7281.5
    7316.3
    7443.7
    8140.1
    8210.9
    8405.2
    8517.6
    8670.6
    8747.9
    8912.7
    8941.8
    9143.1
    9208.5
    9663.5
    9747.3
    9829.9
   10159.1
   10346.6
   10420.9
   10607.0
   10837.0
   10935.5
   11257.7
   11569.0
   11654.7
   11834.6
   11867.2
   11927.9
   12070.4
   12124.6
   12178.2
   12324.6
   12536.9
   12649.9
   12690.0
   12891.6
   13179.6
   13333.3
   13453.3
   13457.2
   13504.3
   13602.1
   13839.8
   14025.4
   14089.4
   14192.6
   14513.7
   14655.2
   15461.8
   15674.7
   15733.2
   16537.5
   16696.1
   16698.9
   16758.8
   16878.1
   16917.6
   16938.2
   16955.4
   17447.6
   17484.8
   17620.7
   17769.6
   18013.4
   18578.8
   18598.8
   18820.0
   18830.7
   19114.0
   19322.9
   19356.8
   19401.6
   19802.7
   20063.9
   20553.4
   21104.8
   21191.5
   21507.8
   21932.4
   22065.0
   22361.2
   22675.2
   22765.8
   22904.1
