     543.8
     773.9
    1248.3
    1449.5
    1645.1
    1802.4
    1945.0
    2520.4
    2779.3
    3032.8
    3060.2
    3146.6
    3461.2
    4164.9
    4419.8
    4442.7
    4481.0
    4546.1
    4930.8
    5363.2
    5447.9
    5803.5
    6017.5
    6061.7
    6101.1
    6202.7
    6369.8
    6401.3
    7479.9
    8208.4
    8257.7
    8278.4
    8322.3
    8656.8
    9128.2
    9143.8
    9366.1
    9567.9
    9914.9
   10250.7
   10675.4
   10913.9
   11130.2
   11324.4
   11589.5
   11662.5
   11753.3
   11972.7
   11988.9
   12121.7
   12133.4
   12304.4
   12341.4
   12955.6
   12968.1
   13037.7
   13531.0
   14609.2
   14799.7
   14821.6
   14912.2
   14944.3
   15087.8
   15280.1
   15314.4
   15480.7
   15568.7
   15737.9
   16614.7
   17974.7
   18149.6
   18524.3
   18710.9
   18846.1
   18941.6
   19163.0
   19278.4
   19326.2
   19670.9
   19875.2
   20100.0
   20571.5
   20626.5
   20645.3
   21564.8
   21575.0
   21719.8
   21730.5
   21788.3
   21790.9
   21800.5
   22016.1
   22196.0
   22398.1
   22983.8
