      44.9
      67.8
     128.5
     263.1
     337.8
     388.7
     847.5
     857.4
     965.8
    1037.9
    1075.5
    1087.6
    1186.2
    1405.5
    1461.0
    1523.6
    1607.2
    1698.6
    2142.1
    2167.7
    2227.9
    2510.6
    2594.2
    2631.6
    2681.2
    2853.8
    3184.7
    3193.4
    3251.7
    3739.5
    3746.1
    3895.5
    3918.3
    4074.0
    4100.1
    4170.7
    4224.5
    4344.0
    4481.8
    4526.8
    4533.1
    4534.3
    4668.4
    4987.4
    5025.7
    5413.7
    5469.1
    5565.9
    5952.5
    6026.3
    6288.3
    6657.4
    7086.2
    7296.4
    7376.8
    7685.5
    8039.0
    8152.3
    8339.1
    8535.6
    8647.8
    8695.0
    8715.3
    8938.8
    9042.5
    9122.7
    9160.3
    9268.0
    9418.8
    9419.9
    9703.7
   10039.9
   10061.7
   10175.3
   10209.3
   10212.8
   10229.1
   10434.6
   10823.8
   11026.8
   11444.5
   11479.6
   12129.4
   12348.6
   12484.0
   12665.8
   12849.4
   13280.5
   13522.4
   13522.9
   13753.3
   13760.1
   13901.2
   14196.9
   14510.9
   14788.7
   14909.3
   14920.3
   14937.8
   15013.2
   15165.9
   15210.9
   15218.9
   15624.8
   16049.2
   16064.8
   16077.4
   16110.5
   16130.5
   16246.2
   16649.4
   16799.3
   16948.0
   17565.8
   17612.0
   17639.9
   17646.1
   17689.7
   17852.9
   17891.0
   18136.4
   18142.7
   18268.8
   18422.6
   19260.9
   19571.8
   19593.3
   19915.6
   20426.2
   20611.0
   20885.7
   21447.8
   21598.6
   21613.5
   21699.5
   21763.8
   21874.1
   21938.5
   22131.6
   22254.7
   22256.3
