     207.4
     742.6
     903.8
    1002.4
    1164.8
    1215.7
    1331.1
    1355.7
    1409.8
    1573.4
    1666.2
    1875.7
    1891.2
    2093.0
    2790.0
    3388.8
    3433.7
    3486.9
    3517.7
    3949.6
    4196.9
    4238.2
    4259.4
    4526.0
    5317.8
    5320.6
    5429.4
    5510.4
    5740.1
    5859.8
    5867.7
    5879.5
    6515.2
    6794.5
    6825.6
    6989.8
    7131.8
    7141.7
    7491.4
    7491.6
    7504.8
    8093.3
    8188.1
    8195.6
    8903.0
    9050.8
    9166.3
    9555.8
    9742.5
    9962.9
   10248.0
   10498.8
   10614.7
   10666.3
   10956.1
   11113.9
   11193.7
   11499.4
   11861.0
   12146.8
   12383.1
   12397.9
   12440.2
   12480.9
   12588.0
   13003.0
   13092.8
   13500.1
   13553.4
   14018.8
   14111.9
   14156.9
   14235.6
   14737.1
   14743.2
   15135.1
   15164.2
   15237.2
   15345.9
   15597.3
   15951.9
   16242.5
   16249.1
   16662.7
   16719.7
   16873.7
   16882.8
   17726.3
   17958.7
   18074.5
   18689.5
   18865.3
   18900.5
   19021.3
   19132.3
   19311.7
   19315.7
   19362.0
   19371.9
   19402.6
   19684.8
   19716.5
   19945.6
   20132.5
   20144.1
   20386.5
   20422.8
   20539.7
   20759.4
   20800.8
   20959.8
   21227.6
   21269.9
   21284.8
   21415.5
   21596.5
   21710.7
   21809.3
   21968.7
   22058.4
   22262.3
   22279.7
   22412.7
   22642.2
   22974.9
