      59.8
     404.7
     806.1
     910.5
    1334.9
    1377.0
    1984.0
    2544.4
    2725.9
    2859.2
    3423.5
    3508.2
    3550.5
    3780.6
    4013.9
    4107.4
    4134.6
    4984.1
    5010.8
    5078.2
    5091.2
    5115.5
    5176.5
    5316.9
    5632.4
    6100.7
    6125.6
    6158.7
    6311.4
    6905.6
    6958.0
    6997.7
    7059.6
    7133.3
    7210.2
    7786.5
    8382.9
    8588.9
    8847.1
    8851.4
    8922.6
    9134.5
    9441.1
    9660.4
    9811.6
    9970.9
   10055.5
   10092.6
   10406.4
   10571.2
   10628.3
   10696.7
   11025.1
   11257.8
   11314.7
   11742.5
   12161.8
   12563.3
   13006.0
   13232.0
   13551.4
   13935.1
   14051.6
   14237.3
   14360.6
   14445.0
   14677.1
   14894.3
   15312.2
   15504.8
   15615.7
   15904.6
   16127.3
   16233.6
   16817.9
   16849.2
   17023.0
   17224.4
   17369.6
   17721.1
   17981.4
   18444.0
   18582.3
   18761.1
   18893.9
   18998.9
   19238.5
   19247.9
   19288.5
   19292.5
   19969.7
   20220.9
   20323.1
   20533.4
   20543.7
   20559.3
   20954.7
   21182.5
   21470.4
   21567.6
   21839.7
   21920.4
   22161.2
   22173.3
   22279.4
   22436.6
   22806.0
   22896.6
