     127.8
     996.2
    1148.5
    1731.0
    2093.6
    2220.3
    2331.0
    2508.5
    2529.4
    2787.5
    2958.6
    3081.4
    3124.4
    3379.8
    3417.2
    3512.9
    4368.3
    4560.9
    4868.0
    4978.9
    5016.8
    5571.7
    5838.1
    5870.2
    6202.0
    6668.4
    7347.6
    7523.3
    7550.2
    7620.8
    7712.2
    7885.9
    8143.6
    8214.4
    8262.3
    8414.7
    8431.4
    8578.4
    8799.5
    8838.8
    9244.2
    9291.6
    9438.3
    9470.1
    9644.3
   10271.4
   10280.9
   10379.4
   11022.5
   11096.9
   11113.3
   11389.2
   11884.0
   12289.9
   12591.9
   12672.8
   12812.8
   13068.1
   13122.9
   13275.0
   13316.3
   13343.8
   13428.6
   13718.0
   13834.5
   13955.4
   14168.2
   14187.8
   14406.3
   14570.3
   15191.3
   15232.1
   15247.3
   15259.8
   15463.3
   15848.5
   16333.8
   17017.4
   17121.2
   17131.5
   17148.9
   17383.9
   17394.6
   17499.6
   18006.5
   18057.4
   18124.3
   18331.2
   18359.4
   18378.0
   18583.1
   19374.4
   19853.2
   20052.4
   20108.4
   20138.2
   20164.7
   20186.2
   20549.9
   21432.6
   21661.0
   21908.3
   21939.9
   22295.3
   22304.5
   22662.3
   22699.6
