     180.5
     313.4
     471.2
     783.1
     961.1
    1198.2
    1607.1
    1624.7
    1789.8
    1839.4
    1909.3
    2044.2
    2230.0
    2341.0
    2467.2
    2541.1
    2549.7
    2636.6
    2691.6
    3047.5
    3170.1
    3574.6
    4000.1
    4004.7
    4185.4
    4300.2
    4465.4
    4812.7
    4818.9
    5201.7
    5331.4
    5454.3
    5484.8
    5552.1
    5639.6
    5741.6
    6083.7
    6366.5
    6452.8
    6463.9
    6523.0
    6527.4
    6594.6
    6982.6
    7223.9
    7362.6
    7569.8
    7803.0
    7817.6
    7848.9
    7870.7
    8236.8
    8382.0
    8557.7
    8563.0
    8781.9
    8816.1
    8842.7
    9034.1
    9187.4
    9191.5
    9396.2
    9445.1
    9547.2
    9550.8
    9728.3
    9896.9
    9910.8
   10534.5
   10615.3
   11078.2
   11354.5
   11414.9
   11439.8
   11488.7
   11491.6
   11642.9
   11832.1
   12099.6
   12340.7
   12377.5
   12482.5
   12500.8
   12625.8
   12721.8
   12753.7
   12938.5
   13260.3
   13344.1
   13373.4
   13416.5
   13465.3
   13497.5
   13647.8
   13653.9
   13705.8
   13719.7
   14146.8
   14486.3
   14832.1
   14936.5
   14944.0
   15044.4
   15053.4
   15186.6
   15739.4
   16251.3
   16540.9
   17007.6
   17334.4
   17393.8
   17613.1
   17708.3
   17750.6
   17839.4
   17944.6
   18005.0
   18050.6
   18055.0
   18068.3
   18512.7
   18709.5
   18848.1
   19042.9
   19097.8
   19133.1
   19175.5
   19185.0
   19235.3
   19326.9
   19634.1
   19731.7
   19806.5
   19810.4
   19914.0
   20284.3
   20410.0
   20567.1
   20613.4
   20696.8
   20790.5
   20833.9
   20863.4
   20913.4
   20935.6
   21243.2
   21568.7
   21838.1
   22201.1
   22275.1
   22280.4
   22414.9
   22661.4
