     148.2
     216.2
     313.7
     372.5
     398.8
     506.0
     790.3
     882.2
    1061.6
    1226.3
    1369.2
    2034.5
    2296.4
    2380.8
    2415.5
    2464.2
    2565.1
    2711.8
    3078.9
    3232.8
    3244.4
    3382.7
    3534.2
    4028.2
    4195.8
    4208.1
    4687.3
    4974.2
    5057.2
    5235.6
    5413.4
    5415.3
    5541.3
    5552.7
    5595.8
    5807.5
    5859.0
    5901.3
    5977.4
    6027.7
    6493.4
    6799.5
    6968.8
    7062.0
    7111.4
    7131.0
    7274.0
    7276.2
    7475.8
    7846.1
    8325.9
    8339.7
    8732.4
    9173.6
    9275.9
    9581.6
   10014.8
   10037.1
   10263.6
   10382.5
   10445.8
   10551.7
   10803.6
   10829.0
   10863.9
   11027.3
   11098.1
   11287.3
   11502.5
   11891.8
   11926.3
   12768.1
   12935.9
   13057.5
   13388.0
   13789.0
   14480.8
   14680.9
   14966.2
   15121.8
   15330.0
   15964.9
   16306.8
   16395.9
   16607.1
   16813.0
   17192.6
   17252.0
   17377.0
   17458.2
   17504.4
   18806.0
   19115.8
   19362.5
   19420.7
   19462.3
   19597.8
   19618.0
   19626.2
   19856.9
   20148.9
   20238.3
   20353.5
   20390.5
   20792.1
   21307.4
   21327.9
   21905.2
   21966.9
   22123.3
   22254.1
   22524.8
   22781.8
