     423.8
     618.4
     688.4
    1012.8
    1046.8
    1223.0
    1332.7
    1649.8
    2147.7
    2227.7
    2276.8
    2370.0
    2404.4
    2431.8
    2495.1
    2591.9
    2594.6
    2924.7
    2996.4
    3157.8
    3207.9
    3436.6
    3681.6
    3770.1
    3970.9
    4104.4
    4695.3
    4940.7
    4957.3
    5083.4
    5099.2
    5166.7
    5312.6
    6030.0
    6117.7
    6212.3
    6503.8
    6666.1
    6699.0
    6767.7
    7043.2
    7170.6
    7351.1
    7397.1
    7431.1
    7583.4
    7699.9
    7719.5
    7732.3
    7995.5
    8619.2
    9254.6
    9361.2
    9366.7
    9501.8
    9547.7
    9660.7
    9723.0
    9747.7
    9901.6
   10227.8
   10447.8
   10517.6
   10712.6
   11182.9
   11509.7
   11646.8
   11735.8
   11743.3
   11976.8
   12061.4
   12143.1
   12553.1
   12669.8
   12779.8
   13053.1
   13151.4
   13323.8
   13351.8
   13446.7
   13553.3
   13633.1
   14188.4
   14344.0
   14673.8
   14862.9
   15395.0
   15579.1
   15603.8
   15932.5
   16727.8
   17179.6
   17273.0
   17375.9
   17420.5
   17972.9
   18159.6
   18227.6
   18282.0
   18291.6
   18447.6
   18643.6
   18919.5
   19385.2
   20220.2
   20465.6
   20975.4
   21353.6
   21647.2
   21828.9
   21836.5
   21965.0
   22054.4
   22971.5
   22985.2
