     516.9
     640.2
     781.9
     988.3
    1124.0
    1466.6
    1616.1
    1735.8
    1900.0
    2251.6
    2541.8
    2611.6
    2611.7
    2628.6
    2690.9
    3450.6
    3469.2
    3737.8
    4060.7
    4069.4
    4091.7
    4157.4
    4511.7
    4676.4
    4704.4
    4871.1
    4931.9
    5012.6
    5077.7
    5385.6
    5420.1
    5741.9
    5999.6
    6089.2
    6129.0
    6391.7
    6615.8
    6722.5
    7266.3
    7287.9
    7351.6
    7491.5
    7563.1
    7601.2
    7855.8
    8121.9
    8300.6
    8665.5
    8738.5
    8767.6
    8819.9
    8826.3
    8878.2
    9046.8
    9111.2
    9296.3
    9355.5
    9435.1
    9471.8
    9499.6
    9804.5
    9886.8
   10295.2
   10937.3
   10975.2
   11479.4
   11523.3
   11587.5
   11962.3
   11971.1
   12272.6
   12341.9
   12541.4
   12971.5
   13263.1
   13457.8
   13492.3
   13514.4
   13654.5
   14176.4
   14192.1
   14297.5
   14354.9
   14409.9
   14487.9
   14610.5
   15015.5
   15070.3
   15196.8
   15246.8
   15248.9
   15592.1
   15758.7
   16112.5
   16726.4
   17019.6
   17113.8
   17287.1
   17523.0
   17745.4
   18075.6
   18165.0
   18184.8
   18606.2
   18803.7
   18819.1
   18849.7
   18971.3
   19503.2
   19535.0
   19547.6
   19564.1
   19604.5
   20229.6
   20353.3
   20606.5
   20970.1
   21051.5
   21090.1
   21162.1
   21342.0
   21482.1
   21662.9
   21992.7
   22172.4
   22195.6
   22222.1
   22245.4
   22792.1
   22915.1
   22998.2
