      67.0
     623.0
     941.4
     962.1
     980.4
    1039.2
    1122.8
    1363.9
    1368.2
    1446.2
    1527.3
    1580.1
    1795.0
    1948.5
    2150.3
    2451.2
    2565.4
    2615.6
    2761.0
    2902.1
    2937.8
    3000.1
    3173.7
    3610.2
    3788.2
    4026.2
    4063.7
    4688.3
    4700.3
    4810.7
    5488.6
    5591.1
    6743.3
    6779.7
    7003.2
    7082.0
    8202.8
    8248.4
    8256.9
    8260.2
    8749.8
    9734.4
    9951.4
   10160.4
   10235.9
   10867.5
   11510.5
   11526.0
   11599.0
   11697.4
   12103.5
   12515.2
   12749.8
   12756.5
   13541.0
   13945.8
   14666.7
   15171.3
   15420.6
   15507.7
   15639.7
   15917.5
   16245.7
   16547.9
   16554.8
   16708.8
   16849.9
   16949.6
   17207.2
   17424.0
   17498.6
   17895.5
   18041.6
   18590.6
   18598.0
   19327.2
   19337.4
   19495.3
   19597.2
   19610.3
   19625.0
   19662.9
   19887.4
   19974.2
   19998.5
   20658.6
   20670.9
   20797.6
   21073.2
   21395.8
   21591.0
   21650.3
   21966.1
   22069.5
   22179.3
   22644.6
   22665.0
   22802.6
   22826.1
