      63.8
    1426.5
    1449.2
    1659.7
    1801.0
    2206.1
    2525.9
    2695.2
    2711.1
    2754.9
    2922.3
    3197.3
    3311.4
    3971.0
    4128.7
    4249.5
    4584.1
    4635.4
    4695.1
    5084.5
    5335.9
    5584.6
    5978.0
    5995.0
    6214.2
    6329.6
    6494.0
    6722.5
    6792.1
    7497.9
    7753.2
    7768.0
    8447.4
    8635.4
    9180.8
    9284.0
    9551.8
    9742.1
   10002.0
   10053.1
   10284.1
   10368.9
   11024.5
   11103.8
   11123.0
   11437.7
   11583.2
   11601.5
   11719.2
   11776.8
   11782.6
   12129.9
   12304.4
   12388.7
   13162.2
   13349.6
   13679.4
   13923.7
   14036.0
   14083.4
   14150.1
   14264.0
   14305.4
   14564.7
   14972.1
   15078.1
   15143.3
   15353.3
   15363.0
   15623.6
   15709.4
   15846.5
   15920.4
   15953.8
   15991.3
   16134.3
   16149.3
   16260.5
   16523.2
   16527.5
   17002.5
   17178.8
   17404.3
   17489.8
   17607.4
   17612.8
   17614.3
   17654.3
   17965.5
   18027.0
   18116.5
   18137.5
   18260.4
   18805.2
   19029.3
   19096.7
   19141.5
   19273.9
   19730.1
   19739.7
   19880.2
   20163.8
   20655.4
   20706.1
   20772.3
   20947.3
   21440.0
   21464.7
   21790.8
   22220.0
   22457.0
   22597.1
   22846.6
