     340.0
     348.3
     432.4
     683.9
     744.7
     785.6
     788.3
    1001.6
    1371.3
    1386.0
    1574.4
    1591.9
    1632.0
    2079.4
    2434.5
    2628.8
    2758.4
    2831.0
    3684.9
    3725.0
    3768.9
    4065.5
    4187.2
    4319.0
    4401.4
    4507.3
    4706.6
    4755.1
    4775.5
    4795.2
    5046.2
    5115.6
    5442.0
    5676.5
    5689.6
    5716.5
    5815.0
    6364.0
    6448.7
    6454.5
    6502.5
    6709.6
    7606.2
    7699.6
    8258.5
    8360.9
    8369.1
    8703.5
    8756.3
    9271.1
    9345.2
    9615.9
    9879.8
    9947.2
   10016.9
   10018.2
   10073.6
   10313.2
   10436.1
   10451.6
   10809.7
   11003.6
   11020.9
   11090.8
   11101.2
   11149.5
   11278.9
   11411.9
   11772.9
   12180.9
   12248.8
   12743.1
   12780.9
   12803.4
   12917.8
   13111.4
   13179.6
   13234.9
   13726.9
   13798.0
   13909.5
   13931.7
   13939.5
   13948.7
   14046.4
   14135.5
   14137.2
   14333.8
   14419.4
   14529.2
   14672.2
   15294.9
   15407.0
   15585.5
   15988.3
   16133.9
   16440.6
   16557.7
   16565.2
   16684.7
   16996.5
   17304.9
   17879.4
   18213.9
   18227.6
   18330.9
   18537.5
   19116.9
   19222.6
   19521.7
   19602.6
   19676.6
   19761.3
   19805.7
   19915.2
   20091.0
   20365.8
   20518.3
   20523.7
   20913.6
   21200.7
   21607.7
   21808.8
   21850.9
   22091.0
   22818.7
   22862.6
