     562.6
     684.3
    1017.9
    1063.7
    1541.9
    1592.5
    2009.2
    2213.3
    2229.6
    2358.1
    2805.4
    3191.5
    3230.9
    3421.5
    3722.7
    3873.6
    4016.2
    4604.2
    4659.4
    4993.7
    5173.0
    5225.5
    5949.3
    6355.2
    6721.7
    6792.0
    6957.3
    6961.7
    7055.3
    7118.0
    8241.2
    8425.3
    8510.3
    8857.1
    9356.9
    9370.3
    9507.9
    9646.5
    9695.9
   10035.2
   10133.3
   10433.0
   10454.2
   10473.0
   10690.2
   10923.6
   11343.5
   11361.2
   11509.9
   11924.8
   12062.7
   12622.7
   12841.2
   12958.5
   13283.2
   13616.5
   13756.0
   14244.6
   14546.7
   14822.7
   14928.6
   15305.6
   15397.0
   15431.5
   15529.3
   15640.7
   15680.4
   15854.0
   16440.2
   16470.1
   16724.3
   16774.2
   17221.5
   17289.4
   17540.9
   17953.7
   18166.2
   18273.7
   18350.9
   18760.3
   19020.9
   19488.4
   19953.6
   20160.9
   20550.2
   21202.5
   21382.6
   21533.9
   21636.5
   21683.6
   21814.6
   21875.1
   22182.1
   22290.8
   22327.9
   22649.4
   22712.8
   22749.3
   22876.6
   22917.5
