      43.3
     158.3
     306.5
     757.3
     764.8
     823.1
     913.2
    1017.4
    1147.8
    1366.3
    1783.7
    1848.2
    2633.5
    3323.3
    3493.4
    3798.7
    3827.4
    4300.4
    5004.8
    5099.9
    6550.4
    6631.3
    7053.6
    7089.4
    7257.7
    7312.3
    7619.8
    8183.7
    8210.7
    8232.8
    8364.8
    8394.5
    8649.6
    8890.2
    8912.9
    9090.4
    9414.2
    9491.4
    9607.6
    9632.0
    9928.9
   10054.0
   10189.4
   10604.2
   10849.4
   11297.0
   11611.0
   11778.0
   12022.2
   12235.9
   12469.7
   12488.3
   12656.9
   12671.2
   12708.3
   12720.3
   12735.3
   12742.6
   12860.0
   12979.9
   13493.6
   13565.2
   13611.9
   13627.8
   13948.4
   14636.7
   14860.2
   14990.0
   15180.7
   15408.5
   16244.3
   16434.3
   16453.6
   16579.0
   17010.0
   17213.8
   17333.1
   17363.6
   17367.2
   17789.9
   17952.7
   18089.9
   18105.4
   18252.4
   18510.6
   19138.4
   19160.3
   19306.5
   19414.5
   19628.4
   19948.9
   20238.3
   20323.2
   20336.0
   20362.3
   20676.6
   20917.3
   20965.7
   21158.5
   21228.8
   21785.9
   21876.7
   21911.5
   22189.5
   22221.8
   22267.6
   22718.7
   22762.5
   22968.4
