     549.9
     604.0
    1227.9
    1439.7
    1515.9
    1525.8
    1541.2
    1780.8
    1957.4
    2362.0
    2431.3
    2491.4
    2522.2
    2728.3
    2931.6
    3016.2
    3105.6
    3122.3
    3281.2
    3444.7
    3545.6
    4690.8
    5209.0
    5367.1
    5754.6
    6072.6
    6385.4
    6472.8
    6483.1
    6550.6
    6815.6
    6832.5
    7379.3
    7442.9
    7823.8
    7838.0
    7845.7
    7878.2
    8319.1
    8511.9
    8577.5
    8616.6
    8668.8
    8733.5
    9056.9
    9477.1
    9797.1
   10321.9
   10452.2
   10615.6
   10892.2
   11107.5
   11166.1
   11683.0
   11970.8
   11973.3
   12257.8
   12796.5
   12860.3
   12896.6
   12985.6
   13165.8
   13565.6
   13600.0
   13735.6
   13847.4
   13974.0
   13998.8
   14112.2
   14160.4
   14348.2
   14451.7
   14615.2
   14636.8
   14680.2
   14744.8
   14966.2
   15221.2
   15246.7
   15249.2
   15345.9
   15888.5
   16767.6
   17564.4
   17822.7
   17825.6
   17976.1
   18055.0
   18295.7
   18531.4
   18640.0
   18737.2
   18847.6
   18881.9
   18973.7
   19161.1
   19222.6
   19289.4
   19517.4
   19845.3
   19879.6
   20062.4
   20202.8
   20257.0
   20471.4
   20532.8
   20680.1
   21332.7
   21518.5
   21861.1
   22008.1
   22089.1
   22335.1
   22443.6
   22481.5
   22584.5
   22940.0
