     725.5
     900.5
     972.0
    1231.4
    1577.8
    1595.6
    1692.9
    1784.1
    1936.0
    2125.9
    2166.2
    2511.8
    2525.8
    2537.0
    2948.5
    3064.4
    3107.4
    3227.3
    3342.9
    3359.2
    3435.8
    3950.2
    5145.3
    5172.2
    5196.3
    5414.4
    5491.3
    5705.1
    6120.8
    6256.4
    6308.6
    6412.1
    6453.4
    6613.6
    6725.1
    6878.3
    7075.6
    7132.8
    7250.6
    7387.0
    7835.9
    8044.1
    8467.7
    8599.2
    8742.0
    8753.7
    9088.6
    9372.0
    9429.9
   10129.5
   10176.5
   10695.7
   10707.6
   10891.1
   10980.2
   11162.4
   11272.0
   11775.5
   11990.8
   12106.1
   12110.1
   12196.1
   12259.0
   12429.8
   12464.3
   12836.4
   12949.0
   12974.8
   13111.9
   13334.4
   13437.2
   13599.2
   14137.2
   14246.7
   14426.2
   14491.7
   14641.9
   14689.3
   14867.6
   15161.9
   15556.9
   15752.5
   15846.4
   15897.9
   16025.3
   16115.9
   16297.2
   16506.1
   16784.0
   16910.1
   17148.2
   17248.0
   17292.9
   17603.9
   17673.8
   17783.4
   17832.2
   17838.2
   17989.6
   18065.9
   18103.3
   18103.7
   18268.2
   18304.1
   18489.7
   18555.1
   18555.3
   18947.1
   19007.8
   19262.0
   19446.6
   19614.1
   19615.1
   19665.5
   19739.1
   19888.4
   20023.4
   20032.7
   20050.6
   20245.1
   20312.2
   20542.0
   20559.5
   20568.3
   20724.7
   21105.1
   21340.4
   21412.0
   21605.9
   21610.9
   22353.1
   22790.2
