      13.6
      53.9
     108.8
     112.5
     298.5
     538.3
     972.3
    1133.5
    1316.7
    1466.3
    1531.9
    1781.1
    1820.0
    1884.4
    2183.9
    2303.7
    2312.1
    2411.7
    2701.4
    2855.0
    3191.7
    3225.8
    3623.8
    3641.4
    3777.2
    4222.1
    4262.5
    4653.3
    4719.9
    4731.0
    4845.9
    4927.6
    4976.3
    5385.3
    5701.6
    5804.7
    6162.6
    6297.0
    6348.3
    6962.3
    7712.6
    8050.4
    8446.6
    8715.8
    8816.4
    8894.0
    9116.3
    9223.7
    9307.9
    9872.8
    9909.0
   10295.0
   10475.4
   10968.3
   11172.7
   11386.1
   11678.8
   11745.8
   12141.6
   12145.9
   12230.1
   12405.4
   12441.9
   12509.2
   12525.1
   12906.0
   13220.3
   13274.6
   13287.9
   13546.4
   13616.0
   13799.1
   13868.5
   13917.0
   13944.7
   13970.5
   14146.5
   14972.0
   15122.7
   15238.0
   15716.7
   15727.8
   15899.6
   16143.4
   16386.2
   16685.8
   17174.5
   17373.5
   17438.6
   17927.0
   18353.8
   18756.6
   18760.7
   18875.7
   18889.9
   18916.7
   18993.0
   19027.8
   19087.6
   19281.6
   19386.0
   19522.5
   19585.5
   19636.0
   20188.9
   20212.2
   20257.6
   20317.2
   20341.3
   20440.4
   20590.0
   20846.7
   20890.4
   20940.3
   21142.7
   21399.5
   21559.3
   21839.6
   22286.9
