      33.3
     532.2
     697.5
     972.9
    1303.0
    1429.3
    1680.1
    1696.3
    1731.4
    1823.0
    2016.1
    2142.7
    2464.3
    2999.7
    3464.5
    3482.1
    3838.2
    4005.3
    4019.3
    4544.7
    4730.6
    4871.7
    5035.0
    5185.1
    5208.4
    5552.2
    5800.3
    5826.6
    6079.0
    6154.1
    6254.7
    6303.4
    6794.2
    6863.0
    7032.5
    7096.6
    7111.9
    7122.2
    7302.5
    7403.4
    7440.7
    7478.0
    7657.2
    7975.0
    8098.4
    8219.4
    8434.4
    8595.8
    8673.6
    8768.8
    9185.2
    9361.7
    9968.5
   10109.7
   10178.6
   10205.7
   10243.5
   10283.6
   10420.6
   10445.2
   10775.2
   10937.4
   11322.5
   11792.5
   11918.6
   11964.0
   12147.9
   12450.2
   13119.1
   13632.0
   13947.6
   15015.4
   15092.2
   15385.0
   15445.3
   15512.9
   15597.1
   15637.2
   15848.7
   15956.4
   17136.3
   17141.7
   17170.2
   17171.6
   17417.0
   17577.3
   18012.1
   18319.0
   18763.1
   19275.3
   19481.2
   19571.6
   19723.8
   19936.0
   20783.1
   20791.0
   20878.8
   21141.5
   21310.1
   21337.0
   21380.3
   21382.6
   21561.3
   21568.9
   21631.5
   21731.3
   22034.2
   22109.6
   22247.3
   22349.5
   22362.2
   22870.7
