     340.1
     418.1
     730.2
     793.6
    1651.4
    1749.3
    1829.4
    2587.3
    2674.5
    2896.0
    2935.0
    3071.1
    3341.2
    3445.3
    3633.6
    4171.3
    4296.8
    4459.3
    4502.9
    4586.6
    4707.0
    5116.8
    5194.8
    5545.1
    5602.4
    5625.4
    5638.9
    5692.6
    5946.6
    5950.9
    6042.9
    6056.9
    6219.1
    6248.1
    6486.2
    6560.9
    6574.9
    6580.3
    6619.5
    6977.7
    7045.4
    7160.8
    7217.4
    7428.1
    7777.1
    8422.1
    8654.3
    8689.8
    9121.1
    9590.6
   10037.1
   10291.9
   11008.8
   11230.5
   11605.7
   11620.3
   11781.8
   11952.5
   12279.6
   12686.7
   12842.7
   13086.0
   13434.1
   13617.4
   13803.7
   13916.1
   14192.4
   14321.6
   14396.2
   14640.5
   14824.5
   14827.2
   14926.0
   15171.3
   15274.8
   15517.2
   15637.8
   15874.0
   16935.6
   17011.4
   17130.2
   17133.1
   17266.5
   17800.2
   17875.5
   18395.3
   18528.1
   19000.0
   19176.2
   19224.1
   19341.4
   19561.6
   19726.0
   19926.6
   20259.9
   20262.0
   20697.1
   20793.5
   20980.1
   21069.0
   21156.2
   21253.8
   21349.5
   21382.1
   21549.5
   21589.7
   21806.1
   22281.9
   22635.3
   22677.5
   22698.0
   22835.3
