     112.4
     368.8
     516.8
     614.3
     691.2
     731.5
    1133.7
    1149.5
    1294.0
    1441.0
    1625.2
    1671.3
    1719.5
    1887.5
    2030.8
    2240.8
    2276.9
    2358.3
    2447.9
    2535.2
    2627.6
    3766.9
    3813.5
    3902.2
    4032.0
    4114.9
    4540.1
    4803.6
    5789.0
    5830.8
    6361.7
    6417.0
    6436.6
    6615.6
    6653.7
    6754.3
    6813.1
    6937.7
    6959.0
    6987.1
    7184.5
    7572.3
    7889.1
    8315.1
    8727.2
    8855.2
    8904.3
    8974.5
    9398.5
    9510.6
    9676.5
    9873.1
   10042.9
   10067.0
   10075.1
   10284.0
   10550.0
   10606.4
   10642.1
   10888.3
   11184.0
   11222.8
   11361.4
   11439.0
   12025.7
   12120.0
   12271.6
   12456.5
   12468.4
   12472.4
   12703.1
   12991.0
   13012.3
   13911.9
   14145.2
   14151.4
   14222.9
   14423.6
   14614.8
   14692.8
   14783.2
   14797.5
   14853.1
   14950.1
   15188.9
   15331.0
   15485.6
   15520.9
   15582.5
   15661.4
   15816.9
   16653.5
   16658.4
   16801.7
   17186.4
   17396.8
   17476.8
   17544.5
   17644.0
   18172.8
   18230.1
   18283.7
   18339.4
   18364.4
   18958.1
   19125.9
   19171.1
   19403.3
   19635.4
   19766.2
   20070.3
   20092.0
   20191.1
   20196.2
   20256.5
   20599.7
   20650.4
   20659.9
   20754.4
   20899.1
   21773.0
   22032.9
   22294.1
   22847.3
   22908.1
