     127.5
     148.3
     221.2
     505.3
     781.0
    1013.8
    1171.4
    1344.2
    1654.1
    1888.9
    2029.8
    2588.5
    3076.1
    3181.4
    3304.9
    3880.7
    3978.7
    4036.3
    4176.7
    4377.0
    4658.3
    4711.3
    4856.7
    4996.2
    5006.5
    5103.1
    5253.0
    5265.8
    5308.7
    5397.1
    5444.4
    5481.7
    5578.5
    5720.4
    5855.0
    5857.4
    5878.2
    6459.9
    6729.7
    6882.0
    6885.3
    7024.9
    7026.9
    7075.0
    7225.9
    7461.5
    7615.5
    7731.6
    7732.1
    8836.4
    8923.8
    8938.4
    9154.0
    9425.9
    9538.3
    9669.2
    9853.8
    9876.3
    9912.1
   10092.4
   10141.2
   10165.9
   10197.5
   10308.3
   10325.5
   10364.1
   10624.4
   10694.2
   10760.1
   11082.4
   11156.7
   11170.2
   11586.5
   11878.6
   13162.5
   13295.6
   13614.4
   13965.6
   14075.1
   14099.7
   14109.6
   14262.4
   14326.6
   14928.1
   15053.4
   15075.5
   15506.6
   15509.0
   15803.1
   16238.2
   16700.8
   16945.4
   17107.5
   17294.7
   17333.1
   17361.8
   17417.5
   17618.3
   17742.3
   18136.1
   18151.1
   18295.9
   18351.2
   18565.3
   18608.1
   18989.6
   19034.8
   19109.0
   19347.4
   19364.8
   19477.0
   19605.9
   20072.5
   20259.2
   20347.9
   20364.1
   20545.1
   20678.5
   21969.4
   22167.9
   22211.4
   22812.0
