     223.4
     346.5
    1411.3
    1431.7
    1502.3
    1961.8
    2122.6
    2614.9
    3195.3
    3377.1
    3665.5
    3666.6
    3858.7
    3881.0
    3976.5
    4194.6
    4553.8
    4685.2
    4793.2
    4958.7
    4967.0
    5134.5
    5207.2
    5435.2
    5620.6
    5766.3
    5869.0
    5971.3
    6135.1
    6147.0
    6191.1
    6342.0
    6365.0
    6413.0
    6915.9
    7062.2
    7071.2
    7251.7
    7254.3
    7430.7
    7871.6
    8061.4
    8130.6
    8231.9
    8336.6
    8492.4
    8870.1
    8870.5
    9150.5
    9255.7
    9270.9
    9360.4
    9417.7
    9491.9
    9760.7
   10114.6
   10119.2
   10427.9
   10657.2
   10997.3
   11090.8
   11206.1
   11242.2
   11260.9
   11753.2
   11903.6
   12014.9
   12392.3
   12400.9
   12542.0
   12958.6
   13125.4
   13332.4
   13386.6
   13464.7
   13587.7
   13742.6
   13930.0
   14094.3
   14101.0
   14230.2
   14453.8
   14761.8
   15177.8
   15307.2
   15545.6
   15784.3
   15800.3
   16011.5
   16096.5
   16186.1
   16422.7
   16584.4
   16706.1
   16791.9
   16794.1
   17034.0
   17049.3
   17113.3
   17383.8
   17439.8
   17581.4
   17879.2
   17884.3
   18174.1
   18504.1
   18504.2
   18600.4
   18805.1
   18923.1
   18935.2
   19048.2
   19399.3
   19402.8
   19955.2
   20329.5
   20351.9
   20415.6
   20581.8
   20827.9
   20865.5
   21302.3
   21787.7
   22291.4
   22547.1
   22628.5
