       4.8
     136.0
     211.0
     420.5
     708.3
     737.7
     815.8
     832.4
    1088.2
    1286.3
    1440.4
    1632.4
    1927.2
    2086.1
    2321.3
    2719.9
    3008.0
    3072.3
    3146.4
    3203.8
    3792.6
    3960.4
    4180.5
    4200.2
    4422.9
    5588.0
    5826.5
    6175.3
    6648.9
    7136.0
    7214.3
    7330.3
    7580.9
    7807.4
    8182.0
    8293.2
    8309.5
    8359.7
    8453.2
    8697.4
    8738.0
    8908.0
    9026.0
    9441.3
   10166.4
   10517.2
   10662.0
   10873.7
   10912.0
   11361.3
   11681.3
   11751.8
   11879.3
   11961.5
   12367.3
   12562.4
   12596.3
   12605.9
   13162.3
   13323.8
   13711.3
   14348.4
   14425.8
   14745.3
   14747.9
   15088.3
   15225.3
   15253.8
   15296.0
   15723.2
   15875.9
   15989.4
   15999.8
   16141.9
   16188.2
   16221.6
   16257.6
   16559.5
   17491.0
   17491.4
   17607.7
   17622.7
   17725.2
   17867.9
   18192.2
   19274.8
   19319.4
   19528.6
   19599.4
   19874.1
   19914.6
   20424.6
   20745.3
   21788.8
   22046.7
   22286.7
   22443.5
   22614.9
   22835.0
   22912.9
