     137.3
     144.7
     341.4
     458.6
     535.9
     807.8
    1183.7
    1207.3
    1209.5
    1311.6
    1455.8
    1553.1
    1736.1
    1850.7
    2154.0
    2278.8
    3292.0
    3308.1
    3955.4
    4279.2
    4824.0
    5330.0
    5616.1
    6334.4
    6513.1
    6612.1
    6721.9
    6813.0
    6830.4
    7364.2
    7541.7
    7839.5
    8260.3
    8427.9
    9523.9
    9588.6
    9724.9
    9756.8
   10233.3
   10691.8
   10915.8
   10927.6
   11094.8
   11160.8
   11223.2
   11366.9
   11420.0
   12037.3
   12305.7
   12357.1
   12367.4
   12552.8
   12699.3
   12889.8
   13055.1
   13092.2
   13208.1
   14117.1
   14143.8
   14294.7
   14376.7
   14523.7
   15360.5
   15442.3
   15477.4
   15494.7
   15613.1
   15825.6
   15851.7
   15893.6
   15904.2
   16230.7
   16254.7
   16488.2
   16578.4
   16626.0
   16670.6
   16737.8
   16867.0
   16919.0
   16975.7
   17089.3
   17280.7
   17323.9
   17562.1
   17586.2
   17742.2
   18074.1
   18333.6
   18496.2
   18780.6
   18936.2
   18972.8
   19038.1
   19127.8
   19243.2
   19474.3
   19478.4
   19642.1
   19852.0
   19911.8
   20457.4
   20621.3
   20903.4
   20934.7
   21272.7
   21474.5
   21479.9
   21543.1
   21545.5
   22022.3
   22107.8
   22184.5
   22318.1
   22593.2
   22603.5
   22837.8
   22925.8
