     198.3
     241.7
     538.4
     707.0
     736.7
    1050.4
    1685.8
    1724.9
    1840.8
    2031.7
    2292.6
    2410.2
    2437.9
    2479.4
    2561.0
    2590.3
    2977.1
    3252.2
    3731.1
    3763.3
    4102.8
    4135.4
    4139.3
    4548.7
    4605.5
    5438.9
    5465.3
    5734.2
    5825.9
    6223.4
    6271.6
    6459.8
    6898.4
    7094.5
    7211.0
    7242.1
    7879.6
    8031.0
    8216.6
    8282.1
    8481.1
    8523.3
    8550.8
    8559.5
    8593.9
    8604.3
    8622.1
    8750.8
    8889.9
    8905.9
    8974.7
    9183.4
    9291.7
    9353.7
    9623.5
    9736.4
    9783.4
   10143.9
   10277.7
   10293.6
   10424.9
   10474.3
   10811.0
   10969.3
   11108.2
   11270.7
   11591.5
   11821.4
   11945.7
   12110.2
   12126.8
   12137.3
   12195.9
   13116.7
   13476.6
   13715.2
   13725.4
   13800.7
   14232.4
   14265.7
   14352.2
   14581.4
   14828.6
   15221.9
   15508.5
   15890.2
   16068.2
   16111.1
   16766.8
   16867.4
   17087.8
   17213.2
   17274.3
   17354.9
   17483.3
   17676.7
   17796.3
   17901.7
   18279.9
   18328.1
   18615.6
   18731.8
   18795.5
   18821.1
   19493.8
   19509.2
   19601.6
   20034.7
   20188.4
   20427.6
   20565.5
   20848.7
   20956.4
   21293.8
   21315.7
   21395.8
   21686.8
   21734.8
   22241.2
   22327.4
   22386.2
   22496.7
   22514.2
