       2.6
     186.0
     217.9
     295.6
     558.1
     842.5
     880.8
     921.3
    1461.2
    1511.5
    1681.0
    1783.5
    2025.2
    2486.5
    3372.2
    3598.0
    3670.0
    3761.2
    3967.4
    4608.9
    4927.5
    5811.9
    5839.3
    5898.1
    6004.9
    6175.9
    6348.6
    6409.9
    6604.2
    6630.7
    6811.3
    6957.5
    7215.2
    7438.5
    7543.6
    7767.5
    8028.8
    8231.0
    8369.6
    8491.7
    8642.5
    8840.4
    8856.2
    8928.9
    9017.4
    9227.9
    9351.3
    9407.4
    9432.7
    9784.9
    9791.1
    9979.9
   10234.9
   10313.9
   10314.4
   10839.1
   10898.7
   10920.4
   11032.8
   11172.2
   11274.4
   11638.6
   11655.9
   11786.9
   12024.8
   12045.6
   12721.8
   12915.2
   13012.9
   13193.8
   13200.0
   13398.4
   13597.3
   13750.9
   14041.5
   14082.1
   14163.4
   14760.0
   14863.8
   14871.6
   14927.3
   14991.2
   15021.2
   15359.7
   15480.6
   15647.2
   15723.7
   15733.7
   15807.5
   15903.3
   16141.3
   16194.0
   16525.9
   17001.6
   17153.1
   17903.6
   18442.1
   18491.2
   18750.4
   18907.4
   18986.2
   19379.0
   19547.5
   19821.7
   20071.7
   20231.8
   20260.1
   20384.5
   20451.2
   20534.3
   20548.0
   20672.5
   20930.5
   21048.7
   21546.6
   21617.8
   21777.7
   21939.8
   22376.1
