      74.0
     335.7
     350.6
     737.9
     919.8
    1188.9
    1451.4
    1627.7
    1776.2
    1793.7
    2406.9
    2613.7
    2773.7
    3039.4
    3494.5
    4273.5
    4648.0
    4695.3
    4725.4
    4733.7
    5203.7
    5231.5
    5808.4
    5879.7
    6091.3
    6580.9
    6600.4
    6962.6
    7134.1
    7173.3
    7238.9
    7310.1
    7432.9
    7680.9
    7865.6
    7976.3
    8147.8
    8466.6
    8473.9
    8759.2
    8879.4
    9142.4
    9686.6
    9780.0
   10032.7
   10342.0
   10415.0
   10563.7
   10796.8
   11418.9
   11499.9
   11681.3
   11736.3
   11979.9
   12134.5
   12593.6
   12753.9
   13182.7
   13211.8
   13951.7
   14023.3
   14153.9
   14795.6
   14837.4
   15669.5
   15698.6
   15786.6
   15788.5
   16981.0
   17167.8
   17653.7
   17745.5
   17953.8
   18244.2
   18485.9
   18714.0
   18717.5
   18736.9
   19006.0
   19042.7
   19202.9
   19297.6
   19357.1
   19422.0
   19430.2
   19680.7
   19717.5
   20147.1
   21557.3
   22063.1
   22151.2
   22375.3
   22551.6
   22908.5
   22931.1
