      45.3
     106.3
     174.6
     407.2
     608.2
     726.2
     799.3
    1068.3
    1080.1
    1253.6
    1439.4
    1722.7
    1959.6
    2489.6
    2734.0
    3077.7
    3428.7
    3700.4
    3928.5
    4070.4
    4080.8
    4292.8
    5051.6
    5145.8
    5272.9
    5283.5
    5288.3
    5389.4
    5475.2
    5852.5
    6220.4
    6267.2
    6573.9
    6769.6
    6834.4
    6872.6
    6993.0
    6993.2
    7305.2
    7496.5
    7715.8
    8150.0
    8196.6
    8362.9
    8749.6
    8794.2
    9016.2
    9137.5
    9421.9
    9814.8
   10254.4
   10432.2
   10501.8
   10839.4
   11125.0
   11238.1
   11485.7
   11943.0
   12002.2
   12082.5
   12327.3
   12668.7
   12946.7
   13555.8
   13680.5
   13769.0
   14395.6
   14860.3
   15040.5
   15047.7
   15111.7
   15141.1
   15375.2
   15498.6
   15626.7
   15645.9
   15859.8
   15927.5
   16059.1
   16219.1
   17617.8
   17703.8
   17889.2
   18074.8
   18075.7
   18078.4
   18127.4
   18243.4
   18412.1
   18584.9
   18608.5
   18900.4
   18906.3
   19098.6
   19240.2
   19282.7
   19491.6
   19544.9
   19996.1
   20069.2
   20209.8
   20232.3
   20499.4
   20507.2
   20736.2
   20789.5
   20854.2
   21039.5
   21094.7
   21109.4
   21130.6
   22696.1
   22737.0
