     481.9
     529.6
     771.3
     832.9
    1088.5
    1570.3
    2221.5
    2487.8
    2508.1
    2703.7
    3067.7
    3306.7
    3472.2
    3796.3
    3995.7
    4039.7
    4348.4
    4444.4
    4518.0
    4801.1
    4884.2
    5110.5
    5210.8
    5385.3
    5488.4
    5608.1
    5680.5
    5743.3
    6063.5
    6247.6
    6681.4
    7299.1
    7425.0
    7690.0
    7762.8
    8448.0
    8556.3
    8688.5
    8696.2
    8846.1
    9442.2
    9442.7
    9653.9
    9740.6
   10136.9
   10506.0
   10626.3
   10770.9
   10856.2
   10930.2
   11066.0
   11186.8
   11786.9
   11825.1
   12161.9
   12183.5
   12703.3
   12891.3
   13059.8
   13412.1
   13812.2
   13815.4
   13966.8
   14192.5
   14206.3
   14859.8
   14863.1
   15085.1
   15279.5
   15530.3
   15758.9
   15764.9
   16067.1
   16096.8
   16352.9
   16583.3
   17066.9
   17284.6
   17320.0
   17835.9
   17972.7
   18106.0
   18156.3
   18703.2
   18936.0
   18975.1
   19152.3
   19324.1
   19499.4
   19519.3
   19673.0
   19880.6
   19906.6
   19908.5
   19936.5
   19986.5
   20034.0
   20058.6
   20092.0
   20295.2
   20966.4
   21120.7
   21138.3
   21746.6
   21903.0
   21957.2
   22063.1
   22434.3
   22800.5
   22821.7
