      45.7
      56.4
     143.4
     685.8
     792.6
    1033.5
    1086.1
    1330.4
    1340.8
    1487.0
    1535.7
    1960.6
    1992.0
    2029.6
    2185.5
    2191.8
    2710.8
    2813.2
    2850.9
    3010.5
    3171.1
    3208.8
    3310.9
    3462.4
    3623.0
    3683.1
    3852.6
    4061.4
    4300.3
    5423.1
    5777.6
    5870.4
    5899.5
    6316.3
    6987.7
    7494.6
    7574.5
    7886.4
    7955.4
    8267.1
    8359.4
    8364.8
    8400.2
    8664.2
    8737.2
    9210.4
    9236.1
    9389.3
    9535.1
    9539.7
    9541.4
    9562.0
    9594.7
    9770.7
   10177.5
   10532.0
   10641.3
   10729.0
   10983.7
   11012.7
   11102.6
   11139.0
   11178.4
   11200.9
   11209.9
   11320.9
   11546.7
   11768.4
   11857.3
   12468.1
   12769.0
   12837.0
   12921.6
   13190.8
   13427.4
   13453.8
   13837.5
   13972.0
   13989.0
   14276.1
   14372.2
   14760.2
   15042.6
   15559.0
   15751.6
   15776.2
   15900.5
   16595.1
   17137.1
   17228.4
   17420.9
   17545.8
   18024.9
   18308.5
   18534.5
   18893.4
   19282.1
   19289.1
   19321.0
   19794.0
   19830.0
   19959.9
   20153.0
   20334.5
   20654.3
   21051.8
   21394.1
   21475.1
   21504.4
   21885.0
   22167.1
   22554.2
   22556.9
   22851.8
