     236.1
     642.7
     956.6
    1083.5
    1723.7
    1896.2
    2004.9
    2119.1
    2399.3
    2404.4
    2492.7
    2497.3
    2940.6
    3020.6
    3730.4
    4048.3
    4139.6
    4402.4
    4753.5
    4963.4
    5015.2
    5128.9
    5137.0
    5358.7
    5471.9
    5483.9
    6114.2
    6190.6
    6324.3
    6403.0
    6427.1
    6594.6
    6660.9
    6787.1
    7140.8
    7369.3
    7468.9
    7520.4
    7720.2
    7772.9
    8560.4
    8943.2
    9070.2
    9200.9
    9366.5
    9426.3
    9539.9
    9591.2
    9713.8
    9765.9
   10201.5
   10272.7
   10319.5
   10403.7
   10840.2
   11263.8
   11316.4
   11403.6
   11741.4
   11768.4
   11768.9
   12525.7
   12628.7
   12938.8
   13092.0
   13136.0
   13164.5
   13175.3
   13269.3
   13327.1
   13673.3
   14298.4
   14459.6
   14492.0
   14688.3
   14773.4
   14911.2
   15152.1
   15281.0
   15482.6
   15659.7
   16003.2
   16211.6
   16214.7
   16248.9
   17240.5
   17315.4
   17372.2
   17478.0
   18399.8
   18434.0
   18462.9
   18509.5
   18652.5
   18767.3
   19159.9
   19192.4
   19857.0
   20292.1
   20327.0
   20818.0
   20930.0
   20944.9
   21178.8
   21297.5
   21374.8
   21392.4
   21457.9
   21846.7
   21986.8
   22216.4
   22296.0
   22419.7
   22556.3
   22807.5
   22986.3
   22987.3
