     132.2
     805.8
     918.8
    1038.8
    1453.8
    1470.3
    1569.0
    1582.2
    1753.7
    1901.6
    1905.9
    1998.9
    2004.3
    2052.3
    2387.7
    2447.1
    2549.1
    2569.9
    2775.3
    3390.2
    3717.8
    3944.2
    4189.3
    4200.8
    4279.3
    4407.2
    4544.8
    4933.7
    5206.4
    5409.1
    5965.4
    6075.5
    6155.1
    6520.5
    6890.3
    7542.2
    8144.2
    8215.0
    8244.9
    8334.4
    8705.5
    8740.6
    8880.3
    9059.0
    9464.3
   10034.2
   10116.6
   10157.6
   10310.9
   10394.2
   10420.7
   10643.5
   10810.6
   10941.3
   11276.2
   11419.6
   11781.7
   11970.3
   12079.7
   12468.1
   12929.5
   13516.9
   13665.7
   13974.9
   14258.5
   14629.5
   14833.8
   14942.5
   15094.0
   15167.1
   15270.4
   15350.4
   15621.8
   16382.1
   16387.0
   16626.5
   16702.1
   17114.8
   17307.6
   17308.8
   17315.7
   17407.6
   17711.1
   18149.9
   18457.5
   18743.8
   18768.0
   18921.5
   19379.5
   19565.2
   19657.7
   19739.0
   19902.1
   20027.3
   20450.0
   20600.6
   20666.0
   20798.1
   20986.8
   21181.3
   21401.0
   21418.5
   21420.6
   21488.6
   21511.8
   21596.9
   21666.3
   22168.0
   22243.1
   22481.0
   22597.2
   22785.2
   22833.6
   22862.5
   22915.0
   22921.4
