      93.3
     550.8
     633.8
     680.6
     898.7
     996.5
    1209.7
    1321.3
    1812.2
    1980.2
    2638.2
    2642.2
    2781.0
    3414.4
    4308.0
    4985.4
    5210.2
    5315.5
    5384.3
    5423.0
    5459.5
    5466.4
    5599.5
    6537.4
    6606.1
    6809.8
    6977.3
    6995.4
    7017.1
    7264.1
    7737.7
    8200.1
    8230.4
    8290.1
    9002.7
    9621.4
    9662.0
    9872.3
   10188.3
   10208.5
   10310.0
   10338.0
   10348.4
   10607.2
   10612.5
   10794.8
   11046.5
   11060.8
   11176.3
   11203.2
   11275.2
   11354.5
   11369.7
   11496.1
   11512.3
   11700.0
   11817.2
   12431.9
   12756.6
   12821.3
   12951.8
   13237.3
   13518.6
   13892.2
   13921.7
   14034.2
   14090.1
   14386.6
   14480.5
   14694.5
   14779.0
   15132.9
   15725.0
   15965.7
   16371.4
   16685.0
   16709.3
   16981.4
   17002.1
   17286.1
   17380.0
   18082.0
   18099.0
   18336.3
   18740.2
   18766.3
   18768.1
   18771.1
   18909.3
   19150.0
   19244.1
   19246.6
   19415.5
   19693.3
   19710.6
   19937.2
   20216.5
   20347.7
   20470.2
   20483.2
   20727.1
   20850.6
   21636.1
   21649.9
   21816.9
   21823.5
   22151.3
   22238.8
   22311.8
   22342.4
   22509.8
   22597.4
   22657.8
   22730.2
   22907.8
