     336.8
     386.6
     960.1
    1298.0
    1500.0
    1637.5
    1680.7
    1957.8
    1963.0
    2254.1
    2593.9
    2671.1
    2685.6
    3473.7
    3519.9
    3586.7
    3698.9
    3707.6
    3896.3
    3982.3
    4807.2
    5097.3
    5274.5
    5484.7
    5503.1
    5533.6
    5731.6
    5928.4
    5999.6
    6019.6
    6660.4
    6703.3
    6795.5
    7965.5
    8183.3
    8477.3
    8513.8
    8627.6
    8865.6
    9473.7
    9518.6
    9676.9
    9951.5
   10072.5
   10426.7
   10433.9
   10575.0
   10699.4
   10793.4
   10898.6
   10922.3
   11018.5
   11310.4
   11537.4
   11687.2
   11824.1
   11916.3
   12040.1
   12069.4
   12171.2
   12462.8
   12530.6
   12767.9
   12920.2
   12982.7
   13318.5
   13502.6
   13502.9
   13561.9
   13611.2
   13624.0
   13650.5
   13674.1
   13821.1
   13862.2
   14194.1
   14407.2
   14634.3
   14659.2
   14781.0
   14879.0
   14904.5
   15594.3
   15786.6
   15890.3
   15965.1
   16028.9
   16757.2
   16805.9
   16946.6
   17234.9
   17581.8
   17965.8
   18240.8
   18303.4
   18365.3
   18365.6
   18568.9
   18806.2
   18890.9
   18898.4
   18988.5
   19018.3
   19150.3
   19153.7
   19373.5
   19976.7
   20400.4
   20902.7
   21091.2
   21121.6
   21459.6
   22037.2
   22380.2
   22400.8
   22684.5
   22812.8
   22993.4
