     108.8
     219.7
     608.6
     815.3
     902.3
     924.6
     957.5
    1143.9
    1169.3
    1261.0
    2135.7
    2337.9
    2420.9
    2443.8
    2486.8
    2839.4
    2961.6
    3217.6
    3228.3
    3383.0
    3388.2
    4034.4
    4071.9
    4265.1
    4912.5
    4989.8
    5213.5
    5279.3
    5352.0
    5422.0
    5827.4
    6114.4
    6200.1
    6263.0
    6506.5
    6653.6
    6656.6
    6931.4
    6968.3
    7543.1
    7618.1
    7661.4
    7754.8
    7801.1
    8088.7
    8102.1
    8359.3
    8458.4
    8712.3
    8751.4
    8798.6
    8960.8
    9044.3
    9389.3
    9508.0
    9753.1
    9779.3
   10095.9
   10299.9
   10562.5
   10865.5
   11147.1
   11439.5
   11674.9
   11810.9
   11874.9
   12233.6
   12341.7
   12386.6
   13297.5
   13382.7
   13594.0
   13736.3
   13900.7
   13965.9
   14110.0
   14154.9
   14163.6
   14281.3
   14856.8
   15035.0
   15237.6
   15602.2
   15925.2
   15968.9
   16096.2
   16180.0
   16521.0
   16625.0
   16696.0
   16744.6
   17007.6
   17133.0
   17171.8
   17227.6
   17414.5
   17462.2
   17550.0
   17656.0
   17662.4
   17797.4
   18488.4
   18766.1
   19323.0
   19558.4
   20423.3
   20783.7
   21154.3
   21187.8
   21560.8
   21829.0
   22198.3
   22298.6
   22331.6
   22449.7
   22755.5
