      82.5
     244.3
     299.6
     509.7
     572.8
     833.9
     878.8
     910.9
    1852.4
    1865.8
    2029.9
    2099.5
    2272.2
    2343.0
    2451.9
    2544.4
    2686.8
    3054.4
    3481.0
    3721.0
    3816.5
    4312.8
    4357.6
    4636.1
    4980.9
    5118.1
    5189.6
    5543.7
    5850.3
    5964.7
    6543.4
    6752.4
    6980.1
    6989.9
    7529.2
    7565.7
    7714.3
    8172.8
    8618.4
    8621.0
    8821.2
    8879.2
    8916.3
    9435.5
    9441.2
   10100.5
   10189.5
   10263.6
   10606.9
   10854.8
   11479.8
   11820.3
   11905.6
   12119.7
   12669.3
   12696.9
   12742.6
   13409.0
   13567.2
   14979.6
   15293.9
   15294.0
   15365.3
   15538.6
   15971.6
   15982.2
   16028.1
   16252.2
   16326.0
   16399.4
   17548.2
   17797.1
   17802.8
   17984.9
   18490.4
   18630.5
   18631.7
   19040.9
   19078.0
   19323.8
   19429.9
   19477.0
   19553.9
   19595.3
   20194.8
   20313.3
   20319.5
   20326.7
   20379.1
   20432.1
   21050.8
   21229.4
   21244.2
   21400.1
   21682.4
   21744.3
   21746.9
   21936.1
   22302.9
   22310.9
   22374.9
   22731.9
   22772.7
