      80.7
     309.1
     928.4
     963.9
    1166.8
    1251.2
    1259.2
    1771.5
    1961.9
    2204.7
    2340.9
    2411.0
    2551.6
    2667.1
    2828.6
    3183.4
    3195.5
    3339.8
    3460.2
    3794.3
    3898.3
    4044.6
    4209.5
    4738.2
    4977.2
    5949.7
    5976.3
    6303.7
    6337.5
    6483.6
    6931.5
    7106.5
    7222.5
    7426.9
    7668.9
    7709.2
    7746.6
    7760.1
    7764.3
    8209.4
    8227.6
    8491.2
    8502.3
    8764.2
    8812.6
    9309.5
    9511.9
    9541.0
    9766.5
   10090.1
   10100.6
   10184.9
   10252.3
   10574.6
   11045.7
   11177.6
   11288.2
   11618.7
   11669.3
   11713.8
   12219.0
   12778.4
   13319.8
   13416.1
   13623.1
   13646.2
   13874.0
   14033.1
   14109.7
   14126.1
   14497.8
   14859.7
   14967.3
   15050.1
   15351.8
   15636.5
   15800.0
   15941.6
   16022.4
   16058.0
   16124.8
   16145.8
   16474.4
   16624.3
   16645.7
   16871.9
   17547.0
   17578.3
   17701.7
   17900.7
   18013.1
   18139.3
   18727.2
   18912.5
   19293.8
   20048.9
   20529.6
   20791.7
   21171.1
   22179.0
   22727.4
   22862.5
   22943.0
   22970.1
