      10.1
     124.6
     288.5
     424.3
     689.8
    1119.4
    1226.1
    1386.9
    1579.3
    1686.1
    1761.7
    1985.0
    2086.3
    2410.7
    2466.9
    2611.5
    2689.0
    2893.6
    2989.1
    2993.8
    3150.5
    3468.7
    3528.6
    3668.6
    3709.4
    3954.3
    4196.2
    4257.1
    4295.9
    4316.5
    4427.7
    4582.8
    4891.1
    5304.2
    6192.0
    6201.8
    6461.5
    6479.7
    6728.8
    6866.0
    6970.3
    7268.1
    7449.2
    7618.7
    7764.6
    7918.7
    7944.3
    8086.7
    8126.9
    8391.4
    8582.2
    8788.4
    8799.1
    8855.9
    9036.4
    9166.4
    9326.0
    9364.4
    9381.3
    9730.1
    9760.7
    9796.1
   10075.5
   10256.0
   10384.0
   10530.2
   11031.3
   11219.9
   11916.7
   12065.6
   12310.3
   12382.1
   12399.4
   12703.4
   12927.2
   13041.3
   13254.0
   13548.6
   13655.4
   14135.8
   14162.5
   14324.9
   14528.9
   14641.9
   14647.8
   15047.6
   15223.3
   15356.6
   15493.2
   15559.1
   15644.8
   15677.7
   16018.1
   16044.5
   16130.4
   16164.2
   16311.5
   16363.3
   16556.9
   17220.3
   17248.9
   17278.0
   17482.8
   17539.5
   17769.6
   17932.7
   18236.1
   18741.8
   19490.6
   19522.8
   19679.5
   20134.0
   20290.5
   20326.4
   20396.4
   20479.3
   21143.3
   21206.9
   21492.0
   21524.5
   21807.9
   22163.5
   22264.9
   22302.6
   22378.1
   22533.6
   22543.6
   22974.8
