      73.5
     476.4
     614.2
     718.6
     790.8
     902.9
    1019.4
    1134.2
    1230.0
    1469.7
    1661.4
    1864.7
    2049.8
    2145.9
    2210.0
    2452.0
    2602.1
    2760.0
    2898.8
    3585.3
    3908.2
    4498.8
    4612.5
    4828.7
    5134.6
    5267.3
    5470.5
    5535.9
    5797.3
    5931.8
    6091.0
    6433.7
    6881.4
    6921.6
    7102.0
    7387.4
    7595.5
    7653.7
    7812.0
    7921.5
    7966.6
    8015.8
    8110.6
    8242.0
    8464.2
    8758.7
    8796.2
    8818.4
    8966.1
    9365.7
    9425.8
    9864.1
    9889.5
    9914.5
   10380.9
   10609.9
   10864.4
   11058.3
   11235.4
   11480.6
   11501.8
   11771.5
   11943.5
   11967.6
   12098.7
   12229.9
   12677.0
   12715.2
   12860.8
   12913.2
   13209.7
   13466.5
   13480.6
   13524.2
   13611.7
   13680.0
   13686.6
   13703.4
   13722.5
   13792.6
   13910.4
   13953.9
   14804.0
   14815.3
   15247.4
   15961.3
   16146.4
   16319.1
   16651.8
   16801.6
   17071.9
   17157.3
   17523.0
   17643.0
   17936.8
   18276.3
   18280.6
   18324.3
   18518.2
   18641.9
   18653.6
   18765.9
   18782.5
   18906.8
   18923.9
   19075.4
   19209.6
   19215.6
   19233.7
   19414.8
   19440.5
   19511.1
   19613.3
   20041.0
   20257.3
   20406.7
   20621.8
   20770.2
   20911.1
   20953.9
   20976.3
   21376.0
   21585.9
   21634.6
   21735.4
   21923.5
   22003.6
   22159.9
   22621.1
   22799.2
   22970.3
