     386.3
     592.2
    1206.2
    1218.5
    1483.3
    1672.3
    2208.6
    2233.0
    2256.9
    2455.8
    2535.2
    2562.1
    2569.6
    2658.5
    2752.2
    2932.8
    3009.9
    3198.2
    3365.1
    3626.7
    3662.9
    3840.6
    4144.4
    4352.6
    4456.0
    4474.2
    4590.3
    5135.4
    5259.7
    5640.7
    6118.3
    6177.3
    6193.9
    6211.4
    6255.7
    6263.1
    7026.0
    7139.7
    7457.3
    7627.9
    7656.6
    7868.8
    7916.8
    8230.5
    8252.8
    8413.5
    8533.0
    8698.9
    9138.3
    9179.8
    9529.4
    9746.0
    9752.5
    9971.0
    9973.1
   10072.6
   10234.3
   10248.0
   10305.5
   11085.6
   11219.1
   11524.1
   11638.1
   11679.7
   11731.7
   11811.9
   12058.2
   12133.4
   12174.1
   12261.4
   12340.8
   12367.2
   12404.4
   12509.5
   12647.7
   12685.1
   12881.1
   12891.9
   13009.1
   13157.4
   13464.5
   13488.2
   13713.4
   13903.4
   14127.8
   14154.1
   14609.2
   14965.6
   15780.3
   15792.6
   16066.9
   16383.9
   16497.8
   16608.9
   16643.1
   16709.4
   16799.0
   16988.8
   17133.2
   17457.8
   17766.5
   17839.4
   17938.7
   19047.6
   19550.2
   19590.9
   19839.1
   19879.0
   19919.4
   20313.4
   20515.9
   20590.1
   20604.3
   20749.8
   21076.6
   21254.3
   21506.6
   21753.3
   21998.4
   22009.5
   22601.0
   22715.4
   22846.7
   22849.5
