     791.1
     909.3
     961.4
    1003.9
    1805.4
    1940.3
    2049.3
    2056.4
    2064.4
    2509.1
    2613.4
    2678.0
    2966.6
    3260.5
    3273.1
    3421.7
    3563.9
    3756.6
    4057.2
    4313.7
    4521.2
    4573.9
    4676.6
    5113.8
    5442.3
    5580.9
    5630.7
    5833.1
    5974.3
    6399.6
    6560.2
    6756.0
    6920.7
    7518.9
    7987.5
    8081.1
    8236.7
    8426.9
    8783.7
    8821.6
    8925.7
    9015.1
    9559.1
    9742.7
    9777.0
    9858.5
    9943.0
   10107.4
   10325.4
   10502.0
   10603.4
   10663.4
   10841.1
   10929.5
   11367.8
   11436.0
   11519.0
   11675.5
   11753.7
   12295.3
   12454.9
   12672.8
   12834.3
   12905.2
   12954.9
   13152.0
   13169.8
   13281.4
   13716.0
   14098.0
   14300.0
   14686.6
   15193.3
   15624.3
   17069.5
   17365.8
   17517.4
   17600.4
   17654.1
   17659.0
   18210.1
   18275.8
   18590.7
   18644.0
   18839.8
   18903.9
   19349.8
   19472.4
   19506.5
   19621.6
   19740.7
   20014.2
   20169.8
   20181.6
   20577.6
   21115.1
   21234.1
   21369.7
   21486.3
   21549.4
   21561.1
   22101.1
   22303.5
   22428.7
   22517.3
   22649.5
   22867.1
