     346.4
     363.5
     582.5
    1052.1
    1107.5
    1303.6
    1592.5
    2029.5
    2092.3
    2103.7
    2341.8
    2584.2
    2660.1
    2986.7
    3266.2
    3272.5
    3329.4
    3386.3
    3627.1
    3773.8
    3783.1
    4049.5
    4555.1
    4629.5
    4649.9
    4823.2
    5148.1
    5522.3
    6228.6
    6529.1
    6544.5
    6821.2
    6917.4
    7333.4
    7775.5
    8019.6
    8562.3
    8702.3
    8766.5
    8799.3
    9059.8
    9138.1
    9176.8
    9249.2
    9369.6
    9423.4
    9454.8
    9470.8
    9652.7
    9686.0
    9709.5
    9809.7
    9947.9
    9998.7
   10155.9
   10469.6
   10571.1
   10894.3
   11184.1
   11356.3
   11405.0
   11677.6
   11705.2
   11935.7
   12000.2
   12010.4
   12375.5
   12556.3
   12563.1
   12581.7
   12746.5
   12909.9
   12914.3
   12946.8
   13377.8
   13425.1
   13469.8
   13655.1
   13698.4
   13717.4
   14010.6
   14124.9
   14211.5
   14664.6
   15039.7
   15222.7
   15395.4
   15429.8
   15555.8
   15802.6
   16284.9
   16316.0
   16404.8
   16459.5
   16520.9
   16543.4
   16576.1
   16619.7
   16747.6
   17060.8
   17277.2
   17506.3
   17746.1
   17902.1
   18217.0
   18257.8
   18602.5
   18680.1
   18952.2
   18985.9
   19039.2
   19053.7
   19177.2
   19294.8
   19787.1
   19884.3
   19885.3
   20002.1
   20112.7
   20177.7
   20319.5
   20492.3
   20593.7
   20615.2
   21162.2
   21449.8
   21643.3
   21700.8
   22197.3
   22305.4
   22686.0
   22929.7
