     263.9
     439.2
     453.7
     491.0
     492.1
     641.0
    1136.1
    1194.4
    1251.2
    1436.5
    1946.2
    1980.0
    2175.2
    2217.9
    2340.9
    2617.7
    2689.5
    2974.9
    3019.8
    3097.9
    3124.2
    4554.1
    4661.1
    4753.0
    4854.4
    5342.5
    5972.0
    6051.1
    6172.0
    6280.9
    6317.9
    6321.2
    6449.1
    6632.1
    6723.7
    6911.2
    6925.3
    7068.0
    7268.6
    7301.6
    7326.3
    7781.4
    7826.2
    8776.3
    9050.9
    9309.1
    9451.3
    9474.6
    9913.0
   10119.5
   10164.5
   10385.0
   10642.1
   10766.6
   11190.0
   11419.3
   11420.6
   11484.6
   11556.4
   11590.7
   11666.6
   11671.2
   11720.6
   11757.0
   11788.3
   13179.6
   13302.8
   13536.1
   13588.8
   13793.3
   14087.5
   14690.1
   15416.8
   15610.2
   15753.5
   15887.4
   16210.6
   16842.4
   17001.0
   17061.2
   17171.3
   17263.3
   17519.1
   17593.6
   17691.1
   17750.0
   18162.6
   18533.6
   18603.0
   18665.1
   18684.7
   18957.4
   19199.7
   19296.2
   19655.6
   19714.1
   19820.6
   20045.2
   20295.2
   20556.2
   20599.0
   20634.7
   20872.7
   21111.6
   21380.3
   21391.3
   21697.6
   22174.1
   22686.9
   22742.8
   22760.5
   22844.6
   22980.9
   22983.0
