     118.6
     183.9
     492.1
     530.1
     700.0
     703.5
     708.1
    1026.9
    1078.9
    1123.8
    1519.2
    1544.0
    1616.7
    2327.3
    2993.7
    3284.4
    3458.8
    3620.1
    3694.5
    3775.0
    3831.0
    4418.5
    4477.6
    4483.2
    5009.8
    5232.4
    5330.9
    5374.2
    5475.2
    5918.7
    5955.1
    6235.4
    6293.9
    6545.5
    6650.6
    7119.7
    7645.8
    7865.2
    7934.8
    8367.3
    8875.9
    9215.2
    9414.5
    9462.0
    9889.9
   10107.3
   10135.3
   10322.7
   10465.8
   10631.2
   10724.5
   10796.8
   10856.9
   10978.6
   11012.4
   11138.0
   11853.8
   12024.0
   12084.3
   12276.7
   12323.6
   12418.2
   12448.1
   12568.7
   12703.1
   13017.9
   13159.1
   13194.0
   13307.0
   13313.4
   13435.5
   13519.3
   13978.9
   14048.6
   14192.2
   14261.9
   14378.7
   14388.2
   14552.5
   14569.0
   14910.0
   15081.7
   15950.6
   16063.3
   16121.4
   17111.7
   17595.2
   17743.4
   18023.4
   18226.0
   19158.3
   19353.1
   19558.6
   19746.2
   20514.7
   20789.3
   20836.5
   20900.5
   21190.3
   21195.9
   21681.0
   21903.8
   21920.0
   22323.8
   22549.5
   22560.8
   22701.6
   22723.9
