     231.3
     237.6
     260.5
     286.4
     481.9
     605.8
     639.7
     708.8
     849.3
     929.3
    1153.0
    1176.7
    1339.2
    1655.2
    1673.4
    1934.2
    2302.0
    2310.5
    2350.6
    2482.2
    2647.1
    3550.7
    3659.1
    3749.5
    4401.6
    4452.0
    4472.0
    4752.6
    5050.1
    5120.4
    5173.1
    5227.6
    5603.8
    5817.9
    6063.6
    6352.5
    6510.4
    6620.6
    7185.7
    7250.9
    7333.6
    7468.2
    7559.3
    7715.2
    8086.7
    8171.3
    8177.4
    8226.8
    8260.5
    8563.8
    8642.2
    8704.8
    8757.7
    8806.4
    8824.2
    8845.0
    8859.3
    8993.6
    9171.8
    9178.2
    9280.1
    9594.8
    9604.0
    9665.0
    9782.1
   10278.9
   10283.6
   10339.5
   10731.2
   10889.5
   10931.5
   11001.5
   11128.5
   11157.3
   11216.2
   11292.5
   11425.0
   11702.9
   11792.8
   11926.3
   12160.0
   12549.2
   12606.7
   12726.8
   12763.4
   12846.8
   13300.0
   13340.7
   13686.0
   13823.9
   13848.8
   14000.8
   14079.3
   14176.4
   14217.3
   14792.3
   15062.9
   15543.9
   15551.7
   15919.6
   16037.6
   16048.2
   16174.3
   16299.2
   16971.7
   17040.9
   17144.6
   17172.8
   17447.0
   17907.5
   18258.2
   18491.4
   18716.4
   18902.5
   19241.3
   19244.9
   19273.0
   19283.9
   19371.5
   19418.1
   19515.5
   19747.3
   19888.0
   20086.6
   20193.8
   20206.6
   20483.0
   20544.3
   20621.6
   20906.6
   20956.8
   20969.0
   21099.4
   21133.8
   21150.4
   21503.1
   21727.1
   21740.8
   21820.7
   21856.9
   22178.3
   22358.3
   22493.1
   22760.1
