      68.5
     373.7
     383.4
     502.9
     707.8
     736.9
     790.7
    1000.3
    1986.6
    2096.1
    2227.5
    2509.4
    2609.1
    2614.6
    2748.6
    2925.8
    3131.3
    3181.2
    3444.7
    3451.7
    3589.0
    3589.6
    3771.1
    3793.3
    3839.7
    4095.2
    4180.0
    4336.3
    5708.4
    5926.0
    6000.0
    6091.7
    6456.7
    6468.5
    6503.6
    6514.0
    6546.7
    6654.2
    6692.5
    6749.9
    6832.4
    7337.4
    7772.6
    7871.0
    8106.2
    8515.6
    8987.3
    9284.6
    9364.8
    9468.3
    9471.4
    9882.0
   10207.0
   10296.1
   10367.6
   10475.2
   10646.2
   11182.2
   11521.1
   11976.3
   12338.3
   13134.2
   13144.5
   13162.7
   13216.5
   13469.1
   13634.1
   13740.9
   13846.0
   13986.9
   14006.2
   14280.2
   14496.1
   14547.1
   14550.5
   14568.6
   14572.2
   15441.4
   15498.0
   15530.4
   15613.6
   16659.5
   16767.5
   17220.9
   17579.4
   17596.8
   17657.3
   18143.5
   18284.2
   18311.2
   18665.4
   18684.1
   19165.2
   19190.0
   19320.3
   19714.8
   19743.3
   19745.5
   20039.8
   20054.8
   20092.7
   20377.3
   20558.5
   20840.4
   20857.1
   20897.8
   21271.5
   21330.8
   21421.0
   21502.0
   21509.2
   21532.4
   22019.9
   22053.4
   22581.4
   22615.9
