     162.9
     201.6
     291.8
     394.6
     418.2
     629.0
     924.8
    1372.2
    1409.6
    1545.7
    1675.0
    1732.2
    1762.9
    1809.0
    2023.1
    2096.6
    2239.2
    2366.8
    2680.0
    2686.9
    2923.0
    2934.8
    2997.9
    3243.8
    3634.6
    3895.8
    3946.7
    4196.2
    4379.8
    5046.5
    5304.1
    5583.1
    5916.5
    5922.0
    6023.5
    6112.1
    6142.3
    6409.0
    6445.1
    6450.7
    6495.0
    6621.9
    6731.1
    6855.9
    7217.3
    7473.6
    7766.1
    7798.5
    7854.2
    7876.1
    7915.4
    8010.9
    8525.9
    9012.9
    9080.1
    9541.2
    9596.7
    9623.0
    9748.2
   10019.8
   10343.9
   10955.5
   11264.7
   11433.8
   11556.0
   12028.8
   12216.2
   12374.7
   12442.3
   12478.0
   12754.3
   12996.1
   13071.3
   13363.5
   13405.1
   13453.8
   13497.9
   13590.6
   13763.8
   13928.9
   14049.6
   14146.4
   14262.7
   14311.0
   14583.7
   14658.4
   14965.7
   15041.8
   15068.2
   15499.2
   15602.1
   15677.6
   15683.3
   15855.4
   15905.0
   16182.1
   16518.9
   16752.7
   16924.7
   17095.6
   17446.3
   17583.6
   17635.1
   17651.4
   17753.7
   18060.4
   18119.1
   18339.5
   18501.1
   18768.1
   18891.6
   18917.9
   19119.2
   19261.0
   19276.8
   19548.0
   19699.7
   21063.4
   21106.8
   21113.8
   21123.2
   21346.7
   21349.8
   21494.6
   21645.1
   21999.6
   22652.9
   22691.1
   22702.0
   22986.3
