     320.9
     523.8
     809.0
     974.4
    1291.1
    1923.8
    2232.4
    2791.6
    3208.6
    3310.8
    3314.1
    3315.0
    3600.9
    3721.8
    3724.8
    4119.3
    4152.6
    4489.0
    4860.0
    4989.9
    5215.5
    5868.8
    6425.1
    6447.0
    6564.3
    6596.2
    6614.2
    6616.4
    6679.2
    7096.6
    7126.4
    7341.1
    7342.9
    7436.9
    7725.6
    7739.2
    7806.3
    8065.5
    8261.6
    8313.4
    8772.9
    8899.5
    8905.4
    9136.7
    9387.4
    9585.5
    9619.9
    9784.9
    9986.3
   10286.2
   10326.9
   10642.2
   10693.9
   10989.2
   11079.2
   11538.6
   11558.4
   11819.8
   11887.4
   12550.8
   12662.2
   12819.7
   13150.6
   13267.7
   13317.1
   13323.0
   13583.2
   13620.5
   13797.7
   13863.4
   14061.7
   14160.7
   14412.5
   14444.5
   14757.5
   14827.4
   15174.6
   15388.2
   15570.5
   15815.8
   15909.4
   16328.0
   16339.2
   16374.8
   16463.3
   16566.4
   16639.0
   16672.1
   16774.1
   17152.9
   17741.4
   17937.1
   18147.4
   18363.2
   18586.5
   18672.0
   18772.8
   18913.2
   18997.4
   19482.3
   20124.4
   20188.2
   20335.7
   20405.4
   20629.9
   20781.7
   20860.1
   21199.6
   21574.6
   21858.2
   22344.6
   22440.5
