       5.6
      63.5
     359.7
     372.3
     642.7
     817.2
     892.5
     914.2
    1268.4
    1540.1
    1583.9
    1719.2
    1870.7
    1957.9
    2280.3
    2291.6
    2405.1
    2800.5
    3114.2
    3433.3
    3444.5
    3629.4
    3754.0
    4176.9
    4606.0
    4852.0
    4861.4
    5518.7
    5599.9
    5701.5
    6107.4
    6450.1
    6643.5
    6670.9
    7589.8
    8096.2
    8399.7
    8425.7
    9041.1
    9407.8
    9497.6
    9571.3
   10022.2
   10049.6
   10068.4
   10232.9
   10438.0
   10512.4
   10694.7
   10884.4
   10928.8
   11050.5
   11223.2
   11303.7
   11688.3
   11748.6
   11775.6
   11817.7
   11883.6
   11936.9
   12201.0
   12457.0
   12486.9
   12488.0
   12516.4
   12524.1
   13184.4
   13414.1
   13418.1
   13493.8
   13613.1
   13697.1
   13962.8
   14313.0
   14427.0
   14445.9
   14561.2
   14744.1
   14904.1
   14959.3
   15067.2
   15134.6
   15176.2
   15392.5
   15400.6
   15452.2
   15482.8
   15523.6
   15604.9
   15894.0
   16478.3
   16509.9
   16816.7
   16874.1
   16982.9
   17404.1
   17509.2
   17546.6
   18189.4
   18219.4
   18234.9
   18243.2
   18327.3
   18329.3
   18495.8
   18634.4
   18728.2
   18984.3
   19339.8
   19454.5
   19700.2
   21518.5
   21576.7
   21856.0
   22006.1
   22236.0
   22286.3
   22537.7
   22583.5
