     205.1
     245.7
     486.1
     539.2
     728.0
     887.9
    1006.0
    1065.7
    1287.0
    1356.0
    1655.0
    1860.8
    1883.6
    2045.3
    2058.9
    2114.4
    2202.7
    2281.5
    2293.1
    2539.8
    2618.0
    3143.1
    3151.1
    3215.4
    3283.1
    3289.5
    3606.4
    3738.9
    3882.3
    4294.7
    4812.3
    4985.8
    5059.6
    5575.7
    5612.0
    5719.2
    6294.4
    6627.0
    6911.9
    7531.4
    7568.4
    7708.2
    7881.2
    8016.0
    8944.1
    9270.3
    9668.8
    9806.8
   10217.8
   10343.5
   10382.1
   10441.2
   10562.0
   10925.1
   11000.0
   11158.7
   11565.5
   11588.9
   11645.9
   11733.2
   11776.9
   12078.6
   12264.7
   12331.8
   12669.2
   12754.3
   12856.6
   12979.9
   13091.0
   13452.5
   13661.9
   13742.0
   13757.1
   13834.0
   13905.7
   13909.8
   14040.9
   14399.4
   14456.2
   14516.4
   14798.2
   15106.0
   15858.5
   15986.7
   16093.5
   16163.7
   16279.4
   16368.4
   16398.6
   16664.8
   16665.4
   16733.2
   16862.5
   16948.5
   17283.5
   17532.3
   17679.2
   18072.7
   18081.6
   18819.5
   19040.2
   19784.8
   20577.7
   20583.7
   20935.3
   20982.6
   21671.4
   21682.1
   21714.9
   21929.2
   22609.1
   22908.2
   22945.9
