      28.8
     330.3
     381.0
     493.8
     519.9
     728.1
     862.4
    1289.8
    1748.1
    1993.2
    2156.0
    2385.5
    2623.2
    2679.7
    2699.0
    3477.2
    3583.9
    3752.8
    3819.7
    3940.2
    4145.6
    4259.9
    4272.3
    4475.6
    4651.4
    4897.2
    5067.7
    5179.1
    5390.3
    5516.8
    5546.0
    5643.1
    5725.0
    6043.7
    6055.5
    6064.3
    6083.6
    6481.8
    6684.7
    7108.7
    7393.9
    7394.3
    7640.3
    7714.3
    7878.6
    8245.8
    8344.0
    8722.4
    9519.5
    9626.8
    9963.8
   10444.2
   10492.5
   10561.7
   10596.0
   10695.4
   10714.9
   11257.7
   11742.8
   11968.3
   12060.9
   12102.3
   12304.1
   12595.7
   12842.9
   12982.0
   13015.1
   13228.1
   13317.6
   13503.2
   13711.9
   13872.1
   14107.7
   14700.1
   14813.5
   14835.5
   15148.1
   15219.2
   15461.2
   15481.5
   15489.0
   15566.8
   15591.3
   15664.0
   15719.8
   15913.6
   16060.1
   16216.6
   16276.1
   16514.6
   16851.3
   16932.8
   17165.4
   17389.5
   17501.0
   17536.2
   17660.7
   17924.3
   18920.1
   19105.1
   19180.9
   19225.6
   19411.9
   19618.3
   20053.9
   20147.1
   20195.9
   20313.7
   20379.5
   20482.8
   20647.8
   20673.9
   20919.9
   21082.6
   21138.9
   21195.5
   21361.5
   21505.2
   21585.0
   21812.5
   22588.1
   22855.1
   22925.5
