     152.8
     202.5
     335.2
     354.5
     455.8
     743.1
     762.4
     805.4
     848.9
    1547.1
    1982.4
    2395.1
    2567.4
    2638.4
    2678.6
    2817.1
    2917.8
    3103.1
    3309.9
    3509.0
    3598.1
    3637.9
    3773.9
    4487.1
    4564.2
    4770.8
    4846.3
    4882.1
    4981.0
    5019.3
    5057.2
    5278.0
    6256.8
    6723.8
    7389.5
    7506.7
    7669.2
    7706.5
    7959.4
    8084.9
    8254.7
    8309.8
    8506.0
    8859.3
    8958.0
    9123.6
    9282.0
    9342.8
    9343.2
    9378.6
    9416.2
    9503.4
    9570.7
   10126.3
   10194.1
   10271.8
   10289.6
   10381.7
   11025.1
   11137.6
   11694.8
   11711.4
   11839.7
   11944.6
   12193.1
   12238.4
   12247.9
   12731.9
   13389.3
   13650.8
   13972.3
   14247.3
   14444.9
   14450.2
   14594.2
   14710.9
   14781.7
   14868.7
   14870.5
   15496.0
   15498.0
   16039.6
   16273.3
   16395.7
   16872.2
   17038.5
   17469.0
   17576.7
   17888.2
   18938.1
   18972.7
   19212.2
   19266.4
   19411.3
   19624.2
   19997.0
   20027.7
   20057.9
   20356.3
   20824.1
   21109.6
   21174.8
   21234.1
   21399.3
   21674.4
   21894.5
   22064.2
   22081.4
   22167.4
   22330.3
   22469.0
   22716.6
   22927.6
