     133.6
     273.6
     420.3
    1051.5
    1158.7
    1211.5
    1433.9
    1471.2
    2038.5
    2448.4
    2537.9
    3139.4
    3180.8
    3415.8
    3577.3
    3744.9
    3806.0
    4393.1
    4591.7
    4721.8
    4804.1
    4913.0
    4958.6
    5182.6
    5201.1
    5211.4
    5376.2
    5432.1
    6479.9
    6661.7
    6677.2
    6711.1
    6774.4
    6872.4
    7159.8
    7180.9
    7478.4
    7604.3
    7972.5
    8302.6
    8812.1
    8955.6
    9117.4
    9709.2
    9951.6
    9993.2
   10248.4
   10556.9
   10650.5
   10761.7
   10763.0
   10903.2
   10913.8
   11517.2
   12097.3
   12204.0
   12605.8
   12664.5
   12726.7
   12806.1
   12825.4
   12886.6
   13052.0
   13141.7
   13360.3
   13591.4
   13642.6
   13723.3
   13830.0
   14331.3
   14474.2
   14962.5
   15552.0
   15665.1
   15790.5
   15911.1
   16159.4
   16364.7
   16743.6
   17102.0
   17255.5
   17654.1
   17698.3
   17729.9
   17912.2
   17991.1
   18029.1
   18062.1
   18213.7
   18337.7
   18339.8
   18345.3
   18401.3
   18723.4
   18869.8
   18905.3
   19079.7
   19463.1
   19973.0
   20163.7
   20374.1
   20502.5
   20925.1
   20955.9
   21128.6
   21145.0
   21332.0
   21739.0
   21822.1
   21868.7
   21996.0
   22365.2
   22406.5
   22589.3
   22792.3
   22970.7
