     120.6
     531.8
     664.6
     737.1
    1506.1
    1519.0
    1918.2
    2145.0
    2285.6
    2612.1
    2789.9
    2850.9
    2911.7
    2993.3
    3000.0
    3131.8
    3332.0
    4116.6
    4537.7
    4548.2
    4657.1
    4940.3
    5145.6
    5396.5
    5641.0
    5684.0
    5725.4
    5796.6
    6085.6
    6260.2
    6282.9
    6385.0
    6411.1
    6538.2
    6557.9
    6594.6
    6823.6
    6824.8
    6866.5
    7477.1
    8150.4
    8447.4
    8765.8
    8792.5
    8859.5
    8998.5
    9156.2
    9327.3
    9417.0
    9975.6
   10120.5
   10249.2
   10503.7
   10932.4
   11113.2
   11123.1
   11681.8
   11870.6
   12238.5
   12916.8
   13103.9
   13109.5
   13337.7
   13347.8
   13962.0
   14146.2
   14649.8
   14907.8
   15417.2
   15480.8
   15506.4
   15637.7
   15727.5
   16075.2
   16090.8
   16160.9
   16212.5
   16360.1
   16366.2
   16387.6
   16606.4
   16991.0
   17131.5
   17195.4
   17215.5
   17422.1
   17560.1
   17583.8
   18474.0
   18845.2
   18884.7
   18887.4
   19059.2
   19072.5
   19080.0
   19087.2
   19251.6
   19298.3
   19335.0
   19583.0
   20051.1
   20115.6
   20161.0
   20232.4
   20453.3
   20602.2
   21276.6
   21400.6
   21588.5
   21882.1
   21946.7
   22009.6
   22063.2
   22124.0
   22260.3
   22777.6
   22854.9
