     248.9
     255.2
     288.2
     449.6
     577.1
     797.7
     847.6
     974.2
    1016.0
    1735.1
    1747.5
    1889.4
    2038.1
    2187.8
    2575.4
    2712.9
    2976.9
    3008.0
    3473.3
    3836.8
    3856.0
    4269.0
    4456.9
    5160.7
    5501.0
    5519.6
    6315.1
    6504.4
    6580.9
    6665.8
    7497.0
    7545.8
    8135.7
    8614.2
    8884.2
    9160.6
    9622.2
    9659.1
    9773.1
   10070.9
   10713.0
   10733.7
   10767.8
   10779.7
   11647.7
   12089.0
   12593.4
   12709.9
   12723.7
   13006.2
   13233.0
   13356.0
   13433.4
   13498.2
   13699.5
   13708.7
   13793.7
   13837.5
   14254.6
   14690.2
   14800.1
   14895.9
   15191.0
   15436.6
   15699.4
   16004.3
   16148.6
   16203.3
   16244.6
   16437.5
   16509.6
   16625.5
   16883.2
   17058.2
   17267.2
   17387.4
   17509.4
   17628.7
   17793.6
   18378.1
   18810.9
   18864.7
   19137.8
   19648.9
   19933.9
   20663.4
   20894.6
   20916.0
   20944.0
   21237.3
   21373.3
   21405.5
   21429.5
   21928.5
   21976.7
   22098.5
   22329.7
   22354.5
   22686.6
   22776.8
   22783.8
   22814.2
