      93.7
     271.2
     331.8
     381.4
     501.9
     605.9
     640.3
     649.6
    1059.9
    1261.3
    1338.9
    1671.6
    1720.0
    1876.1
    2319.4
    2335.0
    2484.1
    2535.7
    2637.1
    2879.9
    2976.9
    3054.9
    3198.7
    3521.8
    3723.6
    3750.6
    4055.0
    4147.3
    4176.4
    4883.6
    5059.0
    5410.5
    5437.9
    5766.3
    5799.3
    5850.4
    6071.3
    6245.7
    6562.2
    6622.9
    6712.9
    6823.8
    7094.4
    7310.0
    7399.3
    7510.0
    7685.1
    7713.3
    7890.5
    7923.8
    8403.4
    8466.8
    8555.0
    8569.6
    8680.5
    8807.9
    9104.7
    9274.7
    9385.7
    9483.9
    9634.6
    9706.7
    9851.7
    9895.2
   10007.5
   10019.7
   10326.7
   10750.6
   10896.5
   11123.7
   11164.5
   11630.5
   11806.7
   11952.0
   11999.8
   12011.2
   12032.6
   12074.0
   13131.6
   13483.1
   13700.6
   14063.4
   14077.0
   14313.6
   14424.7
   14485.1
   14598.9
   14964.8
   15458.9
   15505.6
   15548.8
   15692.8
   16688.8
   16697.8
   16738.4
   16805.2
   17056.8
   17194.7
   17203.6
   17365.1
   17394.2
   17447.5
   17465.7
   17519.1
   17614.1
   17761.4
   17770.8
   17854.4
   18373.0
   18385.7
   18429.8
   18818.6
   18926.3
   18991.2
   19208.1
   19699.9
   19994.2
   20317.5
   20543.1
   20583.1
   20723.2
   20889.1
   20927.9
   20970.7
   20989.2
   21217.3
   21269.9
   21587.4
   21728.1
   21824.2
   22344.0
   22390.1
   22398.7
   22769.1
   22877.3
   22951.1
