     424.4
     511.0
     515.2
    1207.5
    1632.4
    2247.4
    2387.4
    2718.3
    2751.0
    2976.9
    3225.2
    3248.0
    3423.9
    3984.2
    4046.0
    4235.2
    4436.6
    4509.0
    4627.5
    4856.9
    5195.3
    5286.4
    5616.2
    5652.7
    5686.6
    6363.9
    6483.2
    6792.0
    7061.8
    7426.0
    7512.8
    7532.3
    7743.4
    7758.7
    7777.9
    7791.2
    7852.5
    7905.3
    8427.6
    8830.3
    8837.7
    8849.3
    9003.6
    9041.3
    9326.2
    9412.2
    9705.2
   10328.9
   10545.8
   10868.6
   10951.7
   11058.9
   11145.2
   11168.3
   11349.5
   11377.3
   11522.1
   11534.1
   11924.2
   12006.1
   12045.8
   12139.9
   12630.5
   12786.7
   12856.8
   13218.8
   13345.3
   13475.0
   13906.9
   14021.0
   14154.3
   14384.2
   14400.9
   15000.2
   15050.1
   15239.9
   15286.6
   15359.1
   15506.5
   15820.8
   15856.1
   15881.2
   16291.3
   16446.7
   16521.2
   16600.3
   16740.5
   16861.9
   17255.1
   17537.7
   17570.4
   17674.3
   17675.6
   17697.6
   17786.7
   18134.2
   18193.7
   18368.2
   18469.3
   18775.8
   18775.9
   18809.0
   18931.2
   18979.6
   19260.0
   19294.2
   19726.2
   19749.9
   19792.1
   19833.1
   19889.1
   19913.5
   19955.5
   19992.7
   20436.8
   20542.5
   21347.5
   21359.2
   21461.9
   21527.9
   21528.9
   21574.5
   22383.0
   22425.8
   22567.2
   22901.2
   22949.1
