      77.9
     145.8
     302.0
     392.2
     492.4
     819.4
     906.2
     937.3
     939.7
    1493.2
    1762.9
    2006.1
    2007.3
    2058.0
    2100.3
    2437.7
    2714.7
    3183.4
    3745.6
    3889.6
    4195.2
    4297.6
    4448.1
    4516.1
    4588.0
    4655.2
    4695.1
    4796.1
    5095.9
    5099.4
    5310.6
    5527.6
    5814.1
    6116.8
    6544.5
    6651.9
    7367.4
    7417.7
    7474.5
    7753.3
    7989.2
    8129.4
    8289.9
    8466.6
    8731.5
    9007.2
    9295.0
    9356.6
    9510.0
    9511.9
    9527.6
    9666.1
    9679.9
    9719.1
    9940.8
   10014.1
   10097.8
   10171.0
   10371.7
   10597.7
   10692.4
   11062.7
   11372.0
   11571.1
   11668.5
   12125.8
   12318.4
   12757.3
   12964.2
   13053.8
   13526.7
   13702.9
   13754.8
   13909.5
   13986.3
   14034.9
   14182.9
   14273.7
   14766.0
   15541.0
   15654.1
   15706.0
   15874.2
   16106.2
   16224.3
   16693.3
   16811.9
   17051.9
   17480.6
   18523.2
   18712.2
   18724.7
   19338.1
   19485.6
   19612.7
   19637.4
   19727.9
   19744.0
   20227.8
   20302.4
   20437.9
   20446.8
   20485.6
   21173.0
   21202.6
   21360.1
   21435.1
   21569.0
   21657.3
   21839.9
   22042.8
   22104.8
   22388.0
   22445.5
   22604.8
   22683.1
   22853.7
   22992.1
