     243.5
     321.2
     470.1
     533.4
     539.6
     842.3
    1053.5
    1355.2
    1438.2
    1640.0
    1782.2
    1801.7
    2267.0
    2324.8
    2717.2
    2746.7
    2944.6
    2985.6
    3140.2
    3237.7
    3384.4
    4101.3
    4298.0
    4379.3
    4492.3
    5003.4
    5419.4
    5651.3
    5680.8
    6391.1
    6392.5
    6519.5
    6592.9
    6704.5
    6792.7
    6822.4
    6892.4
    7036.7
    7081.9
    7173.1
    7303.4
    7352.5
    7516.0
    7742.5
    7766.2
    7885.1
    8243.9
    8310.1
    8387.9
    8396.4
    8877.4
    9220.0
    9281.3
    9480.6
    9863.8
    9901.8
   10096.8
   10229.7
   10657.1
   10941.6
   11236.6
   11892.4
   12258.6
   12394.3
   12422.2
   12697.5
   12739.4
   13133.0
   13180.6
   13258.7
   13332.8
   13460.1
   13547.3
   13792.6
   13863.7
   14776.1
   14806.2
   14994.6
   15044.1
   15099.5
   15210.3
   15213.2
   15243.0
   15282.6
   15691.8
   15741.9
   15887.9
   15962.2
   16659.1
   16728.2
   16945.5
   17273.3
   17911.1
   18140.5
   18302.4
   18765.6
   18841.1
   18905.1
   18976.0
   19194.1
   19217.4
   19900.8
   20416.4
   20479.4
   20513.9
   20688.6
   20696.1
   20710.2
   20739.7
   20962.9
   21296.4
   21325.4
   21535.1
   21553.9
   22273.1
   22596.2
