     474.2
     541.1
     633.9
    1076.1
    1180.1
    1603.4
    1903.5
    2250.1
    2372.2
    2900.8
    3344.9
    3746.8
    3857.0
    5413.1
    5712.0
    5715.1
    6001.7
    6069.3
    6104.1
    6239.6
    6552.8
    6561.5
    6711.8
    6747.9
    6917.6
    7501.3
    7660.4
    7728.4
    7800.9
    7915.2
    8216.3
    8366.5
    8397.8
    8461.5
    8630.1
    8941.4
    8947.7
    9695.9
    9760.2
    9974.8
   10026.8
   10036.6
   10242.9
   10256.0
   10400.2
   10482.7
   10815.0
   10961.7
   11279.5
   11361.0
   11373.8
   11608.5
   11620.6
   11787.9
   11828.9
   12001.7
   12253.4
   12405.7
   12690.2
   12818.5
   12820.5
   12950.1
   12994.8
   13212.8
   14141.5
   14386.2
   14858.4
   15424.9
   15498.6
   15508.5
   15652.3
   15772.8
   15836.3
   15910.2
   15936.2
   16500.0
   17082.2
   17104.9
   17794.3
   18052.8
   18092.5
   18312.3
   18358.7
   18790.3
   18912.8
   19535.5
   19991.7
   19998.3
   20209.5
   20289.1
   20680.3
   20851.2
   20865.1
   20949.9
   21547.1
   21575.3
   21651.7
   21680.2
   21702.0
   21844.8
   21906.8
   22573.6
   22580.2
   22738.2
   22890.0
