     151.3
     284.3
     291.1
     727.7
     813.3
    1303.0
    1503.1
    1772.5
    1824.4
    1891.7
    1896.1
    2238.9
    2364.7
    2394.3
    2892.9
    2944.2
    3061.7
    3147.7
    3443.0
    3563.4
    3654.6
    3929.4
    3952.0
    4129.6
    4306.2
    4340.9
    4686.0
    4995.3
    5253.2
    5267.3
    5330.4
    5363.8
    5455.1
    5562.1
    5597.2
    5942.2
    6081.3
    6290.4
    6341.3
    6353.8
    6495.6
    6787.9
    6840.5
    6908.8
    7070.6
    7412.5
    7478.4
    7557.6
    7753.7
    7885.5
    7959.1
    8099.7
    8310.2
    8633.5
    8729.9
    9469.6
    9520.2
    9533.0
   10033.7
   10104.8
   10266.7
   11170.9
   11331.9
   11484.5
   11493.5
   11508.5
   11669.0
   11931.4
   12359.0
   12376.4
   12563.7
   12778.8
   12926.5
   13035.9
   13132.8
   13479.7
   13512.0
   13531.1
   13823.0
   14017.3
   14185.0
   14406.6
   14440.5
   14647.5
   14851.1
   15280.2
   15356.9
   15574.0
   15661.8
   16063.2
   16303.5
   17012.6
   17412.3
   17418.5
   17474.9
   17727.6
   17756.0
   17804.7
   18108.6
   18532.4
   18754.8
   18795.2
   18931.6
   19251.1
   19306.2
   19503.6
   19575.5
   19715.6
   19911.2
   20037.1
   20891.4
   21502.5
   21715.4
   21924.4
   22192.2
