     105.1
     192.3
     214.2
     484.8
     698.9
     753.6
     801.7
    1349.2
    1501.0
    1787.3
    1994.2
    2036.5
    2236.2
    2566.1
    2570.0
    2771.8
    2772.3
    2952.3
    2996.8
    3008.0
    3036.2
    3161.0
    3242.6
    3321.1
    3396.6
    3519.9
    4267.2
    4521.9
    5459.6
    5649.2
    5869.7
    5943.8
    5983.8
    6298.0
    6498.1
    6673.0
    6795.1
    7146.6
    7468.9
    7802.9
    7880.6
    8027.8
    8123.2
    8167.5
    8352.5
    8542.1
    8609.6
    8660.7
    8769.9
    8780.4
    9668.3
    9677.5
    9913.8
   10705.3
   10715.8
   11133.5
   11333.5
   11343.8
   11506.2
   11842.1
   12030.9
   12376.3
   12443.6
   12497.0
   12562.0
   12719.1
   12854.0
   12976.1
   13046.8
   13336.3
   13372.6
   13843.2
   13916.2
   14101.1
   14244.7
   14505.9
   14528.1
   14953.4
   14981.3
   15035.7
   15076.3
   15424.6
   15463.1
   16114.0
   16160.5
   16231.4
   16289.3
   16292.1
   16340.6
   16363.7
   17008.3
   17076.3
   17576.3
   18199.4
   18788.0
   18820.1
   18939.5
   19252.1
   19410.3
   19447.6
   19537.6
   19849.3
   20573.1
   21325.6
   21542.0
   21590.6
   21767.9
   21768.0
   21861.8
   22217.0
   22255.4
   22262.0
   22323.7
   22640.4
   22977.7
   22991.4
