     168.5
     365.7
     480.5
     555.7
     629.5
     681.2
     776.4
     896.3
     903.7
    1261.8
    1265.6
    1738.0
    2463.8
    2728.4
    2790.9
    3126.1
    3440.9
    3605.8
    4089.0
    4362.2
    4661.6
    4726.1
    6054.2
    6233.1
    7224.2
    7225.0
    7460.7
    7477.6
    7704.7
    7741.2
    7843.4
    7851.5
    8054.4
    8784.8
    8800.9
    8924.2
    9176.2
    9367.2
    9695.1
    9962.7
   10087.5
   10379.7
   11361.1
   11497.3
   11775.2
   11819.7
   11988.9
   12061.1
   12174.1
   12432.0
   12538.4
   12563.3
   12644.7
   12813.0
   13210.1
   13227.1
   13243.9
   13269.4
   13313.9
   13389.6
   13401.8
   13600.8
   13929.4
   14161.8
   14735.9
   15190.0
   15278.7
   15662.5
   16228.9
   16876.3
   16897.0
   17400.5
   17463.5
   17511.8
   17539.6
   17683.3
   17702.0
   18462.8
   18520.8
   19333.7
   20110.8
   20391.4
   20680.5
   20923.1
   21177.4
   21431.2
   21701.3
   21961.2
   22113.3
   22235.4
   22242.0
   22362.1
   22715.9
   22932.6
