     464.2
     577.3
     656.1
    1580.4
    1590.8
    1673.4
    1749.0
    2255.9
    2275.2
    2312.3
    2790.8
    2950.7
    2975.4
    3062.0
    3067.4
    3473.8
    3607.0
    3941.7
    3945.1
    4031.6
    4576.2
    4706.9
    4847.7
    5091.3
    5296.6
    5310.1
    5584.3
    5845.7
    5897.8
    5996.0
    6648.9
    6887.3
    7039.4
    7106.0
    7548.6
    7782.1
    8138.5
    8218.2
    8250.7
    8646.8
    8882.8
    9085.9
    9351.9
    9562.1
    9831.7
    9832.4
   10181.5
   10427.1
   10598.3
   10686.1
   10728.6
   11225.2
   11312.6
   11796.0
   12025.2
   12284.6
   12625.6
   12685.9
   12747.2
   12956.1
   14141.7
   14153.9
   14359.8
   14485.2
   14641.9
   14747.2
   14925.4
   15100.1
   15152.2
   15554.6
   15633.1
   15840.1
   15897.6
   16443.8
   16451.1
   16452.9
   16525.9
   16580.3
   16659.8
   17268.2
   18336.6
   18369.2
   18420.9
   18511.0
   18759.1
   19106.9
   19174.7
   19308.7
   19425.2
   19530.0
   19536.1
   20005.7
   20017.9
   20157.2
   20412.7
   20423.8
   20551.4
   20587.4
   20895.5
   20958.0
   21699.8
   21736.5
   21738.2
   21920.7
   22020.0
   22884.8
   22926.9
