     724.6
     736.9
     749.3
     752.4
     900.9
    1222.7
    1418.8
    1554.8
    1659.4
    1830.4
    1949.6
    2002.2
    2376.7
    2673.8
    2899.9
    2911.6
    2957.3
    3299.5
    3622.8
    3731.1
    3830.7
    4024.0
    4261.6
    4498.0
    4571.2
    4604.3
    4619.6
    5022.2
    5470.4
    5600.2
    5792.4
    5936.2
    6141.3
    6397.8
    6436.5
    6732.3
    6764.6
    7088.4
    7090.9
    7233.0
    7261.7
    7399.1
    7527.7
    7693.9
    7842.4
    8028.4
    8194.0
    8591.4
    8597.3
    8658.4
    8679.6
    8723.1
    8825.7
    9204.2
    9329.9
    9492.5
    9534.5
   10395.2
   10599.1
   11173.1
   11499.0
   11838.5
   11855.4
   12306.4
   12313.9
   12487.2
   12844.4
   12912.7
   12969.3
   13383.8
   13577.4
   13602.0
   13714.9
   13788.9
   13859.3
   13889.1
   13928.6
   13929.0
   14014.6
   14101.2
   14440.4
   14765.4
   14891.5
   14906.1
   14983.5
   14984.1
   15627.8
   15630.1
   15925.5
   16056.6
   16093.7
   16496.0
   16598.3
   16641.5
   16793.4
   16941.7
   16996.0
   17218.6
   17650.6
   17719.8
   17785.5
   17894.4
   18102.9
   18116.7
   18130.9
   18154.0
   18273.3
   18312.5
   18433.4
   18854.2
   18908.9
   19155.1
   19464.1
   19596.8
   19716.1
   19924.7
   20056.1
   20081.9
   20280.0
   20469.0
   20495.8
   20642.5
   20699.6
   20711.9
   20949.7
   21063.6
   21256.1
   21526.1
   21872.0
   22107.8
   22285.3
   22339.8
   22914.0
