      94.1
     397.4
     621.0
     679.2
     739.5
     780.1
    1544.6
    1963.7
    2056.9
    2319.4
    2734.6
    2745.5
    3326.5
    4004.7
    4287.7
    4463.1
    4826.6
    4918.0
    5172.8
    5989.8
    6143.7
    6356.0
    6366.1
    6579.7
    6649.9
    6676.2
    6919.8
    6920.0
    6940.7
    7061.9
    7377.0
    7514.2
    8335.8
    9045.6
    9237.7
    9802.6
    9830.4
   10386.4
   10408.0
   10916.8
   10930.0
   11143.8
   11438.1
   11547.8
   11568.6
   11664.1
   12155.4
   12303.0
   12314.5
   12388.6
   12585.8
   12673.2
   13293.4
   13339.4
   13401.0
   14018.0
   14042.7
   14380.5
   14553.4
   15414.2
   16293.0
   16333.5
   16414.3
   16418.3
   16607.4
   16813.7
   16991.3
   17185.0
   17230.6
   17274.4
   17929.6
   17961.9
   18233.8
   18470.9
   18993.6
   19449.2
   19457.6
   19688.2
   19733.3
   19767.8
   19839.2
   20137.5
   20888.0
   20937.4
   21256.5
   21723.7
   21771.3
   22138.0
   22180.3
   22197.9
   22227.6
   22379.2
   22657.3
