      84.7
     108.5
     774.6
    1124.9
    1204.1
    1321.1
    1329.8
    1342.3
    1498.9
    2130.0
    2185.5
    2336.4
    2613.0
    2689.8
    2773.5
    2840.9
    2913.5
    3372.0
    3472.8
    3484.0
    3509.0
    4012.4
    4096.4
    4163.9
    4290.7
    4388.1
    4553.9
    4555.0
    4590.0
    4599.2
    4614.6
    4865.9
    5237.0
    5342.3
    5778.2
    6533.4
    6712.9
    6727.6
    6785.7
    6991.5
    7022.9
    7166.2
    7488.6
    7626.3
    7706.8
    8324.2
    8348.4
    8614.6
    8774.4
    9039.5
    9281.5
   10168.3
   10207.2
   10359.8
   10361.6
   10394.0
   10448.4
   10463.6
   10471.1
   11006.7
   11047.5
   11050.8
   11340.1
   11405.1
   11788.3
   11856.3
   11921.0
   12164.2
   12172.1
   12276.4
   12290.2
   12455.3
   12789.1
   13045.4
   13103.8
   13156.3
   13231.3
   13285.4
   13311.5
   13475.0
   13475.7
   13574.4
   13681.0
   13743.8
   14019.1
   14474.0
   14903.4
   14960.2
   15033.5
   15216.8
   15396.3
   15646.5
   15867.4
   15978.0
   16758.7
   16935.7
   17243.7
   17258.0
   17282.7
   17337.8
   17506.4
   17584.4
   17658.3
   17727.2
   17891.2
   18447.4
   18931.7
   19021.8
   19024.2
   19138.5
   19418.4
   19708.6
   20359.7
   20800.1
   20800.8
   20964.8
   21069.9
   21109.1
   21118.4
   21284.4
   21593.3
   21751.5
   21859.0
   22112.9
   22202.4
   22761.7
   22858.4
