      16.8
      43.9
     104.1
     446.4
     627.2
     672.7
     982.8
    1212.7
    1454.4
    1592.6
    2016.2
    2063.8
    2077.5
    2436.9
    3099.1
    3181.6
    3193.9
    3385.3
    3468.1
    3486.3
    3729.7
    3805.4
    3858.8
    4004.8
    4276.8
    4371.8
    4560.5
    4713.0
    4749.0
    4804.9
    5022.4
    5377.4
    5396.0
    5716.5
    5789.2
    5875.1
    6189.9
    7118.5
    7335.6
    7365.0
    7773.2
    7924.0
    8031.0
    8259.1
    8305.1
    8638.2
    8973.0
    9417.9
    9539.9
    9700.8
    9818.3
    9864.8
    9895.4
   10468.3
   10505.5
   10842.2
   11049.0
   11078.6
   11493.7
   11714.9
   11903.4
   12052.5
   12255.1
   12394.0
   12687.0
   12962.2
   13000.6
   13070.1
   13137.8
   13164.2
   13229.3
   13299.0
   13438.1
   13844.0
   13937.9
   14142.6
   14197.2
   14657.6
   15400.4
   15791.3
   16123.8
   16376.2
   16378.2
   16584.1
   16987.1
   17164.1
   17587.6
   17595.8
   17681.9
   17687.9
   18051.2
   18118.3
   18359.2
   18717.7
   18891.1
   19209.6
   19270.9
   19841.8
   19946.7
   19957.1
   20067.3
   20246.8
   20439.3
   20656.0
   20891.5
   21060.8
   21186.9
   21368.9
   21399.2
   21528.8
   21536.9
   21556.5
   21681.8
   21719.6
   21833.3
   21935.7
   21974.3
   22136.3
   22498.2
   22746.4
   22846.5
   22971.5
