      17.3
     383.1
     472.6
     731.2
     824.6
     918.8
    1057.9
    1095.1
    1247.4
    1554.9
    2256.9
    2418.8
    2438.7
    2554.3
    3064.3
    3136.9
    3601.7
    3631.5
    3763.5
    3839.3
    3849.9
    4016.4
    4064.1
    4147.5
    4306.4
    4380.4
    4430.5
    4552.9
    4653.8
    4911.2
    5351.4
    5560.8
    5700.3
    6785.5
    6787.8
    6869.1
    7030.5
    7688.8
    7723.7
    8477.6
    8550.7
    8565.8
    8835.3
    8952.2
    9105.9
    9223.5
    9568.6
    9848.7
   10088.8
   10284.0
   10300.8
   10400.5
   10408.0
   10476.2
   10525.7
   10543.8
   10756.4
   11166.3
   11281.8
   11440.8
   11695.2
   11699.5
   11765.9
   11890.2
   12032.0
   12076.6
   12100.0
   12279.2
   12329.4
   12756.0
   13035.3
   13040.0
   13048.5
   13502.5
   13524.3
   13651.2
   13655.3
   13686.3
   13715.8
   13774.7
   13821.5
   14385.4
   14418.6
   14453.5
   14568.8
   14683.4
   15060.7
   15523.2
   16086.3
   16114.8
   16194.3
   16438.2
   16490.7
   16529.3
   16643.5
   17056.0
   17078.7
   17195.9
   17344.4
   17646.6
   17656.5
   17720.3
   17869.5
   18265.6
   18412.9
   18438.4
   18441.5
   18489.5
   18668.1
   18955.3
   19478.7
   19480.9
   19616.8
   19983.1
   20150.0
   20233.7
   21194.9
   21356.9
   21482.6
   21558.8
   21588.6
   22062.7
   22063.9
   22128.3
   22755.6
   22989.6
