     119.4
     159.0
     183.5
     292.1
     369.4
     468.9
     585.0
     766.2
    1105.7
    1178.2
    1587.6
    1655.6
    1762.1
    1805.6
    1883.3
    2129.6
    2204.4
    2339.3
    3108.2
    3155.6
    3336.2
    3696.6
    3819.3
    3954.0
    3962.6
    4430.2
    4630.5
    4719.5
    4750.8
    4974.1
    5016.5
    5602.6
    5688.2
    5696.3
    5764.1
    6279.4
    6392.6
    6393.0
    6400.8
    6605.5
    7305.2
    7308.1
    7353.8
    7432.1
    7495.6
    7816.9
    8093.6
    8383.3
    8408.4
    8451.3
    8507.6
    8573.1
    9123.8
    9167.8
    9664.3
    9802.5
    9825.4
   10074.8
   10273.7
   10379.6
   10525.2
   10781.6
   10911.9
   10957.5
   11244.7
   12094.1
   12270.0
   12349.1
   12646.4
   12693.1
   12753.4
   12759.8
   12810.6
   12858.0
   12955.9
   13123.1
   13140.9
   13520.7
   13573.8
   13717.5
   14038.0
   14222.7
   14340.1
   14708.5
   15109.3
   15190.5
   15325.9
   15352.0
   15403.1
   15763.8
   15823.0
   16067.6
   16142.8
   16161.2
   16373.0
   16518.9
   16750.1
   16800.1
   16964.3
   17492.5
   17778.0
   17939.3
   18409.2
   18418.0
   18729.8
   18821.5
   18875.8
   19006.8
   19057.9
   19095.3
   19107.4
   19191.5
   19777.7
   19908.3
   20620.8
   21331.4
   21331.5
   21728.9
   21774.6
   21833.0
   21855.2
   22006.3
   22175.7
   22522.0
   22820.8
   22902.3
