      14.9
     349.5
     980.7
    1446.2
    1865.6
    1909.7
    2028.8
    2258.0
    2288.6
    2353.9
    2367.0
    2577.0
    2922.8
    2961.0
    3145.5
    3186.4
    3191.7
    3467.8
    3504.7
    3579.2
    3762.7
    3961.2
    4427.7
    4589.5
    5190.6
    5393.5
    5504.0
    5566.5
    5598.5
    5628.6
    6014.2
    6069.6
    6652.5
    6723.7
    6887.5
    6977.7
    6982.0
    7035.4
    7522.3
    7547.5
    7768.0
    7997.1
    8395.3
    8520.9
    8896.6
    9156.1
    9172.3
    9467.5
    9497.4
    9538.6
    9560.9
    9619.2
    9729.9
    9850.8
    9970.3
   10077.5
   10154.4
   10245.3
   10397.0
   10529.4
   10564.5
   10681.8
   11068.3
   11074.5
   11169.9
   11819.0
   12201.0
   12272.3
   12324.1
   12546.7
   12736.9
   13126.8
   13896.1
   14446.1
   15076.8
   15179.4
   15272.1
   15448.1
   15472.9
   15477.8
   15932.7
   16308.5
   16383.1
   16422.6
   16784.4
   17223.0
   17385.3
   17532.2
   17834.9
   17930.5
   18183.4
   18298.8
   18575.5
   18653.8
   19083.8
   19150.2
   19203.4
   19670.7
   19872.0
   20017.2
   20076.2
   20470.2
   20772.4
   21398.1
   21417.1
   21844.7
   21861.1
   22159.4
   22178.3
   22384.3
   22728.3
