      12.6
      77.2
     349.0
     611.0
     658.6
    1086.7
    1162.3
    1615.7
    1649.0
    1854.4
    1916.2
    2121.4
    2225.5
    2460.3
    2498.5
    2556.5
    2707.1
    2735.3
    2805.9
    2879.2
    3198.8
    3392.8
    3419.3
    3512.9
    3691.1
    3890.4
    3984.0
    4348.5
    4358.0
    4688.4
    4789.8
    4980.8
    5108.9
    5183.4
    5352.4
    5781.5
    5920.4
    6725.5
    6915.5
    6922.6
    7307.6
    7314.4
    7369.4
    7588.3
    7713.0
    7832.7
    8008.8
    8502.5
    8911.0
    9271.1
    9317.6
    9846.9
    9976.8
   10058.6
   10440.1
   10559.0
   10613.8
   10704.6
   10848.0
   11120.4
   11169.2
   12239.8
   12418.3
   12572.5
   12792.3
   13265.7
   13707.0
   14151.1
   14232.8
   14679.3
   14699.3
   14730.0
   14925.6
   15437.6
   15575.0
   15725.6
   15779.5
   15907.5
   16108.9
   16751.2
   16937.0
   16946.6
   16997.8
   17028.2
   17119.4
   17152.9
   17397.4
   17635.4
   17685.0
   18261.0
   18411.5
   18435.2
   18468.3
   18470.9
   18486.7
   18562.0
   18718.6
   18793.6
   18934.4
   20228.2
   20432.9
   20491.6
   20498.9
   20529.6
   20759.1
   20762.8
   20878.0
   20935.9
   21062.0
   21839.0
   21846.1
   22275.9
   22382.8
   22668.6
   22803.6
