     181.6
     443.4
     734.7
     935.6
    1725.8
    1895.9
    2117.6
    2185.0
    2219.6
    2883.9
    3367.1
    3477.5
    3519.8
    4369.6
    4892.4
    4911.0
    5030.0
    5224.7
    5225.0
    5361.4
    5445.0
    5860.1
    5913.6
    6012.5
    6484.6
    6486.3
    6496.9
    6541.0
    7112.9
    7140.8
    7230.3
    7504.0
    8036.6
    8981.9
    9011.7
    9222.5
    9474.8
    9674.5
    9700.9
    9898.1
   10088.2
   10303.7
   10499.9
   10692.8
   10839.7
   11185.4
   11332.4
   11727.2
   11747.3
   12001.6
   12009.1
   12211.9
   12298.9
   12316.0
   12622.5
   13025.8
   13158.2
   13203.3
   13500.7
   13531.9
   13550.9
   14007.1
   14238.1
   14493.4
   14589.4
   14857.2
   15014.3
   15161.5
   15563.8
   16005.6
   16023.0
   16042.4
   16292.4
   16451.4
   16649.0
   16693.9
   16963.7
   17038.6
   17123.2
   17617.2
   17618.4
   17870.8
   18620.7
   18893.0
   19288.0
   19558.5
   19816.3
   20053.7
   20378.0
   20491.2
   20516.6
   20683.1
   21051.3
   21120.4
   21188.7
   21293.7
   21392.2
   21421.7
   21541.3
   21869.3
   21883.7
   21971.4
   22417.6
   22462.8
   22721.5
   22840.1
