     121.6
     311.8
     380.1
     393.1
     423.2
     451.5
     910.9
    1553.6
    1991.6
    2329.0
    2954.8
    3419.8
    4203.5
    4729.3
    4779.5
    4786.7
    4883.3
    4950.3
    5122.5
    5217.3
    5256.8
    5352.9
    5512.5
    5590.5
    5867.9
    6087.8
    6263.3
    6274.8
    7056.1
    7966.9
    8206.9
    8732.9
    8804.9
    8855.3
    8875.2
    9072.8
    9111.5
    9327.5
    9384.3
    9445.4
    9452.8
    9582.9
    9817.0
   10049.2
   10166.5
   10248.6
   10349.5
   10906.9
   11089.8
   11576.0
   11618.6
   11808.5
   11842.9
   11977.3
   11993.0
   12134.8
   12362.8
   12682.9
   13242.0
   13560.9
   14251.6
   14312.1
   14478.9
   14773.0
   15035.0
   15400.5
   15586.7
   15986.5
   16316.6
   16405.6
   16774.6
   16955.0
   16996.0
   17729.3
   18104.6
   18144.2
   18225.3
   18577.0
   18636.8
   18710.2
   18833.9
   18925.3
   19192.5
   19342.7
   19547.6
   19677.6
   19775.1
   19969.6
   20143.7
   20321.1
   20351.8
   20500.6
   20925.1
   20956.8
   20971.1
   21515.0
   21598.0
   21648.4
   21722.3
   21766.5
   21786.6
   22063.5
   22086.4
   22157.5
   22216.4
   22811.1
   22824.9
   22988.7
