     610.5
     964.8
    1002.6
    1106.9
    1680.3
    1783.7
    1848.9
    1978.4
    2445.3
    2612.6
    2723.6
    2839.9
    3059.8
    3195.7
    3330.9
    3454.6
    3643.2
    4256.6
    4413.0
    4430.1
    4534.0
    4732.8
    4893.0
    4900.4
    4952.9
    4965.6
    5130.8
    5560.5
    5693.0
    6180.6
    6418.2
    6496.7
    6534.4
    6568.1
    6805.6
    6876.3
    7027.3
    7146.0
    7270.9
    7286.6
    7465.1
    7864.7
    8499.0
    8746.3
    8997.9
    9090.5
    9243.6
    9605.1
    9613.8
    9881.8
    9975.2
   10164.3
   10271.5
   10322.9
   10445.1
   10614.0
   10775.9
   10897.9
   10905.6
   11597.9
   11688.0
   12159.3
   12197.3
   12327.9
   12443.5
   12670.3
   12783.9
   12872.3
   13499.5
   14135.7
   14193.5
   14736.5
   15063.0
   15325.3
   15397.6
   15465.7
   15492.0
   15550.3
   15598.3
   15684.7
   15735.4
   16050.7
   16189.9
   16245.6
   16369.0
   16626.9
   16687.9
   16819.6
   16861.9
   16883.7
   16949.5
   16989.7
   17063.2
   17401.5
   17545.0
   17673.3
   17895.7
   18095.1
   18153.3
   18189.4
   18379.4
   18433.6
   18577.1
   18635.0
   18969.1
   19267.3
   19685.9
   19876.5
   20045.9
   21279.4
   21308.4
   21891.0
   22288.6
   22387.6
   22411.0
   22549.6
   22983.2
