      85.7
     164.5
     288.2
     864.2
    1883.0
    2167.8
    2547.6
    2657.2
    3219.6
    3295.9
    3321.1
    3835.2
    3961.8
    4039.7
    4049.7
    4666.9
    4692.4
    5076.4
    6203.6
    6223.8
    6356.7
    6700.3
    6700.5
    7087.1
    7140.5
    7677.2
    8255.9
    8282.9
    8929.4
    9197.4
    9434.8
   10067.9
   10278.3
   10396.4
   10617.9
   10629.6
   10697.3
   11081.3
   11090.5
   11153.7
   11822.0
   12015.4
   12205.8
   12282.1
   12497.2
   12903.7
   13156.1
   13218.0
   13431.0
   13487.5
   13684.9
   14178.8
   14183.3
   14187.4
   14495.4
   14813.2
   15386.7
   15429.5
   16338.7
   16557.6
   16746.9
   16879.4
   16971.6
   17087.1
   17657.4
   17687.9
   18465.6
   18620.3
   18777.6
   18822.5
   18823.2
   18838.3
   18967.3
   19116.2
   19289.1
   19559.9
   19597.9
   19817.5
   19888.0
   19957.0
   19987.0
   20214.4
   20599.6
   20667.9
   20801.3
   21408.2
   21889.3
   22056.7
   22280.5
   22315.0
   22389.8
   22414.4
   22429.0
   22514.6
   22736.6
