     107.0
     192.7
     281.6
     498.1
    1043.4
    1182.4
    1296.6
    1490.5
    1583.1
    1608.0
    2466.4
    2597.1
    2751.1
    2844.1
    3170.5
    3459.5
    3491.9
    3932.2
    4586.5
    4706.6
    5012.7
    5062.6
    5195.4
    5601.6
    5638.6
    5899.7
    5912.5
    6004.4
    6188.0
    6235.8
    6579.5
    6625.5
    7114.7
    7117.7
    7252.0
    7489.2
    8274.5
    8375.8
    8528.9
    8744.0
    8863.3
    8888.0
    8979.3
    9041.3
    9175.5
    9273.2
    9524.5
    9652.1
    9840.0
    9950.7
    9981.0
   10194.3
   10674.5
   10743.8
   11226.7
   11320.5
   11557.7
   11714.5
   11791.8
   11842.6
   11898.3
   12494.9
   12498.9
   12535.3
   12754.3
   12891.5
   12900.2
   13074.1
   13541.6
   13629.0
   13914.6
   13992.7
   14003.9
   14021.8
   14033.9
   14233.3
   14450.8
   14553.7
   14892.7
   14957.6
   15228.4
   15344.5
   15603.5
   15690.3
   15936.5
   16362.6
   16385.2
   16394.6
   16567.3
   16834.0
   16854.8
   17373.8
   17511.7
   17756.1
   17779.9
   17995.5
   18814.6
   19315.6
   19468.5
   19641.5
   19652.5
   20407.9
   20441.7
   21083.3
   21119.0
   21316.4
   21896.0
   22185.4
   22395.4
   22493.5
   22500.9
   22669.6
   22676.5
