      62.2
      85.5
      93.0
     143.5
     432.1
     626.0
     829.7
    1147.5
    1700.6
    2111.2
    2159.0
    2228.0
    2328.9
    2368.5
    2607.3
    2680.9
    2723.6
    3172.7
    3297.9
    3361.1
    3419.5
    3564.5
    4375.6
    4535.3
    4611.1
    4616.2
    5095.5
    5290.1
    5459.4
    5579.4
    5904.9
    6175.2
    6416.6
    6603.7
    6791.3
    7263.9
    7309.9
    7372.8
    7382.0
    7394.8
    7451.8
    7636.8
    7783.5
    8107.7
    8200.2
    8297.9
    8525.2
    8596.7
    8794.1
    8803.5
    8866.4
    9019.2
    9110.1
    9259.5
    9313.0
    9327.2
    9492.5
    9709.6
    9866.7
    9878.6
   10076.5
   10511.8
   10642.4
   10648.3
   11589.5
   11635.9
   11887.6
   11952.9
   11982.4
   12455.4
   12475.2
   12872.1
   12874.5
   13057.5
   13158.3
   13316.3
   13520.6
   13801.9
   13874.2
   13945.0
   14388.2
   14866.8
   14910.1
   14963.2
   15029.0
   15128.7
   15664.1
   15709.8
   15954.3
   16243.5
   16279.2
   16308.6
   16574.6
   17910.8
   18038.5
   18288.5
   18341.1
   18383.7
   18473.1
   18879.9
   18915.5
   19356.5
   19378.0
   19851.3
   19957.6
   19978.2
   20364.3
   20528.6
   20560.4
   21098.1
   21405.7
   21417.4
   21550.6
   21612.9
   22121.9
   22211.6
   22312.0
   22480.9
   22934.9
