     116.0
     120.9
     198.2
     537.8
     850.1
    1624.8
    2279.4
    2473.3
    2638.0
    2823.1
    2890.2
    3899.5
    4137.9
    4198.7
    4513.8
    4629.0
    5153.7
    5192.7
    5686.7
    5864.0
    6250.0
    6425.4
    6467.1
    6907.4
    7042.8
    7467.2
    7733.1
    7877.2
    7937.5
    8198.4
    8339.4
    8480.3
    8831.8
    8907.7
    8967.1
    9350.5
    9387.9
    9666.9
    9818.9
    9819.4
    9900.1
   10014.8
   10184.5
   10347.6
   10439.1
   10633.4
   10662.9
   11535.6
   11547.2
   11548.0
   11629.1
   12363.9
   12399.4
   12410.4
   12651.7
   12793.9
   12871.0
   13253.5
   13412.2
   13479.2
   13886.7
   14221.9
   14312.0
   14603.8
   14665.1
   14844.4
   15186.3
   15229.1
   15330.8
   15415.8
   15592.7
   15689.5
   15788.0
   16526.5
   16720.1
   16721.3
   16772.4
   16868.6
   16873.6
   16945.6
   17068.2
   17136.5
   17548.1
   17767.2
   17787.5
   18747.8
   18954.2
   18957.3
   18960.2
   19370.5
   19621.7
   20010.9
   20353.1
   20583.6
   20587.3
   20928.6
   21302.0
   21558.2
   21830.0
   21909.8
   22114.5
   22846.8
