     151.6
     261.5
     276.1
     487.1
     557.9
     581.2
    1126.4
    1139.2
    1203.2
    1210.1
    1471.4
    2131.4
    2187.5
    2196.7
    2351.1
    2737.8
    2802.7
    2880.8
    3001.4
    3088.2
    3210.4
    3464.4
    3817.4
    3871.9
    4271.0
    4283.5
    4462.1
    4596.7
    4673.8
    4768.1
    5130.1
    5500.6
    5941.2
    6087.8
    6167.0
    6351.5
    6405.8
    6421.7
    6587.7
    6641.1
    6664.4
    6755.5
    6812.6
    6885.0
    7000.9
    7263.8
    7341.3
    7764.6
    7772.8
    7868.7
    8035.7
    8192.5
    8318.1
    8476.3
    8549.3
    8917.8
    9336.6
    9746.0
    9800.4
    9878.5
    9971.9
   10076.8
   10115.7
   10232.6
   10501.2
   10528.0
   10665.1
   10700.5
   10853.2
   11149.6
   11386.4
   11575.3
   11597.6
   11788.8
   11830.5
   12421.1
   12583.9
   12589.0
   12923.6
   12932.9
   12967.4
   13226.8
   13246.8
   13261.7
   13328.8
   13622.5
   13808.0
   14004.6
   14226.8
   14416.6
   14658.5
   14845.8
   14878.3
   14976.5
   15163.0
   15220.9
   15253.6
   15374.1
   15481.7
   15594.8
   15866.9
   15888.7
   16145.7
   16230.1
   16233.6
   16762.6
   16984.1
   17206.1
   17586.2
   17592.1
   18177.3
   18365.9
   18379.4
   18459.4
   18477.8
   18634.8
   18797.1
   19027.9
   19203.9
   19281.2
   19340.6
   19599.6
   19656.2
   19829.5
   19843.8
   19938.3
   20341.3
   20544.2
   21073.8
   21110.0
   21449.9
   21743.4
   21812.9
   21998.7
   22143.9
   22438.7
   22618.2
   22830.8
   22855.2
