     191.0
     316.9
     780.8
    1083.8
    1173.1
    1247.4
    1372.9
    1981.2
    2286.1
    2334.7
    2463.8
    3193.8
    3413.9
    3573.0
    3611.0
    3820.9
    3881.3
    3891.4
    3903.3
    3931.9
    3973.7
    4160.6
    4160.9
    4682.4
    4997.5
    4999.2
    5243.0
    5575.7
    5885.2
    6440.2
    6680.3
    7089.5
    7517.0
    7694.1
    8013.3
    8357.6
    8470.4
    8860.3
    8900.9
    9430.7
    9652.2
    9813.1
   10181.7
   10192.0
   10593.7
   10674.0
   10810.7
   10936.0
   11037.2
   11287.7
   11468.2
   11811.2
   11821.7
   12011.7
   12088.2
   12106.6
   12268.2
   12452.5
   12488.1
   12991.1
   12999.1
   13214.6
   13235.3
   13887.4
   14260.4
   14402.9
   14612.3
   14636.8
   14644.7
   14996.2
   15095.0
   15166.6
   15603.7
   16274.5
   16345.6
   16779.1
   16782.1
   16876.0
   16986.9
   17286.2
   17534.4
   17710.4
   17713.0
   17717.2
   18020.8
   18048.0
   18128.9
   18167.6
   18186.3
   18245.0
   18461.0
   18775.2
   18875.8
   19042.0
   19063.5
   19288.2
   19424.5
   19425.1
   19486.5
   19543.9
   19739.0
   19837.3
   20066.9
   20091.6
   20197.7
   20349.4
   20369.0
   20543.7
   20634.9
   20865.7
   20984.6
   21350.7
   21404.1
   21472.0
   22200.7
   22234.6
   22245.6
   22318.0
   22544.2
   22827.1
