      81.8
      82.2
     155.8
     272.6
     331.5
     509.5
     831.8
     837.7
     889.1
    1078.9
    1374.3
    1647.7
    1698.9
    1915.1
    1963.2
    2463.4
    2604.9
    2945.5
    2969.1
    3024.3
    3098.9
    3147.5
    3357.4
    3362.7
    3654.5
    3703.8
    3885.5
    3950.8
    3953.2
    4202.2
    4386.8
    4758.8
    4846.2
    4937.4
    4974.8
    5164.7
    5288.2
    5408.9
    5533.4
    5696.3
    6083.9
    6637.9
    6684.5
    6740.6
    6838.3
    7287.4
    7346.2
    7487.7
    7756.4
    7809.0
    8407.2
    8829.5
    8851.8
    9005.7
    9263.7
    9408.4
   10115.3
   10221.5
   10726.8
   11223.8
   11421.9
   11439.9
   11952.7
   11994.5
   12039.8
   12759.5
   12798.5
   13179.6
   13191.2
   13565.8
   13782.4
   13817.0
   13819.9
   14128.6
   14194.5
   14357.3
   14367.1
   14381.7
   14678.0
   15193.5
   15587.2
   15823.5
   16022.3
   16044.2
   16213.0
   16285.2
   16337.8
   16431.6
   16486.9
   16822.3
   17330.3
   17622.4
   17859.1
   18009.8
   18462.2
   18490.7
   18757.5
   18878.6
   19168.5
   19190.3
   19621.1
   19794.2
   19975.1
   20011.7
   20603.9
   20840.6
   21161.3
   21460.2
   21580.4
   22125.9
   22139.7
   22504.9
   22521.7
   22977.0
