      66.7
     160.4
     160.7
     492.9
     509.9
     631.9
     769.6
    1022.6
    1924.1
    1976.1
    1988.5
    2144.9
    2439.6
    2753.8
    2878.4
    2922.5
    2970.9
    3054.9
    3255.5
    3785.3
    3992.1
    4692.4
    5281.6
    5285.2
    5550.7
    5587.0
    5791.5
    5962.1
    6039.3
    6288.3
    6328.1
    6376.5
    6793.3
    6968.9
    6970.0
    7181.4
    7251.5
    7358.8
    7372.1
    7400.4
    7541.9
    7924.7
    8627.6
    8774.8
    8873.5
    9672.0
    9775.9
    9800.0
    9813.2
    9852.2
   10029.3
   10219.5
   10223.9
   10230.1
   10580.1
   10604.6
   10733.3
   10771.6
   10850.6
   10933.2
   11136.6
   11291.6
   11746.9
   11859.9
   11872.0
   11929.8
   12021.1
   12119.8
   12197.5
   12207.7
   12500.5
   12603.1
   12764.3
   12889.1
   13070.7
   14249.1
   14265.8
   14395.4
   14586.9
   14653.2
   14942.3
   15000.1
   15124.5
   15271.2
   15407.4
   15632.1
   15723.1
   16039.4
   16075.6
   16456.6
   16459.7
   16498.8
   16514.6
   16590.7
   16832.9
   17288.9
   17468.4
   17490.0
   17615.2
   17657.7
   17713.4
   17965.9
   18248.6
   18296.2
   18882.7
   18912.1
   19826.5
   19947.6
   20078.9
   20339.0
   20516.5
   20538.3
   20550.8
   20699.9
   20954.0
   21015.0
   21208.4
   21223.9
   21366.7
   21800.7
   22088.5
   22338.9
   22512.4
