     552.8
     818.7
    1005.4
    1324.4
    1507.0
    1773.9
    1974.0
    2130.7
    2135.0
    2196.8
    2533.5
    2717.8
    2961.8
    3021.0
    3042.3
    3076.8
    3109.5
    3256.2
    3370.2
    3586.8
    4130.3
    4681.8
    6003.3
    6065.3
    6096.5
    6261.6
    6520.7
    6807.7
    7001.9
    7193.6
    7396.6
    7399.9
    7448.5
    7631.0
    7658.2
    7922.1
    8342.7
    8529.9
    8583.6
    8940.0
    9030.7
    9157.7
    9325.1
    9500.1
    9850.3
    9868.0
    9938.2
   10039.5
   10102.8
   10425.1
   10801.0
   11515.4
   11593.0
   11751.8
   11760.0
   11854.9
   12183.8
   12326.1
   12361.4
   13095.4
   13713.8
   13722.2
   13767.8
   14008.8
   14086.3
   14287.7
   14316.0
   14467.4
   14709.2
   15467.4
   16423.2
   16468.7
   16536.0
   16553.2
   16626.0
   16860.9
   17087.2
   17621.6
   17627.0
   18002.9
   18438.7
   18442.8
   18561.3
   18917.8
   19083.3
   19182.3
   19596.5
   19702.6
   20185.4
   20415.7
   20423.7
   20559.9
   20745.1
   20976.0
   20978.3
   21183.2
   21785.3
   22012.6
   22015.4
   22590.3
   22686.0
   22708.7
   22820.6
   22831.6
