      10.2
     121.5
     757.4
    1185.9
    1351.1
    1472.3
    1646.4
    2106.2
    2191.4
    2461.5
    2861.7
    3029.6
    3082.8
    3177.6
    4019.2
    4295.3
    4408.4
    4411.1
    4759.0
    4884.1
    5145.9
    5433.8
    5444.4
    5465.4
    5631.9
    5644.2
    5655.1
    5659.1
    6077.2
    6743.5
    6879.4
    7357.9
    7422.6
    7442.6
    7571.7
    7576.9
    7748.0
    8301.1
    8468.0
    8694.0
    8857.2
    8898.2
    9004.4
    9279.6
    9347.4
    9411.7
    9518.9
    9534.1
    9696.2
    9848.3
    9905.7
   10124.4
   10821.4
   12198.7
   12212.0
   12323.8
   12663.3
   13160.8
   13227.2
   13251.0
   13732.4
   13933.1
   14033.1
   14055.9
   14768.4
   14780.8
   14838.5
   14916.2
   15490.3
   15610.6
   15632.0
   15736.9
   15979.0
   15987.5
   16279.5
   16432.2
   17018.0
   17021.8
   17060.8
   17237.6
   17237.9
   17301.3
   17388.0
   18124.0
   18462.4
   18877.7
   18924.7
   19003.6
   19319.0
   19403.9
   19520.9
   19629.8
   19950.6
   20004.7
   20005.6
   20277.0
   20354.0
   20452.8
   20706.2
   21023.0
   21152.7
   21194.2
   21257.5
   21342.9
   21746.6
   22325.2
   22367.9
   22382.8
   22479.6
   22491.8
   22753.8
   22906.8
   22990.1
