      12.3
     294.3
     783.0
     790.6
     901.6
     925.4
    1273.8
    2020.4
    2127.5
    2452.6
    3416.2
    3470.9
    3488.4
    3700.3
    4211.2
    4375.7
    4557.0
    4672.4
    4750.7
    5124.2
    5395.1
    5811.0
    5931.0
    6148.1
    6366.3
    6533.6
    6640.2
    7394.9
    7655.8
    7734.3
    7763.9
    8197.3
    8355.8
    8405.9
    9062.2
    9508.7
    9563.9
    9567.5
    9824.2
    9877.5
    9905.3
   10741.9
   10918.8
   11333.1
   11504.6
   11546.7
   11714.9
   11827.4
   12333.6
   12649.2
   13008.1
   13260.1
   13634.7
   14274.7
   14311.6
   14506.9
   14652.8
   14655.3
   14728.6
   14778.1
   14786.9
   14984.0
   15129.3
   15323.7
   15389.5
   15390.0
   15465.4
   15635.9
   15988.7
   16009.4
   16020.6
   16048.7
   16259.5
   16308.9
   16484.3
   17190.9
   18261.5
   18323.3
   18373.9
   18430.3
   18659.3
   18859.1
   19065.7
   19069.3
   19598.1
   20316.0
   20361.8
   21078.9
   21189.6
   21286.7
   21399.4
   21431.1
   21912.1
   22190.9
   22449.5
   22567.7
   22835.1
