      83.9
     163.5
     176.0
     354.9
     638.0
     720.9
     832.8
    1023.4
    1112.1
    1121.4
    1148.1
    1213.1
    2241.2
    2490.3
    2660.2
    2742.8
    2935.1
    3272.5
    3280.1
    3598.0
    3824.9
    4471.0
    4472.4
    4802.7
    5281.6
    5473.1
    5685.0
    5690.4
    5700.2
    5779.2
    5815.0
    6012.4
    6223.7
    6637.0
    7024.3
    7189.5
    7200.5
    7419.1
    7725.4
    7764.2
    7791.1
    9031.3
    9147.1
    9274.7
    9625.7
    9647.8
   10336.6
   10366.2
   10370.4
   10645.4
   10674.1
   10681.8
   10719.7
   10726.6
   10860.9
   11020.6
   11381.6
   11624.9
   11741.5
   12183.9
   12195.1
   12238.0
   12341.8
   12358.0
   12444.0
   12618.9
   12814.6
   12958.1
   12963.5
   12986.7
   12999.0
   13067.5
   13101.0
   13253.3
   13326.2
   13607.0
   14017.3
   14239.3
   14516.4
   14726.5
   14731.0
   14813.2
   14827.2
   14937.5
   15332.4
   15615.9
   15961.5
   16219.5
   16446.3
   16545.3
   16807.2
   16898.3
   17141.5
   17270.9
   17426.5
   17577.1
   17677.4
   17719.6
   18022.6
   18190.8
   18219.6
   18227.9
   18591.7
   18946.9
   18992.7
   19364.4
   19474.2
   19690.9
   19980.2
   20221.8
   20537.5
   20720.7
   20726.9
   20728.3
   20753.9
   20833.8
   20866.7
   20907.5
   21234.4
   21333.1
   21547.9
   21967.9
   22348.4
   22395.3
   22731.3
   22901.0
