      37.7
     561.6
     761.5
    1611.7
    1850.8
    1994.4
    2602.2
    2690.9
    2719.5
    3276.9
    3354.6
    3792.1
    3897.8
    3960.7
    4944.5
    5142.1
    5295.0
    5323.2
    5603.3
    5643.2
    5888.6
    6143.3
    6270.5
    6397.2
    6453.1
    6582.7
    6997.5
    7197.1
    7477.1
    7490.9
    7797.1
    7902.1
    8168.7
    8270.1
    8540.5
    8852.6
    9207.1
    9357.9
    9467.1
   10010.8
   10142.7
   10281.7
   10309.1
   10515.4
   10677.8
   10772.0
   10986.5
   11291.3
   11621.1
   11741.5
   11766.6
   11845.1
   12309.7
   12391.8
   12672.3
   12947.7
   13049.3
   13242.9
   13310.7
   13359.6
   13552.5
   13606.4
   13684.0
   14104.5
   14137.3
   14370.8
   14490.9
   14509.2
   14517.4
   15100.2
   15175.8
   15877.4
   15974.2
   16431.9
   16621.7
   16695.8
   16765.8
   17079.6
   17110.9
   17127.8
   17281.0
   17457.6
   17796.2
   18156.5
   18281.0
   18849.7
   18926.2
   18965.5
   19125.6
   19954.1
   20071.2
   20131.0
   20444.6
   20822.8
   21120.1
   21338.7
   21606.6
   21888.3
   21917.9
   22109.2
   22619.4
   22738.0
   22862.8
   22908.0
