     245.8
     347.6
     521.4
     937.8
     954.9
    1243.0
    1304.9
    1341.4
    1460.7
    1509.3
    1542.6
    1650.2
    1866.1
    2137.3
    2334.8
    2340.2
    2341.7
    2418.4
    2479.6
    2915.3
    3159.6
    3679.4
    3707.7
    4155.6
    4196.8
    4628.7
    4843.1
    4932.1
    5157.5
    5219.0
    5264.2
    5267.4
    5751.6
    5964.3
    6185.6
    6349.0
    6652.4
    6690.9
    6807.5
    6973.8
    7211.4
    7396.7
    7474.9
    7827.4
    7979.6
    8698.7
    8706.6
    8899.3
    9041.2
    9272.8
    9603.7
    9727.7
    9785.1
    9798.2
    9993.9
   10353.8
   10614.1
   10696.4
   10924.0
   11052.5
   11204.5
   11361.5
   11500.1
   11694.2
   11758.2
   11799.9
   11879.6
   12001.7
   12341.1
   12344.6
   12389.2
   12449.7
   12626.0
   12687.2
   13181.3
   13342.4
   13774.9
   13848.4
   14029.6
   14057.8
   14416.4
   14591.2
   15147.4
   15404.7
   15458.9
   15755.1
   15760.2
   16103.8
   16126.1
   16491.6
   16689.4
   16831.4
   16932.8
   17064.6
   17257.1
   17613.6
   17824.9
   17901.1
   18241.8
   18260.1
   18483.9
   18878.8
   19042.9
   19068.7
   19086.2
   19341.6
   19706.2
   19837.9
   19861.0
   19891.5
   19893.2
   19914.7
   19970.7
   20006.7
   20051.1
   20087.6
   20207.8
   20340.3
   20386.2
   20574.4
   20632.1
   20680.1
   20716.4
   21031.9
   21391.3
   21897.9
   22056.7
   22077.3
   22225.4
   22485.9
   22622.2
   22833.7
   22983.7
