     318.8
     945.5
     968.9
    1327.6
    1472.1
    1578.9
    1739.8
    2453.4
    2739.6
    2754.9
    2788.1
    2869.1
    2982.8
    3353.5
    3459.9
    3648.4
    3673.2
    3837.9
    4100.2
    4124.4
    4233.3
    4408.8
    4852.6
    4946.3
    5052.0
    5121.4
    5326.0
    5490.5
    5636.2
    5680.1
    5863.3
    5942.1
    6015.2
    6154.1
    6378.7
    6427.5
    6445.4
    6652.2
    6757.5
    6823.0
    6874.5
    7230.4
    7585.8
    7772.4
    8025.5
    8163.8
    8456.2
    8666.9
    9006.3
    9372.9
    9650.0
    9663.0
    9667.4
    9922.3
    9953.5
    9995.1
   10109.9
   10142.7
   10195.7
   10280.7
   10441.6
   10510.5
   10749.6
   10858.4
   11164.5
   11738.1
   11752.6
   11817.7
   11906.8
   12420.1
   12569.6
   13025.1
   13071.3
   13329.6
   14090.3
   14235.5
   14541.1
   15047.0
   15291.5
   15327.3
   15515.6
   15558.9
   15630.1
   15637.1
   15848.6
   15953.6
   16154.5
   16157.6
   16274.4
   16693.4
   16980.0
   17101.6
   17251.2
   17377.6
   17406.9
   17653.0
   17872.4
   17874.7
   17877.8
   18882.4
   19043.8
   19329.2
   19994.0
   20746.9
   20862.9
   20871.8
   21057.5
   21186.4
   21324.3
   21383.0
   21739.6
   22064.7
   22067.0
   22110.1
   22134.8
   22375.3
   22445.1
   22572.0
