       5.0
     335.3
     375.8
     385.7
     524.9
     786.9
     900.5
     922.9
    1047.4
    1085.5
    1105.3
    1289.9
    1831.4
    2560.7
    2878.2
    3461.6
    3511.3
    4047.9
    4189.1
    4340.4
    4445.8
    4711.4
    4718.4
    4919.7
    5094.2
    5217.4
    6258.5
    6922.3
    7078.4
    7094.8
    7299.0
    7436.3
    7493.8
    7606.5
    7706.6
    7942.7
    8016.0
    8766.3
    9315.0
    9646.1
   10036.5
   10427.7
   10470.5
   10472.5
   10513.1
   10536.9
   10565.6
   10669.2
   10702.1
   11021.0
   11491.0
   11560.4
   11662.3
   12222.6
   12510.8
   13266.1
   13483.1
   13593.0
   14026.7
   14365.6
   14514.2
   14670.4
   14939.5
   15090.7
   15123.2
   15405.7
   15563.4
   16306.4
   16338.6
   16436.5
   16553.1
   16613.4
   16996.9
   17665.9
   18447.6
   19121.5
   19206.4
   19359.1
   19671.9
   19724.0
   19887.1
   20111.8
   20242.2
   20406.2
   20577.9
   20765.1
   20825.1
   20878.9
   21084.4
   21420.0
   22079.9
