     229.7
     364.9
     934.1
    1259.4
    1404.1
    1806.5
    1817.9
    2091.6
    2775.4
    2822.0
    2914.4
    3140.7
    3306.3
    3773.8
    3908.1
    3953.7
    3998.9
    4281.0
    4418.5
    4600.0
    4645.6
    4764.8
    4806.9
    5155.9
    5535.0
    5606.0
    5871.8
    6010.2
    6047.6
    6065.6
    6088.2
    6187.1
    6233.2
    6378.0
    6392.6
    6415.6
    6627.7
    6716.2
    6740.0
    7145.4
    7202.0
    7409.1
    7531.2
    7548.5
    7717.4
    7732.5
    7775.3
    8123.7
    8212.6
    8328.9
    8475.8
    8621.8
    8856.7
    8951.6
    9472.5
    9510.1
    9518.0
    9644.5
    9796.2
   10023.9
   10206.8
   10280.8
   10335.3
   10548.1
   10983.8
   11063.4
   11865.5
   12103.9
   12215.1
   12362.3
   12454.1
   12656.5
   12814.0
   13065.1
   13138.4
   13242.3
   13247.9
   13254.6
   13270.7
   13365.2
   13612.0
   13854.5
   14002.8
   14252.8
   14442.5
   14932.3
   15204.7
   15244.9
   15454.6
   15478.6
   15581.0
   15931.2
   15977.5
   16155.8
   16258.0
   16413.7
   16859.6
   17021.4
   17189.1
   17303.4
   17359.4
   17581.4
   17778.3
   18264.6
   18279.3
   18318.5
   18458.5
   18706.4
   18999.7
   19021.1
   19158.1
   19934.4
   20391.2
   20557.0
   20731.5
   21004.0
   21073.0
   21203.8
   21341.4
   21419.1
   21567.6
   21589.8
   22134.2
   22255.3
   22265.4
   22338.0
   22390.0
   22468.2
   22706.8
   22975.4
