     123.3
     363.6
     457.2
     679.1
     994.5
    1119.0
    1335.8
    1569.7
    1603.6
    2027.9
    2185.0
    2277.4
    2469.5
    2650.1
    2965.3
    3209.0
    3275.4
    3506.2
    3557.7
    3574.7
    3575.3
    3792.2
    3884.0
    4018.9
    4044.6
    4389.1
    4527.9
    4569.7
    4599.8
    4732.6
    4813.3
    4865.3
    4947.1
    5248.5
    5663.3
    5881.5
    6003.2
    6155.8
    6223.8
    7257.1
    8101.5
    8248.2
    8565.0
    8608.2
    8838.7
    9013.3
    9544.3
    9573.7
    9757.0
    9895.0
    9994.8
   10213.1
   10269.0
   10293.3
   10620.5
   10649.1
   11255.1
   11369.9
   11505.3
   11653.5
   11714.2
   11907.0
   12013.6
   12065.4
   12158.1
   12180.1
   12216.5
   12241.1
   12608.1
   12624.9
   12713.4
   12811.2
   12872.8
   12916.4
   12934.8
   12955.3
   13292.3
   13311.6
   13602.0
   13705.9
   13867.5
   13887.3
   13930.5
   14154.3
   14207.6
   14267.0
   14274.4
   14814.1
   14870.4
   15197.0
   15450.3
   15593.0
   15933.5
   16068.4
   16342.1
   16413.5
   16445.4
   16477.0
   17156.4
   17569.1
   17858.4
   17908.4
   18107.8
   18432.4
   18602.0
   18707.5
   18810.2
   18859.1
   18886.0
   19151.7
   19684.3
   19790.4
   20006.6
   20449.2
   20571.5
   20829.6
   20909.5
   21668.5
   21899.3
   21906.9
   21924.7
   21985.6
   22062.2
   22098.4
   22216.7
   22273.2
   22346.7
   22350.2
   22617.6
