     568.9
     858.0
    1041.8
    1139.1
    1149.7
    1176.6
    1484.3
    1778.3
    1827.9
    1997.6
    2010.1
    2802.3
    3200.7
    3417.7
    3494.1
    3836.9
    4696.0
    4937.7
    5193.6
    5265.6
    5678.6
    5834.0
    6087.8
    6331.3
    6937.4
    7023.9
    7092.9
    7323.3
    7439.5
    7441.2
    8624.9
    8866.5
    9064.6
    9207.2
    9637.0
    9683.1
   10357.3
   10604.3
   10961.8
   11096.3
   11380.7
   11420.0
   11580.9
   11592.2
   11603.3
   11621.8
   11889.4
   12407.5
   12677.5
   13210.4
   13880.6
   14400.0
   14472.7
   15086.9
   15091.9
   15174.3
   15182.8
   15317.4
   15857.7
   16020.8
   16028.0
   16342.5
   16907.3
   17088.2
   17578.3
   17661.2
   17705.8
   17777.0
   18020.5
   18175.7
   18448.4
   18579.4
   18666.6
   19088.3
   19148.3
   19295.7
   19393.7
   19732.0
   19907.1
   20544.8
   21282.7
   21365.6
   21382.7
   21414.8
   21611.0
   21786.9
   21828.4
   21955.0
   22756.3
   22793.2
