     241.5
     621.2
     698.1
     889.3
    1008.0
    1042.3
    1218.9
    1638.3
    2219.6
    2272.8
    2274.5
    2284.8
    2678.9
    2943.4
    2975.7
    3193.0
    3343.4
    3760.3
    3775.8
    3894.7
    4000.0
    4011.5
    4127.5
    4921.6
    4929.5
    5296.5
    5473.6
    6197.1
    6203.1
    6221.5
    6711.5
    6819.6
    6889.9
    7083.7
    7356.1
    7561.4
    7759.2
    7892.3
    7892.6
    8001.9
    8086.0
    8161.0
    8268.4
    8700.0
    8872.2
    9025.3
    9525.2
    9674.8
    9849.6
    9871.4
    9879.6
    9903.8
   10488.6
   10706.4
   11943.3
   12042.1
   12103.3
   12171.8
   12181.0
   12242.4
   12370.6
   12470.0
   12490.7
   12557.7
   12564.5
   12839.6
   12926.9
   13023.5
   13470.5
   13788.8
   13854.1
   13873.8
   14223.7
   14226.4
   14302.0
   14391.3
   14682.2
   14827.5
   15168.4
   15170.7
   15242.5
   15365.9
   15603.4
   15886.8
   16290.2
   16310.2
   16380.5
   16475.4
   16554.4
   16642.8
   17117.5
   17136.9
   17230.2
   17769.6
   18003.8
   18392.2
   18904.0
   18911.3
   18965.6
   19151.8
   19200.9
   19409.4
   19577.6
   20031.0
   20058.4
   20642.0
   20768.7
   20990.0
   21057.6
   21231.6
   21754.1
   21783.3
   22114.6
   22402.6
   22403.9
   22432.5
   22765.4
