     440.5
     622.6
     717.1
     823.5
     832.4
     876.2
     910.6
    1566.9
    2286.5
    2567.5
    2769.6
    3072.5
    3084.4
    3128.0
    3132.3
    3174.2
    3263.5
    3462.3
    3533.5
    3956.7
    4317.2
    4541.5
    4563.7
    4696.1
    5197.8
    5209.2
    5348.5
    5481.3
    5582.3
    5643.7
    5709.6
    6118.0
    6122.1
    6142.9
    6273.7
    6367.5
    6629.6
    6637.5
    6926.6
    6946.1
    6952.5
    7077.2
    7198.9
    7251.4
    7538.9
    7725.2
    8042.6
    8068.6
    8218.5
    8717.7
    8863.0
    8920.2
    8926.3
    8933.3
    8971.1
    9091.6
    9249.9
    9631.3
   10121.9
   10185.2
   10403.3
   10633.6
   10765.0
   10783.5
   10902.9
   10982.8
   11170.6
   11357.5
   11518.2
   11607.7
   11664.6
   12017.3
   12055.2
   12172.8
   12451.9
   12813.6
   12855.6
   13116.7
   13184.8
   13885.4
   14093.5
   15098.5
   15318.1
   15578.5
   15916.7
   15990.3
   16324.2
   16341.5
   16375.1
   16628.1
   16721.4
   16784.2
   16870.5
   16915.7
   16947.1
   17023.2
   17054.7
   17294.4
   17458.6
   17892.2
   18083.4
   18130.3
   18137.7
   18333.3
   18526.7
   18598.6
   18611.2
   18742.0
   19049.1
   19114.8
   19482.0
   19774.4
   19948.0
   20146.3
   20202.5
   20656.4
   20815.1
   20967.0
   21096.4
   21208.7
   21352.4
   21358.3
   22054.6
   22272.1
   22608.4
   22702.2
   22934.4
