      62.6
      92.0
     481.6
     538.4
     637.1
     827.5
     831.1
    1538.0
    1586.0
    1655.1
    2885.3
    3158.2
    3189.7
    3206.3
    3522.4
    3546.5
    3980.8
    4103.6
    4387.3
    4527.4
    4537.2
    4567.6
    4711.7
    4790.4
    4805.0
    4809.1
    5133.7
    5277.8
    5799.8
    6147.8
    6444.1
    8303.9
    8616.6
    8655.6
    9799.0
   10021.8
   10028.0
   10048.6
   10061.5
   10246.1
   10904.2
   11051.6
   11187.3
   11731.5
   12303.4
   12429.1
   12628.9
   12792.6
   12812.6
   12851.0
   13027.9
   13267.9
   13342.5
   13377.9
   13394.2
   13451.0
   13559.1
   13938.9
   13955.6
   14084.1
   14338.2
   14342.9
   14540.6
   14913.6
   15510.4
   15782.3
   16082.6
   16678.7
   16918.3
   17128.1
   17551.4
   17600.7
   17934.1
   18026.8
   18317.5
   18550.7
   18580.5
   18633.3
   18909.1
   18940.9
   19049.8
   19272.5
   19334.4
   19469.9
   19531.6
   19779.8
   19850.0
   19991.5
   20049.8
   20220.8
   20434.6
   20442.9
   20677.0
   20870.1
   21097.2
   21133.4
   21325.2
   21411.6
   21532.2
   21605.7
   21610.5
   21673.6
   21726.4
   21967.5
   22033.4
   22038.6
   22440.7
   22488.4
   22718.8
