     519.7
     593.9
     642.5
     894.2
    1652.4
    1741.0
    1741.6
    2148.8
    2896.2
    3108.6
    3306.7
    3399.9
    3440.2
    3451.3
    3579.1
    4297.9
    4785.0
    5442.4
    5641.0
    5674.9
    5986.4
    6083.0
    6323.0
    7764.8
    7874.6
    8107.1
    8127.0
    8356.6
    8392.4
    8470.4
    8600.5
    8800.9
    8972.9
    9096.5
    9331.0
    9448.7
    9568.6
    9821.3
    9920.6
   10094.0
   10130.1
   10145.6
   10987.4
   11412.9
   11438.7
   11481.8
   11519.6
   11758.6
   11849.0
   12248.1
   12370.3
   12731.0
   13000.6
   13094.8
   13243.2
   13469.1
   13664.5
   13687.6
   13869.3
   13897.7
   13931.2
   13948.7
   14043.4
   14311.7
   14749.1
   14803.0
   15320.5
   15652.0
   15884.9
   15909.0
   15950.9
   15978.3
   16099.0
   16125.1
   16439.7
   16470.9
   16690.2
   16808.4
   16892.5
   16922.3
   16937.9
   17628.3
   18051.4
   18276.8
   18546.1
   18784.4
   18868.4
   19051.4
   19411.0
   19789.6
   20209.2
   20585.4
   20835.1
   20853.4
   20935.0
   20975.5
   21082.3
   21578.2
   21717.0
   21827.5
   21952.6
   22691.5
   22815.9
   22852.4
   22962.7
   22980.6
