     199.2
     233.3
     328.8
     534.3
     674.5
    1166.4
    1432.1
    1639.6
    1761.1
    2108.2
    2396.0
    2771.6
    3072.1
    3290.5
    3601.5
    3680.8
    4039.6
    4048.5
    4085.9
    4302.5
    4381.7
    4549.8
    4626.2
    4816.3
    4889.7
    4959.2
    5251.8
    5446.8
    5494.4
    5679.8
    5797.9
    5861.2
    6117.5
    6309.2
    6756.9
    6845.1
    6866.2
    6881.5
    7274.6
    7475.2
    7477.4
    7514.3
    7788.5
    8037.5
    8173.9
    8353.2
    8662.8
    8807.0
    8807.4
    8872.1
    8916.5
    8947.7
    9192.0
    9669.9
   10064.5
   10267.2
   10640.2
   10671.6
   10771.6
   10800.0
   11005.9
   11040.9
   11189.5
   11224.7
   11293.9
   11475.7
   12448.8
   12556.6
   12849.9
   13232.7
   13634.1
   13746.7
   13793.2
   14031.1
   14102.0
   14160.9
   14285.4
   14629.6
   14641.2
   14807.4
   14878.2
   15042.4
   15637.8
   15919.8
   15993.2
   16000.9
   16052.6
   16383.3
   16408.3
   16577.6
   16943.9
   17372.4
   17442.0
   17701.9
   17736.8
   18419.9
   18909.9
   19188.4
   19205.1
   19693.4
   20643.4
   20783.0
   20974.0
   21252.7
   21346.6
   21463.8
   21581.2
   21781.9
   21960.2
   21973.4
   22456.3
   22618.0
   22680.8
   22759.2
   22789.5
