     121.2
     198.9
     426.6
     567.9
     696.9
     787.3
     931.3
    1274.2
    1558.7
    1724.2
    1814.3
    1892.9
    2732.9
    2810.9
    2995.1
    3047.7
    3241.6
    3364.9
    3670.9
    4104.1
    4499.2
    4737.6
    4744.7
    5279.3
    5942.7
    6134.4
    6169.9
    6715.2
    6751.7
    6917.6
    7072.8
    7180.3
    7339.1
    7367.5
    7423.5
    7865.2
    8016.4
    8040.0
    8263.7
    8516.4
    8661.1
    9032.5
    9328.4
    9442.9
    9568.7
    9580.5
    9703.3
   10162.9
   10243.7
   10263.4
   10516.0
   10603.5
   10691.0
   10832.8
   11557.7
   11681.1
   11964.2
   12138.1
   12251.9
   12394.3
   13645.0
   13675.7
   13780.7
   13829.9
   13955.8
   14059.2
   14109.5
   14330.1
   14818.0
   16108.1
   16189.4
   16558.3
   16648.5
   16718.9
   17039.7
   17097.7
   17219.4
   17244.1
   17364.0
   17477.9
   17502.8
   17610.8
   17940.0
   18113.1
   18197.8
   18372.5
   18883.9
   18964.2
   19111.8
   19629.4
   19699.0
   19930.4
   20180.0
   20231.7
   20457.2
   20564.4
   21008.2
   21197.1
   21686.5
   21733.2
   21738.9
   21782.0
   21834.0
   21973.4
   22334.8
   22564.8
   22617.9
   22984.7
