     126.9
     215.2
    1057.5
    1679.9
    1896.1
    1925.9
    2252.5
    2271.2
    2300.3
    3195.7
    3227.6
    3298.6
    3788.3
    5070.5
    5412.9
    5622.7
    6011.5
    6318.1
    6322.8
    6509.8
    6771.7
    6782.2
    7139.7
    7805.3
    8292.1
    8341.4
    8438.2
    8762.0
    8963.5
    9026.2
    9113.1
    9286.9
    9368.3
    9489.7
    9508.2
    9532.4
    9944.2
   10344.6
   10536.4
   10732.0
   10985.0
   10987.2
   11577.0
   11674.7
   11806.3
   12179.3
   12264.3
   12438.5
   12671.0
   12814.8
   13099.5
   13380.5
   13488.0
   13659.1
   13687.3
   14163.8
   14242.7
   14553.7
   14598.6
   14675.6
   14709.1
   14715.6
   15329.4
   15337.7
   16016.0
   16215.4
   16473.6
   17055.3
   17291.3
   17311.8
   17542.2
   17723.6
   17725.2
   17765.6
   18340.6
   18408.3
   18892.6
   19221.5
   19408.6
   19857.5
   19891.0
   19953.4
   20157.8
   20295.5
   20369.4
   21034.2
   21182.8
   21635.5
   21744.3
   22353.6
   22408.9
   22574.6
   22897.7
   22949.2
