     362.0
    1150.1
    1483.9
    1509.2
    1831.5
    1981.1
    2484.1
    2554.5
    2758.5
    2928.3
    3065.6
    3359.8
    3390.8
    3697.4
    3706.5
    3998.1
    4173.4
    4207.0
    4337.8
    4859.2
    5002.6
    5451.0
    5594.8
    5748.3
    5885.5
    6269.1
    6273.8
    6507.8
    6548.1
    6717.2
    7028.6
    7031.2
    7201.3
    7262.9
    7507.5
    7508.8
    7548.1
    7575.3
    7584.8
    8346.0
    8537.8
    8916.2
    9015.0
    9907.2
    9920.1
   10019.9
   10348.7
   10373.1
   10631.0
   10796.5
   11067.6
   11408.3
   11438.6
   11439.8
   11570.1
   11718.2
   11740.5
   12737.4
   12801.2
   13170.6
   13233.9
   13294.4
   13389.5
   13561.9
   13587.0
   13588.1
   13695.4
   13884.5
   14380.7
   14406.8
   14505.8
   15058.3
   15215.2
   15602.7
   15619.7
   15688.6
   15886.0
   15906.4
   15918.9
   16767.0
   17228.0
   17261.8
   17431.0
   17485.9
   17509.5
   18075.9
   18105.7
   18417.3
   18533.0
   19305.4
   19466.2
   19589.1
   20107.2
   20322.2
   20499.2
   20816.7
   20914.6
   21077.8
   21130.0
   21244.8
   21427.3
   21638.2
   21820.8
   22871.1
   22947.3
