     285.2
     307.9
    1159.6
    1364.0
    1515.6
    1721.1
    2077.5
    2543.1
    2824.7
    2826.8
    3013.7
    3225.8
    3286.4
    3493.2
    3502.2
    3572.0
    3818.5
    3894.6
    4097.6
    4563.6
    4734.7
    4983.3
    4986.1
    4995.3
    5000.5
    5226.2
    5567.0
    5911.3
    6363.6
    6512.8
    6596.9
    6966.2
    7157.7
    7480.5
    7506.4
    7665.1
    7735.9
    7972.3
    8190.9
    8424.4
    8483.1
    8619.6
    8731.0
    8815.6
    9274.7
    9676.5
    9987.0
   10056.3
   10535.9
   10643.0
   10664.7
   10806.1
   10859.8
   11125.9
   11130.3
   11143.5
   11337.4
   11488.4
   11817.6
   11876.8
   12064.5
   12118.9
   12174.0
   12203.6
   12355.8
   12451.3
   12773.8
   13143.7
   13296.5
   13514.0
   13692.7
   13941.5
   14107.7
   14180.1
   14257.8
   14426.0
   14513.5
   14758.4
   14983.5
   15005.6
   15776.5
   16264.9
   16453.5
   16616.0
   16673.3
   16706.9
   16840.2
   16879.0
   16953.3
   17022.4
   17276.4
   17705.2
   18153.0
   18374.6
   18385.8
   18427.5
   18684.2
   18757.3
   19113.3
   19127.2
   19132.9
   19228.8
   19252.9
   20192.2
   20233.8
   20948.3
   21559.0
   21614.6
   21632.5
   21740.3
   21814.3
   21822.5
   21985.8
   22270.4
   22351.8
   22557.7
   22741.0
   22894.2
