     818.6
     874.5
    1006.2
    1068.3
    1255.2
    1390.7
    2296.6
    2859.9
    3073.5
    3095.5
    3167.3
    3188.9
    3279.0
    3412.3
    3431.2
    3438.8
    3670.5
    4040.1
    4091.9
    4428.2
    4496.3
    4505.7
    4737.9
    4858.3
    5084.1
    5670.5
    6312.8
    6457.0
    6640.5
    6665.7
    6725.2
    6785.3
    6804.6
    7201.9
    7207.6
    7453.7
    7681.6
    8302.9
    8823.0
    8835.1
    9285.8
    9558.4
    9684.2
   10128.3
   10532.6
   10536.3
   10600.6
   10792.8
   11074.8
   11476.3
   11785.8
   11911.6
   11921.5
   11951.2
   12043.9
   12246.8
   12446.3
   12556.5
   12836.1
   12961.2
   13111.0
   13362.6
   13542.5
   14305.0
   14515.8
   15168.1
   15357.0
   15411.2
   15425.6
   15457.9
   15513.1
   15519.7
   15871.7
   16081.1
   16283.7
   16331.7
   16506.3
   16584.2
   16616.6
   16683.9
   16761.3
   17103.1
   17139.7
   17436.2
   17475.3
   17573.2
   17715.3
   17826.8
   18124.9
   18272.4
   18567.0
   18648.7
   19167.9
   19209.7
   19743.0
   20003.9
   20165.9
   20203.0
   20235.3
   20293.1
   20380.8
   20553.9
   20723.0
   20836.0
   20850.6
   21230.2
   21636.6
   21908.2
   22116.4
   22119.2
   22129.3
   22353.5
   22432.0
   22608.1
