     105.8
     285.1
    1050.1
    1112.6
    1325.9
    1448.6
    1652.1
    1747.5
    1873.5
    2132.4
    2210.6
    2253.1
    2698.5
    2718.6
    3012.0
    3099.6
    3385.5
    3493.8
    3599.2
    3801.4
    3932.2
    4035.8
    4196.2
    4417.0
    4828.1
    4835.0
    4842.1
    5287.4
    5511.2
    5797.8
    5842.4
    5900.2
    6160.0
    6162.3
    6184.4
    6316.0
    7367.4
    7897.5
    8159.1
    8253.6
    8272.7
    8419.9
    8479.5
    8627.0
    8725.7
    8726.8
    8749.6
    8839.8
    9047.9
    9234.3
    9279.0
    9418.5
    9908.8
   10015.7
   10046.4
   10580.4
   10656.9
   10828.1
   11235.9
   11269.9
   11321.2
   11544.6
   11597.7
   11927.5
   11977.2
   11978.9
   12098.6
   12140.6
   12178.8
   12509.2
   12603.9
   12621.8
   12627.6
   12718.9
   13649.5
   14051.4
   14265.4
   14279.3
   14342.0
   14431.4
   14820.2
   14974.4
   15644.5
   15844.3
   15866.8
   16237.1
   16247.3
   16348.1
   16691.8
   16754.8
   16846.9
   17145.2
   17212.2
   17329.0
   17331.3
   17332.2
   17409.7
   18131.4
   18667.2
   19000.5
   19293.1
   19298.8
   19492.8
   19508.3
   19589.9
   19612.3
   19682.2
   19699.8
   19821.7
   19887.9
   20006.8
   20150.1
   20248.4
   20282.6
   20332.9
   20532.3
   20931.4
   21987.7
   22124.6
   22199.5
   22227.0
   22275.8
   22698.8
   22760.5
   22821.6
   22939.0
