      32.6
      66.7
     100.6
     375.3
     437.2
     517.7
     878.6
    1233.8
    1283.9
    1505.3
    1608.7
    1764.7
    1908.6
    1945.6
    1997.1
    2165.0
    2281.8
    2374.2
    2515.6
    2735.5
    2810.0
    2952.7
    3217.2
    3373.2
    3524.4
    3550.2
    3650.7
    3693.6
    3768.3
    4210.2
    4227.7
    4486.6
    4678.6
    4700.8
    4725.4
    5131.8
    5166.0
    5642.7
    5886.4
    5969.7
    6140.3
    6227.3
    6754.7
    7556.4
    7698.5
    7764.5
    8203.2
    8375.8
    8445.1
    8792.5
    9407.9
    9652.1
    9718.8
   10203.0
   10222.9
   10223.0
   10295.1
   11084.5
   11528.1
   11644.5
   11797.3
   11994.6
   12233.9
   12300.8
   12663.6
   12844.7
   14096.8
   14197.3
   14213.4
   14423.4
   14455.4
   15038.6
   15042.7
   15320.6
   15445.0
   15596.8
   15618.6
   15893.3
   16034.8
   16040.8
   16157.3
   16451.6
   16581.7
   16763.9
   16765.9
   17349.8
   17848.3
   17934.8
   18297.4
   19035.8
   19234.9
   19260.4
   19321.0
   19436.9
   19442.2
   19651.4
   19856.7
   19868.1
   20147.6
   20274.2
   20330.4
   20433.7
   20527.9
   20675.8
   20726.3
   21307.3
   21797.8
   21827.4
   22584.7
   22859.1
   22923.4
