      64.9
     445.2
     581.9
     930.7
    1025.4
    1378.6
    1557.5
    1621.5
    2325.9
    2759.4
    2906.2
    3033.1
    3088.9
    3287.4
    3328.0
    3465.7
    3504.9
    3519.0
    3531.9
    3947.1
    4026.9
    4455.5
    4666.2
    5050.4
    5135.0
    5238.5
    5373.8
    5720.2
    6056.0
    6075.9
    6541.5
    6841.0
    6876.4
    6984.1
    7129.4
    7285.1
    7480.9
    7565.4
    7782.7
    8094.3
    8154.0
    8344.7
    8478.4
    9282.5
    9297.4
    9322.6
    9323.4
    9417.8
    9846.3
    9874.4
   10524.0
   10682.6
   10721.2
   10730.1
   10812.7
   10872.4
   10917.0
   10941.2
   11002.1
   11086.6
   11656.8
   11678.0
   11729.4
   11996.0
   12223.8
   12364.6
   12771.3
   13244.2
   13614.5
   13640.3
   13728.0
   13881.2
   13955.4
   14311.1
   14517.7
   14946.9
   14951.0
   15051.4
   15164.8
   15564.5
   15650.1
   15894.2
   16021.6
   16246.0
   16708.5
   16904.5
   16969.1
   17239.9
   17292.6
   17369.3
   17380.9
   18430.6
   18625.6
   18715.0
   19048.2
   19117.5
   19121.4
   19161.9
   19623.5
   19805.1
   19821.7
   19930.8
   19990.8
   20006.5
   20051.0
   20054.3
   20452.8
   20518.6
   20585.9
   20691.4
   20886.6
   20966.6
   20972.1
   21301.8
   21532.1
   21763.1
   21926.4
   21997.5
   22038.0
   22086.9
   22190.8
   22225.6
   22479.8
   22622.0
   22709.0
   22738.4
   22935.6
