     246.6
     289.1
     439.4
     730.1
    1235.8
    1888.0
    2084.9
    2460.0
    2616.7
    2714.7
    2826.6
    2926.3
    3136.1
    3524.4
    3687.6
    3736.9
    4063.0
    4204.8
    4396.1
    4399.4
    4469.2
    4580.9
    4870.1
    5003.6
    5357.3
    5381.5
    5412.4
    5446.8
    5658.7
    5714.9
    5804.0
    6058.0
    6084.0
    6225.7
    6586.6
    6867.1
    6973.3
    6983.0
    7284.6
    7294.6
    7330.6
    7930.8
    8141.8
    8219.7
    8395.2
    8799.1
    8948.7
    9017.0
    9841.6
   10135.4
   10135.5
   10159.6
   10238.5
   10298.0
   10535.1
   11040.3
   11241.4
   11267.4
   11354.2
   11550.8
   11801.4
   11866.2
   11884.8
   11892.2
   11925.0
   11970.6
   12054.4
   12072.7
   12189.1
   12208.0
   12403.7
   12557.8
   12597.3
   12853.4
   13085.2
   13181.5
   14149.6
   14191.9
   14570.1
   14613.0
   14719.2
   14826.0
   14831.9
   14846.0
   15297.6
   15458.3
   15530.1
   15605.5
   15607.8
   15652.5
   15861.8
   16023.1
   16043.0
   16131.6
   16141.9
   16151.6
   16530.2
   16628.0
   16672.6
   16695.8
   16876.3
   17484.3
   17511.4
   17555.7
   17612.4
   17681.3
   17956.0
   18454.7
   18585.7
   18617.2
   18800.2
   18815.0
   19643.1
   20100.3
   20266.7
   20599.4
   20733.7
   20788.4
   20803.0
   21069.9
   21405.5
   21458.1
   21709.6
   21759.1
   22043.0
   22122.8
   22318.1
   22356.7
